6002659.373115,54,3710637.449204,80,3668971.524021,34,3546210.160824,53,1873320.107313,55,1854245.143449,52,1376119.024402,79,1097636.183735,51,1074841.214364,57,1029300.839014,81,993425.232416,50,830184.097964,20,759205.830179,56,709437.473838,78,704373.4983,67,640812.90902,17,634176.417622,82,631471.559647,18,614831.864451,46,599805.213619,36,585528.210729,48,552830.954335,21,539603.103844,71,536240.861872,60,526119.073793,47,515353.630518,77,480056.947804,45,467181.548564,59,466371.819814,44,445991.559398,159,435908.677608,33,430017.111724,62,piano
7018098.17685,80,3010608.536766,79,2976368.200467,81,2518413.421358,34,1928747.719963,67,1798079.768169,20,1540380.060737,21,1526401.631784,78,1444125.205283,40,1191090.678818,27,986325.938725,100,974631.966663,19,847595.91098,41,839169.649181,76,783941.064052,22,766110.352014,159,755983.871087,18,754429.734301,157,726194.10161,68,706367.683069,17,693207.790517,39,628839.962319,160,595790.253142,82,587645.010719,77,528632.664004,161,515669.748803,11,512249.652232,158,472413.219692,26,454627.080128,38,450188.122629,151,430140.003777,35,423587.8448,60,flute
4958168.634735,53,4711623.102057,54,3640907.766235,27,3323299.441042,60,2369069.327583,105,1831926.17238,94,1735043.967557,95,1424583.409895,107,1217624.330523,55,1136887.348779,28,1089129.2637,26,1033528.829912,59,989630.081855,25,985704.313514,106,805906.613447,20,776423.684726,12,752033.83556,24,732524.466181,93,723928.859442,22,722485.385359,212,709155.817945,23,650167.10843,61,602409.881963,21,586950.691299,29,585670.395604,19,546664.551399,96,524525.847252,109,509325.565469,39,464824.577044,88,461637.126737,108,459293.799274,48,434535.358699,58,piano
4128959.480191,16,3824276.713232,150,3377367.347872,151,2607292.059758,12,2372644.563943,152,2237111.508729,30,1944990.635585,89,1912979.620301,153,1814100.825643,15,1404448.675603,149,1275596.79151,154,1238457.39285,17,1236877.755773,23,1208848.885398,31,1188594.705116,136,1064774.887332,67,1057250.85704,45,949453.774023,18,929896.060406,90,927490.404962,133,809664.148375,134,802242.110141,156,741726.142071,38,725988.923057,88,689918.703379,34,671688.994392,135,624926.782778,155,612342.881119,75,590410.154933,29,589977.081924,14,557149.789867,97,504897.31984,161,flute
6227148.283538,17,6106329.589228,16,2553565.728904,18,1659848.313116,32,1659245.457418,15,1631003.813193,21,1484952.933054,14,1448588.368876,19,1292744.479993,31,1165340.144849,12,1072890.796201,11,835211.755062,33,605435.791869,13,558723.669484,22,497688.565248,28,468750.140521,26,435721.34693,29,401529.382462,63,368810.872275,34,336574.75254,36,328557.615394,25,324870.827822,35,307080.816455,27,258851.162766,30,221303.722837,126,220737.316442,64,198613.554724,94,192737.258444,77,188284.458078,125,174449.59154,24,172252.215097,110,170282.888036,47,AG
7247663.204922,34,5965498.945606,33,1964611.389084,32,1496825.696384,35,1440666.959685,27,1090312.839306,36,955736.913509,31,876764.147898,67,816918.876216,30,728533.445642,37,698472.999668,38,680013.825644,29,532200.285387,28,517585.599308,66,474231.693793,39,397625.310121,40,380294.71144,41,327205.714809,25,326165.587134,26,318733.385907,79,307609.395285,24,297562.218776,22,288673.969868,65,278734.17079,42,276091.014062,45,270960.567465,43,241099.026647,44,232562.119865,100,219492.349695,20,208675.549454,19,208044.749364,17,207768.552491,46,tuba
5691295.669242,17,4970008.868303,11,3752022.351094,16,2827027.576421,33,2745612.850931,14,1516010.058496,19,1355072.789172,15,1218872.136551,21,1125481.800806,12,1055118.995807,32,1049015.290668,20,913717.296133,13,889282.30299,64,837504.964308,18,741405.284405,35,724053.998975,34,612207.06216,41,560979.063646,49,538865.866469,31,490250.073702,36,404013.41086,38,395173.933295,25,372955.982063,37,362468.340099,27,319498.147418,61,307545.876986,65,280158.695001,39,279380.431756,63,276820.581333,23,265020.070526,40,263868.530077,50,263302.242101,28,chello
6191437.921801,60,4601592.838498,50,4575661.611449,178,2190123.482142,51,1865219.354431,100,1674846.958375,99,1433435.10626,198,1166635.873117,149,1074146.230925,49,863047.975555,119,853561.232557,52,762842.366963,59,746833.436928,248,688363.771812,247,675680.112962,179,632607.198856,101,620056.39583,177,579129.389995,48,488096.255682,54,479240.603837,98,430169.218052,47,396265.879115,102,386940.268398,97,386734.729965,55,348663.169273,56,327183.763065,57,320791.424688,46,313738.704876,53,302066.675088,249,296926.845477,58,293354.092914,61,290696.226691,96,flute
5072167.757212,30,3937045.2399,19,3304043.770257,23,2799885.921662,24,2542519.415522,28,2212963.525799,16,1795380.325304,38,1710952.644308,29,1592108.95525,20,1476541.002522,15,1324826.019276,46,1309839.009172,27,1215333.8757,118,1166331.847769,31,1094093.844327,21,1073949.68224,18,819043.400867,17,814673.896412,235,808792.702248,48,785486.199496,293,782773.189142,47,765760.122811,43,746284.921058,59,731272.668468,39,718419.929795,22,680380.496426,33,632651.646044,44,624303.433537,294,611992.280089,234,607492.736216,25,526340.974293,54,492773.855502,176,violin
3523525.789805,48,3068822.528078,47,2596735.126375,35,2427205.437102,46,2326242.463213,33,2191963.515867,54,2072742.010033,45,2044360.620634,49,1844435.486176,24,1803358.895811,23,1689209.57715,64,1594992.670976,25,1534187.754517,37,1494716.461678,31,1478720.40668,30,1369267.980962,53,1369200.837265,38,1341910.788127,44,1143438.155747,43,1078377.881288,50,1032345.057753,29,1000281.442348,34,972762.667851,119,970173.586041,118,962883.087641,26,951938.881061,28,902924.652782,57,880359.957641,71,877686.462783,32,837395.521782,51,833610.456713,120,831393.933479,36,violin
0.0,11,0.0,12,0.0,13,0.0,14,0.0,15,0.0,16,0.0,17,0.0,18,0.0,19,0.0,20,0.0,21,0.0,22,0.0,23,0.0,24,0.0,25,0.0,26,0.0,27,0.0,28,0.0,29,0.0,30,0.0,31,0.0,32,0.0,33,0.0,34,0.0,35,0.0,36,0.0,37,0.0,38,0.0,39,0.0,40,0.0,41,0.0,42,flute
6562993.698488,14,6331762.234623,27,3080071.046975,32,1656464.772117,31,1264256.436705,24,1028121.734079,11,724699.892183,40,659436.418979,66,639775.024436,28,598788.687076,30,568117.770734,119,467664.427489,53,428352.615719,79,391415.332839,23,340550.593493,92,335647.147348,93,333534.493708,20,314824.715963,34,314121.385574,12,309330.553923,22,301728.628513,29,281520.636014,26,274340.062349,118,264654.571033,17,253570.725642,19,239751.282999,47,236933.366729,80,235679.309936,15,234455.279217,25,220722.754551,18,216617.378137,13,205905.045728,33,AG
5672413.85395,14,4307414.879891,29,4002203.684591,30,2580969.270059,56,2462818.336574,15,2055528.892452,13,1729538.921686,16,1491933.75317,12,1114648.521554,57,1072292.363245,31,1037644.678695,11,965691.189452,54,864270.992763,33,779397.093855,60,669422.277117,46,667842.320891,41,586442.180706,48,585388.240324,67,558181.09615,42,542132.884964,18,516747.603493,28,499026.091504,68,465346.398167,40,445061.07221,20,439759.697131,99,418028.226636,53,383077.998494,39,377806.029542,49,355752.862523,34,353576.477586,100,353410.495964,17,351875.051733,58,chello
7883874.483661,63,3208163.263507,64,3147887.885683,188,2076381.755876,76,1697555.852043,126,1179321.451947,187,1173694.588283,62,1102547.631676,189,1033844.114749,65,966897.25769,75,842226.876429,77,822637.665944,74,718391.221006,150,718278.137201,61,584667.819652,78,568788.123439,151,536698.483889,60,529167.13335,66,505988.468394,148,496896.802714,186,475346.283564,125,461422.757482,128,461341.727242,59,454867.292496,79,442932.388946,127,433230.675683,225,428434.211226,73,376938.216657,67,357596.53981,58,353669.195573,80,343374.063503,147,311838.586328,81,flute
2704177.464832,85,2570289.198899,72,2565604.474512,84,2562786.727339,43,2007718.266266,73,1927798.120606,71,1834939.994844,42,1701881.314324,61,1686323.480394,44,1658351.612952,89,1617919.177429,83,1509734.04504,69,1484382.493686,102,1464885.058321,82,1446037.903402,86,1362181.331259,51,1346608.181427,70,1285670.66237,101,1282549.993845,50,1263923.250212,87,1188185.867686,132,1105216.945859,74,1092250.740529,127,1045820.941514,134,1038824.209569,91,1038678.490357,46,1026738.0589,133,1023257.250163,176,1009780.802837,178,1001799.210224,45,980842.186421,103,927688.062403,68,flute
8611241.404012,90,2816993.480845,89,2224890.5045,178,1739213.737171,179,1541844.567968,102,1319247.38148,101,1113578.67898,91,1016087.016078,88,860457.889712,108,850754.405265,120,644277.466368,87,640534.608779,107,638685.036683,92,587408.020372,267,572730.386533,103,491375.532701,177,482356.776747,180,444376.959897,86,437296.059578,104,414311.622459,122,402636.863365,93,367488.879033,111,363642.33555,176,341678.629657,85,337388.854649,110,320653.501163,356,312831.176601,268,312664.212374,109,288342.939323,100,288095.979287,84,284509.050345,181,284323.632424,175,flute
6168679.858416,60,3777191.666645,59,3510673.452133,95,3163625.693788,94,1909097.801607,96,1861998.425599,93,1599480.128128,92,1403815.522694,48,1021436.831643,57,971384.466225,24,890602.378785,12,855714.218431,97,810897.810785,20,804723.578681,61,792632.610141,89,730228.315877,88,724177.026186,11,704765.546854,21,681756.631603,47,679336.226428,90,669253.156533,100,668949.274988,91,660950.271403,99,659161.417302,65,646674.60304,49,615113.785081,62,608765.072877,87,601335.163205,63,600854.871692,13,557622.678318,98,548346.43563,56,512610.600182,64,piano
8208902.02119,100,4040309.191318,101,3222312.621949,99,2697961.661855,102,979121.792587,198,581062.892326,197,547919.385405,103,519423.740899,98,327803.415567,199,267206.376863,104,264663.677142,297,245523.39605,299,244072.782986,298,224148.648629,97,223325.079964,200,220315.929782,201,204302.343509,494,187310.567371,300,173538.625945,395,172772.659535,301,161795.115202,90,154907.04041,96,137250.27975,396,134348.471926,296,124983.788945,150,120844.989877,302,119851.972089,108,112429.412538,497,109306.122114,202,106799.217024,303,102114.195809,178,100944.12132,106,flute
3345257.535483,40,2971952.696012,105,2834649.130094,121,2558285.32532,104,2374208.011052,41,2318105.703875,106,2274766.335001,31,1999131.231252,118,1782455.449291,120,1625417.678682,122,1616455.410586,119,1531072.409403,30,1485115.437403,21,1384412.401549,59,1378891.198641,39,1313320.547541,20,1308399.109982,32,1240344.536137,60,1216980.016969,16,1128991.698494,53,1058759.321238,29,1036663.095019,45,869176.652501,23,848210.152883,51,805842.061336,34,795432.97422,108,769777.046853,80,730529.290528,36,720223.33218,107,691968.635741,62,685172.519294,240,683821.645316,49,violin
3447780.297554,109,3330935.682042,110,3175369.249879,111,3154715.950383,108,2850677.871874,112,2548044.812421,107,2434327.83985,113,2022714.14184,114,1885682.121469,106,1627620.284337,115,1429463.158203,105,1427649.391325,100,1389977.869304,116,1272156.905372,99,1241659.60813,117,1163560.407816,104,1064528.489536,118,883933.227705,119,829968.980407,121,827448.136684,98,810854.581675,120,804253.90543,103,788540.354996,102,697685.207042,97,696182.295306,101,683557.225586,122,619352.95364,96,590515.76697,124,589495.385212,123,588628.142812,95,567607.160984,125,528581.66703,94,flute
6840319.323513,85,6594248.023595,86,1912204.334236,87,1099578.630019,83,962228.985269,88,902952.241045,84,762295.459634,90,661775.791889,82,637881.024961,169,637821.037065,89,603905.325459,68,562051.990246,171,542050.7645,53,522400.281252,170,508159.590596,81,458064.540299,55,428786.992183,255,424641.383843,134,403029.137773,167,391166.205691,133,376531.52751,67,370469.172963,80,347485.100506,79,314834.25011,93,313234.883084,77,305402.939679,62,301835.235149,92,294859.488631,172,278582.999592,168,264622.390333,94,264234.426833,78,256385.45876,91,flute
5401169.969344,56,5117628.917075,29,4852139.155507,28,2229648.230071,111,1895987.06763,30,1651190.245726,27,1204261.458657,31,1113089.081713,26,996798.284641,139,915605.816199,32,911160.242987,221,880632.770174,55,719884.589745,25,692437.705014,138,629840.38667,24,605765.962594,57,601874.993655,33,506650.23226,23,484589.549871,34,454012.237326,35,451247.305291,58,439512.270926,36,403644.460166,22,358515.222316,37,346497.411831,21,343350.301861,20,328149.214491,112,327645.524811,194,325693.430634,19,315216.477033,11,308692.822342,54,298131.99177,110,violin
9183158.652258,103,2393174.317839,104,2167092.722817,102,1196377.286212,105,1113006.929439,205,1050472.389926,307,853823.063725,106,802853.917046,107,686393.618566,308,678094.316505,101,637878.039261,306,538518.997962,309,515170.148217,204,508168.16489,110,450211.919921,100,443314.511975,121,438222.909128,123,344283.957373,122,323833.766357,112,319149.354297,120,319104.85075,99,318627.722434,108,317898.685695,206,276310.307624,310,270907.513719,125,232564.075985,305,227055.488701,124,202777.175757,98,195234.640636,409,172958.573147,203,160664.916327,207,158999.411187,513,flute
5757106.350781,24,4977460.676282,60,3109783.655593,30,2985574.525584,25,2958802.05676,31,1861128.723629,29,1771211.972559,23,1554795.579888,28,1341221.084075,26,895029.609549,22,872820.818913,89,844780.613244,90,713830.787456,32,685635.819584,48,669789.050535,118,669577.619667,119,591895.151929,59,591407.868909,36,588929.70841,27,527098.554701,19,453460.729333,21,399557.534972,53,377118.685384,33,373430.925023,88,349403.123548,20,317028.874944,149,301501.700279,12,278581.936637,54,276550.683522,148,272614.562463,61,266502.415902,71,251565.823368,91,AG
5402252.489693,48,4438285.796962,67,2956522.108162,68,2857265.409896,134,2844589.721775,95,1966879.514509,47,1849101.601749,94,1722016.964335,188,1358639.960792,66,1318150.419494,49,1205845.870945,96,1117970.470624,69,989681.643594,187,876207.541075,142,823171.498869,46,821927.871606,189,801362.908852,65,755819.262859,141,716018.766993,93,689890.172248,133,633642.044712,234,629785.11616,70,587201.042863,50,583073.417281,97,519287.474348,98,518286.145324,45,518111.030428,64,516278.315059,201,498070.273198,63,471363.145795,235,455228.868789,140,440329.722083,71,flute
5598426.102741,23,5209154.446953,46,4411965.933085,45,2771453.491232,24,1966573.190882,14,1227634.999906,44,1183077.737489,47,1072585.134189,67,1033669.298248,26,995756.618518,15,963032.865089,40,905373.367043,68,771530.198407,27,770557.042662,22,744396.411166,43,598666.093994,42,596875.529818,25,544349.123516,13,532021.586865,30,526016.485746,50,489750.395553,51,486520.961187,52,475821.512051,53,459117.387673,48,438427.733754,20,435440.240971,21,405889.397543,41,363498.518743,16,361135.480132,69,349492.226255,65,344319.028458,28,337547.739283,19,tuba
5994287.497394,89,3729334.606545,90,3565932.773046,71,3391771.32738,54,2256826.213659,53,2095393.98814,72,1705595.656074,88,1270603.806574,70,1087777.196974,91,984223.979866,55,931542.369671,87,902316.654889,60,856188.584051,74,823426.29564,52,798963.438825,212,773624.907464,73,768324.946016,56,722958.058172,141,664755.595034,86,632393.520795,92,620986.846641,93,593359.299485,178,543717.865756,11,524079.913934,69,477669.386011,94,466207.296765,12,456789.992233,57,441117.102717,213,440961.34097,67,418857.659379,68,413791.57683,62,409194.854772,51,piano
4659982.789202,16,4353763.284232,14,1401840.988311,13,1386758.573051,17,1362537.219504,15,954044.70346,21,845491.183578,12,806322.661243,23,748053.656503,18,580805.423149,22,490164.322882,48,458669.234956,19,421191.366863,11,420959.778276,46,362413.261896,45,287154.641117,44,280919.945955,31,246970.351468,55,232916.04259,20,223449.198292,35,214727.708358,39,214527.240943,30,211453.534257,56,204210.846016,47,195145.448059,25,177568.998518,28,166540.507641,41,164044.22171,57,156519.207878,29,153288.574571,26,137140.672901,34,135478.156866,54,chello
6245513.647308,20,3616742.624123,19,2912518.771361,18,1933246.183826,28,1827946.146814,27,1682739.707284,26,1617148.165317,21,1435855.851204,17,1407940.369419,94,1352033.333257,22,1339845.673847,95,1195606.488262,105,1146841.932098,16,1115775.700015,57,1094137.82092,15,1059110.829391,53,1015419.627145,54,993081.530062,106,985642.646406,79,813083.173862,93,800724.629249,14,762203.590495,113,742427.238777,58,723371.569192,80,612828.43327,81,603199.577517,23,594331.735046,112,591266.635665,38,590295.358736,96,583338.291568,11,579369.394051,12,571901.214094,13,chello
8405480.717171,94,4313767.778937,95,1765072.704547,96,1463903.087895,93,1109824.230563,75,1016590.887117,92,853213.471736,149,840493.559956,97,838621.686974,281,820917.989489,76,663951.7143,280,644423.744105,74,612688.131294,91,538487.634737,150,527004.596187,187,456493.944382,90,417449.139748,77,372890.792894,98,338083.117024,89,332891.605697,101,316241.119281,73,300714.945812,100,284995.969152,99,274255.392703,148,267905.136536,188,256257.525018,151,254551.147327,88,249865.820192,78,245611.976857,223,232517.052662,87,228838.45403,63,221160.741461,102,flute
6307179.605913,27,3208518.401128,53,2847003.581323,105,2473369.453082,30,2242468.263647,79,2111338.593265,11,2090098.514668,106,1832058.583135,26,1800475.756663,80,1646218.393973,31,1363488.876546,28,1314719.432482,54,1144731.43856,184,937564.875262,19,870909.921182,25,867813.980446,29,716553.461194,18,635540.170305,55,624727.88836,59,614720.547984,158,609088.120534,52,556695.010254,183,556431.642239,21,552389.960835,107,498162.636965,60,487942.07104,22,486397.491962,104,484281.084141,56,464824.130898,132,451278.895235,157,429564.542895,24,427095.05439,12,chello
5434579.111533,18,4682089.708623,19,3225316.021943,53,3028790.241132,54,2682129.021796,36,1843213.21758,20,1717878.109458,17,1118320.784322,55,1014030.278757,21,998656.910274,16,939312.525412,52,861370.047809,90,833096.679162,22,717305.625749,56,643529.96739,23,631849.809276,91,622514.482676,15,608151.258511,92,601957.736342,35,601075.519289,28,575668.217075,14,561822.191974,34,556913.061647,24,541971.847832,93,541321.193483,94,503667.140977,33,489098.460275,57,485976.579629,29,478207.35082,106,475051.349357,26,470655.42202,13,469459.555053,51,piano
5411333.84398,54,4422951.657022,53,3921288.665804,71,2760748.960584,80,1827303.355218,55,1818449.743804,36,1356228.563925,52,1258552.363931,18,1203000.36941,56,1201075.48604,106,1057276.723407,19,1026361.037637,51,783962.395796,35,719147.4751,81,661504.303562,50,653864.469951,49,651341.068668,11,637776.027468,58,637595.680234,79,603655.843354,57,538659.572907,70,476700.64777,17,459619.837203,48,441202.925554,141,408862.969054,23,407867.025496,65,404063.631389,59,393012.589354,47,387133.519257,60,384108.451599,61,369254.192915,83,366413.783921,69,piano
3974661.022492,34,3033943.672593,26,2970783.385957,90,2554690.58972,107,2083670.070813,179,1976343.816002,268,1658729.933054,20,1599366.51824,108,1551652.486443,12,1495567.643256,13,1494507.996036,100,1491216.223399,79,1373756.774103,25,1334141.463657,21,1315524.321963,101,1302884.473379,40,1269918.691774,38,1224616.760125,18,1205314.770846,160,1123839.989457,19,1025291.014706,106,1023175.798419,75,996971.051742,51,947987.802109,83,946756.591462,102,935818.342494,68,886738.007511,89,855932.785027,50,813575.838057,22,802297.94211,60,778266.921923,27,777794.055731,105,flute
6538904.345215,16,3594782.296628,45,3377260.265978,30,2966656.797487,31,2476076.716427,15,1705060.431547,29,1573208.201658,34,1492433.351105,18,1131968.721812,14,1120886.707232,59,849532.099443,46,831466.279851,44,813742.234229,17,812732.217873,13,799551.527938,43,785836.876721,19,785289.744434,60,780373.310482,28,720132.303875,33,646236.725354,27,631600.111356,35,625070.794617,26,622384.32356,32,578007.043789,20,563871.824096,12,534817.108069,38,523088.490605,42,484311.338081,21,481160.073258,40,479724.9533,47,471299.479681,24,460547.803741,11,tuba
6393424.140236,26,3619270.499404,25,3123578.480819,27,2076725.137078,11,2044885.197972,60,1522663.308278,75,1510198.595183,24,1499790.934526,99,1384561.656444,30,1367867.888628,100,1277179.409515,50,1259120.633537,40,1150707.393248,31,1071994.182345,28,1039570.442228,16,1018296.299286,59,911722.065581,23,860882.058939,41,858877.286815,51,773233.590611,32,720095.380265,106,689857.756759,53,626396.971275,80,605028.415036,33,603052.011009,70,563800.305561,14,559792.676883,22,558892.877544,29,555546.143537,58,530259.146633,15,507147.943553,21,483650.831976,20,piano
4929494.686115,34,3721157.937632,50,3150112.919581,26,2952799.330908,100,2400620.130062,51,2243113.645756,17,1747153.23328,18,1722517.232953,67,1595643.579627,59,1545643.344151,80,1434705.8807,40,1320309.695981,12,1268354.893734,25,1203353.803128,79,1051830.059544,49,995449.490184,23,946309.006821,52,865930.629505,27,836220.467252,16,831406.138551,42,783896.730931,58,657985.915949,54,629740.795301,19,585475.544947,78,570528.836802,84,556285.36672,48,553360.307451,33,552359.043757,15,550264.536826,11,516920.399729,28,499142.193543,81,453840.941091,45,piano
6141370.298443,161,3453873.882248,159,3311678.053919,160,2216691.086404,17,1835284.044597,158,1638547.019423,18,1611565.88118,75,1529373.589678,34,1528728.529711,26,1462595.409051,162,1255301.148676,38,1135078.817508,13,1105811.09416,152,1002590.737216,157,940026.933354,14,849553.118308,151,811437.390414,100,806971.234019,35,733227.97425,163,718349.695277,20,697453.515743,19,691612.780422,16,673664.522992,12,673662.003768,36,659793.053601,156,652710.397273,155,650981.433271,33,579989.933975,15,567449.549793,153,540610.249649,164,512792.803823,25,509256.309586,60,flute
5296484.666733,45,3717542.912078,46,3490820.116522,41,2559698.120373,54,2322983.283832,30,2316991.735545,40,2173025.081025,44,1563599.025628,47,1502720.387895,43,1382867.584352,310,1237902.888412,42,1100184.685006,39,1089302.962188,38,1082076.526657,24,1078560.926676,133,1046574.591566,265,979353.122917,311,924782.009952,53,822099.825136,89,817211.699416,134,760192.737828,48,746548.138691,37,744180.275854,55,644113.288585,266,633367.919506,32,629044.441005,20,625470.584827,25,618804.963212,36,594717.634917,49,571954.490502,309,561372.601049,222,541282.621954,31,violin
6989217.5517,136,5478642.761897,137,3456466.302163,135,1642340.364256,145,1611875.437835,134,952588.924739,132,899361.662065,148,794298.248253,139,649736.926593,144,579568.951711,138,573394.186863,142,558404.672807,143,519854.29228,271,498828.932499,131,497708.956193,129,441293.804385,123,425075.335308,274,412599.525556,140,390944.616492,147,388752.413564,141,356814.511961,150,343566.07837,128,338910.715416,273,326309.246879,149,323087.549654,272,319208.572065,126,310627.874937,146,308286.350843,407,304155.055417,133,298713.41639,115,269370.169924,121,266512.468895,111,flute
3571861.303827,48,2953176.316533,35,2874886.480503,36,2844761.961584,32,2545145.014048,45,2094906.241167,54,2027244.512902,34,1955069.385123,30,1865469.921097,47,1748248.278582,55,1542291.192951,46,1529801.256877,31,1529719.477069,29,1347242.568113,24,1226640.692315,25,1224889.576768,49,1199043.543592,13,1191694.061062,280,1139898.963032,53,1030144.742255,27,1028957.026135,234,1012662.823246,38,1001552.622994,59,988109.486652,71,987765.4911,43,967882.282784,12,873465.185499,19,855176.099612,39,823598.370361,281,774628.188942,373,767649.413825,51,762374.265211,40,violin
4440061.007933,14,4131757.0909,27,3612268.772353,19,3604751.917578,32,3425631.185899,18,2620038.483833,20,2404612.818575,24,1733245.690082,11,1112346.049106,17,1061990.490172,16,1059005.367035,21,922291.755882,60,894808.596144,63,873412.883609,25,836006.142928,30,769961.92368,15,727972.769635,12,631559.797742,13,594764.710445,23,587922.923698,53,569382.198021,31,562823.53172,40,531034.635159,118,491591.736886,59,475845.267127,22,466122.362441,26,438361.156618,28,426760.940206,61,422477.163098,119,395760.614957,48,373341.544986,94,371526.541368,33,AG
4583894.379602,53,4555052.958642,67,3732497.940259,54,2908733.485487,66,2368182.01053,158,2148557.121312,159,2110693.372918,68,1929083.034411,52,1568285.963776,134,1400697.768461,157,1388214.234765,55,1259728.408335,133,1130879.827593,105,990172.904415,65,952764.24095,156,921408.352442,51,867632.345009,56,863655.593516,135,748765.799881,64,725196.248853,57,659546.437664,160,615711.378757,58,602280.655244,63,585119.990161,62,581830.665566,59,554454.572385,50,536391.150995,155,534126.329095,60,526668.536629,61,477105.298933,69,418714.372971,161,406106.919323,49,flute
8081054.635763,12,2884788.827955,17,2658220.437867,18,1967982.283627,20,1890156.972709,23,1779149.684393,29,1624808.524054,21,1207049.243653,19,1040817.633119,50,957896.92424,16,667603.486319,51,648154.74147,13,544540.922342,15,539316.309806,34,527577.82403,22,518901.761923,28,489774.762654,57,444378.87232,24,425256.638558,56,421152.710474,40,376117.686784,112,370480.226558,26,332558.010285,25,329887.91038,30,320783.3971,84,320079.670959,45,303307.860222,183,299921.302912,83,284630.53876,31,282676.520305,336,277184.816518,140,262386.628915,14,AG
5782428.765295,54,4506446.608781,53,2878388.180753,60,2673857.476235,30,2345520.159554,16,2263550.324706,45,1912298.053155,55,1605654.964777,71,1413850.937505,31,1366560.452075,52,1237410.967652,57,1226299.00507,56,1074475.489245,51,1006369.11398,59,813022.73606,58,719557.595271,49,710610.426024,15,662157.75633,75,647302.019448,50,644636.796899,29,626974.270348,32,593814.98373,89,581056.179311,47,529856.539276,48,499391.384859,44,458101.443657,33,441676.638336,34,417070.269761,106,395177.136228,20,382796.230677,13,362446.126655,74,345666.02939,42,piano
6206066.134534,29,4264893.712055,28,4095489.776442,30,1599996.35735,32,1427835.291207,56,1335906.831346,27,1258477.003431,11,1196160.544446,140,1088497.395816,15,1033341.192233,21,943231.427704,45,901123.521531,23,897304.535496,31,865769.725362,24,848250.047166,12,844612.060483,141,840145.375028,25,822451.448528,20,820792.594478,44,787253.884812,35,778182.308536,112,687485.148456,58,686148.474683,17,674676.066561,33,672259.636275,22,644266.143314,84,623888.438168,34,612305.086733,139,607580.3471,113,567928.321121,13,551780.059889,16,545392.328244,111,AG
0.0,11,0.0,12,0.0,13,0.0,14,0.0,15,0.0,16,0.0,17,0.0,18,0.0,19,0.0,20,0.0,21,0.0,22,0.0,23,0.0,24,0.0,25,0.0,26,0.0,27,0.0,28,0.0,29,0.0,30,0.0,31,0.0,32,0.0,33,0.0,34,0.0,35,0.0,36,0.0,37,0.0,38,0.0,39,0.0,40,0.0,41,0.0,42,flute
4486485.491861,16,4442638.041373,21,3888958.122407,11,3371715.652978,13,2877392.644075,30,2417285.897837,20,1646483.542572,17,1428294.06256,12,1385626.236235,26,1361079.667611,15,1253256.843815,22,1227948.225315,31,991800.991971,45,892984.424789,29,777089.679145,19,729002.24875,27,722319.849582,24,687889.659338,119,649205.591557,28,636830.320279,14,626067.833725,40,612125.2234,75,571384.896418,79,517319.612323,23,407656.902291,25,404860.055495,256,402629.901525,74,329911.181995,80,324430.56583,76,321554.873068,32,296180.268299,104,286955.096756,63,AG
8510853.837875,45,2425188.340329,46,2283126.612587,23,1923063.541663,24,1618555.869959,44,1528567.874013,42,1442210.541831,25,1383859.007407,43,1061723.612828,47,967642.276563,22,764900.013819,48,754115.397165,63,737563.968153,19,683135.457172,15,657947.130189,26,625950.261727,21,567213.843121,14,560264.975517,49,558679.799031,51,455287.492616,20,361361.814983,62,359913.857276,16,352635.728022,68,338839.384712,50,328537.684578,29,317144.166095,90,283681.089234,13,277993.596037,64,263402.529148,30,257384.744635,59,251629.635428,52,250737.931898,17,tuba
4146997.315464,13,4114156.497641,14,3814136.012176,34,2770248.548144,33,2744915.410934,12,2197952.69712,44,2137075.837137,18,2028652.64003,22,2014242.848268,23,1834381.274049,15,1511992.969283,26,1402514.845287,11,1067163.856048,30,1062106.169643,16,1060858.837267,67,946849.713101,19,920503.077166,45,900757.811141,32,889258.961641,24,842761.5372,27,740685.942003,50,629845.716421,25,621442.297166,28,611928.754866,35,609629.949973,29,606195.843977,56,572483.292744,51,555100.756211,20,525725.291342,68,491469.130305,31,478190.023611,17,474803.156435,40,tuba
6027517.352108,14,3899758.538408,45,2377547.217886,36,2072066.113279,18,2026366.335793,106,1937635.145914,53,1877881.518254,80,1592088.058044,19,1408291.577707,79,1335221.219234,34,1109735.807159,40,1091513.150182,27,1068381.089936,54,985982.462055,93,944128.710235,62,870095.138794,20,823041.88609,89,753876.807096,12,696838.97072,97,633321.624767,60,626899.211671,11,617361.750406,81,602092.805481,132,594124.330012,133,581410.065708,88,538412.341901,119,506725.800874,50,498795.23285,37,480140.624629,124,458404.48201,78,426751.040003,92,409171.161866,55,piano
3640870.294623,34,3505800.608301,45,3294257.748759,23,3196540.282098,12,2908001.14015,46,2373905.160286,80,2153376.112322,67,2045437.267867,24,2034653.219369,13,1746045.591351,44,1652621.182746,11,1617959.885878,22,1593206.610568,40,1443730.978389,79,1063097.782108,78,1043515.169747,15,934235.4887,33,928293.952382,41,902598.32,100,806038.580604,111,804745.33784,26,730750.821976,39,670345.476254,119,639054.831592,52,625440.373076,81,622914.244082,112,608743.233072,89,607029.869077,50,567361.370175,56,555928.756306,88,546378.453444,47,540254.473351,28,piano
8107554.562907,16,1946750.309517,17,1936697.415581,30,1819381.539747,15,1498813.385328,31,1421955.463863,19,1371372.274638,21,1194930.296501,28,1182908.245609,18,1172239.084729,13,981031.993495,14,918840.327872,32,896306.648932,26,896000.781092,37,866267.242351,24,848068.575204,25,847360.741385,12,809206.042983,29,784957.275691,33,694739.723555,48,677671.541987,78,673772.295917,74,666325.546343,34,646045.806465,58,600136.342577,22,576530.236967,20,573615.770525,104,492084.830603,75,485684.245958,103,433652.552905,77,416887.229415,76,370408.639689,61,chello
5583119.58402,24,4528362.691849,21,2796087.304153,47,2668330.72936,48,2179329.269837,25,2177358.02544,23,2091626.70988,20,2046190.323534,71,1909871.754267,22,1656162.44649,19,1134851.85443,18,1102393.179554,117,1026590.143991,40,987986.350129,164,949247.169546,46,910050.913984,49,747479.793478,26,691805.335438,16,629778.134175,50,589888.940845,32,582805.457918,45,545947.599391,30,540811.440778,94,534745.020625,79,530057.323802,11,465020.194475,59,427730.95485,70,403601.692512,51,401641.494442,187,397299.914535,27,382770.400733,52,382424.302089,28,AG
8434033.135242,60,3455290.752822,94,2753749.3983,95,1786944.576034,59,1382927.235839,93,1200802.46701,61,1063729.616091,96,828690.280787,58,616981.354784,189,571159.643681,92,538461.017537,62,499247.023474,97,474175.356801,91,464179.491503,57,423679.872129,63,395687.353455,90,389441.567633,98,357621.097002,24,346961.879661,55,338846.943363,89,322890.567578,64,321598.798108,88,319974.170574,48,311851.957355,47,303302.579754,70,302556.17407,99,280900.312759,66,277341.823511,19,260391.467096,87,256042.070798,100,235337.260442,188,235246.653079,101,piano
7127235.413104,36,3374151.74186,32,2971243.396972,17,2575172.149073,71,2215237.271317,33,1910693.288134,24,1675431.529913,106,1350307.729591,16,1168025.567958,37,1023025.899107,35,1006492.789532,31,989252.288991,34,987984.359881,18,907232.04987,64,846584.049766,25,702097.569225,107,688007.515916,21,577437.097786,23,557566.164184,20,539271.856148,48,486088.110719,60,449129.491132,38,445814.218676,15,427110.386818,22,423200.483756,30,422830.305579,41,397639.315214,72,391364.8513,95,383942.870268,29,380909.22023,111,375054.895429,80,365065.895662,11,AG
6193069.56884,17,4612891.203175,16,4013001.191839,32,2089143.580634,79,1986862.56206,48,1818120.949597,18,1640749.332021,15,1207580.302809,19,1191434.502517,94,1158998.668716,14,984473.781264,20,851130.946093,95,774106.892957,47,692388.273619,21,677165.547621,13,628796.999093,63,569686.042463,31,549017.230137,110,541194.312304,23,482465.860585,157,475053.045626,24,474542.118745,30,463169.849432,12,457537.474916,33,448838.315001,11,440551.001732,49,427129.559599,93,417694.086893,27,410374.500097,22,399574.72566,29,395041.243829,25,372384.759254,188,chello
5132590.669767,70,4340173.262299,71,2736890.994522,112,2679651.799689,279,2245210.217907,222,1783297.795772,140,1712195.398278,278,1633171.147696,111,1625931.158367,209,1528277.721152,72,1484721.478606,69,1421705.147982,388,1342698.351786,53,1180523.423666,167,1134646.699484,210,972186.398885,418,942435.157176,68,930758.281636,333,883834.480494,73,777197.49295,67,746685.200401,74,745879.278803,348,674021.56341,113,670270.119376,110,668107.365855,486,611114.679669,139,600404.120813,417,598323.614864,141,561212.374773,488,507352.680795,487,489062.615704,83,478724.389853,65,violin
6146427.824234,54,4637642.289184,53,3249680.226494,33,2407458.809814,80,2263637.461639,31,2135280.634344,32,1411861.704161,55,1120357.707659,30,1056912.524836,81,966978.114632,34,899738.892808,56,814860.502382,79,783158.62033,238,723293.550748,57,716741.68513,52,677271.211266,58,663275.578056,63,662565.574438,35,586106.159166,237,582894.263947,239,577403.293516,397,572350.733445,59,555320.288199,62,549976.015816,28,520736.57636,160,510433.395279,398,479117.598197,50,461487.481947,61,461190.917837,38,459039.59428,396,451009.600286,316,449317.37378,27,violin
7168646.917831,42,5080618.503368,63,2194805.598609,104,2032895.626285,43,1688438.634177,38,1253549.103838,111,1210009.109068,41,1029122.541074,62,1025876.826374,83,864752.546515,94,821869.815389,75,736183.30589,40,719588.960782,44,638814.494895,186,628908.252687,145,621296.99374,39,610249.280848,125,598649.048033,22,569601.024567,187,559171.371767,45,517437.238298,84,503411.072194,74,491976.373922,112,461075.628736,32,430816.787504,21,424278.768596,61,378156.769616,65,376190.541267,46,357967.354659,269,341774.370139,148,325617.479411,222,306245.090433,37,violin
5272429.891443,53,4626535.52865,133,4023389.432481,134,3123829.476025,34,2954106.203388,67,1651936.817181,157,1508549.043849,135,1330001.683264,132,1199924.392076,105,1025692.122873,68,992728.672173,166,989898.760887,35,741266.586276,158,731458.101012,136,726753.732909,131,674760.457159,40,610128.269912,52,602558.536274,106,599175.184696,54,568696.328048,130,546389.597961,101,508411.019508,137,500469.089247,100,475567.383259,200,427795.91968,69,408840.827226,66,406239.262131,33,403883.503476,138,393620.815519,129,382705.874502,156,367547.085221,36,365608.64379,233,flute
5614823.449381,63,4772499.886345,125,2836871.899444,83,2430564.978221,84,2266088.086456,124,2139586.210053,42,1812601.005841,62,1604766.084388,28,1469382.259718,104,1410494.535159,145,1393814.197602,187,994500.562665,56,991448.957404,43,978593.956757,64,975574.905975,123,811497.039106,248,728253.02676,105,696178.186711,126,656036.709666,186,637796.645132,22,623907.647242,249,623692.39972,166,569055.906177,61,560522.165503,269,502968.215082,331,494019.428367,122,456638.390185,60,409942.008298,30,389835.704208,86,379078.902372,144,374280.821514,352,373440.306026,29,violin
6372283.869396,42,2697996.121912,22,2516678.635722,43,2515089.030136,41,2227010.995109,46,2151196.75869,63,1890599.102091,45,1716708.390518,48,1640970.162062,47,1591018.396025,84,1580764.85083,49,1577397.777601,40,1565483.03689,83,1271244.3934,145,1096899.660452,32,1060167.048624,21,1007134.666286,44,807322.650985,39,750038.007957,51,704811.891131,94,699024.486868,38,684719.290317,62,641963.024904,23,553102.422869,33,542503.212963,50,514716.68974,30,508344.826037,104,488438.291069,36,486445.365741,64,444856.713053,24,418550.032166,82,414676.316975,35,violin
4729907.492038,17,4431314.692082,18,4280657.34432,26,2842294.543863,25,1737394.442908,19,1549695.868871,34,1424950.368079,21,1364919.080364,16,1247572.435936,50,1128784.959853,27,1082461.433386,75,1027042.691527,24,963446.224656,51,868883.130734,84,867971.912071,12,847687.738003,38,829870.65156,92,767143.758238,15,760657.993411,22,736406.528521,14,732079.026832,160,672641.524985,83,609866.622566,59,580769.725281,33,504205.678049,158,488942.210393,42,488552.773412,56,465697.170417,13,461261.790534,23,458240.083494,159,447066.127556,28,425890.710652,49,flute
5131603.044211,17,4029004.488667,14,3739563.466546,16,2640021.884236,48,2572588.162729,32,2341917.285266,79,2249865.073388,27,1725177.047272,94,1684097.986333,18,1418848.14427,47,1282623.43521,19,1126040.879183,13,998197.310528,15,890105.706309,93,807145.64558,20,739717.123138,40,712199.450368,21,700181.401598,49,688849.320795,95,688592.585977,28,590826.049479,12,586708.469594,11,574336.755093,46,551588.387797,80,519935.27608,63,506813.206545,22,470330.001382,157,465205.620981,33,461097.058256,156,455132.310689,50,451212.390723,78,436048.660148,51,chello
4778603.028748,16,3635002.744687,30,3292062.009352,31,3015004.907261,15,2434754.547753,17,2394674.331935,38,2125971.789945,23,2118944.218374,37,1890270.662842,45,1484270.76942,29,1331255.808455,21,1161824.710312,44,1148460.873917,22,1098774.798882,52,1078720.353825,28,1022878.612097,46,959509.519458,24,839726.077093,53,839401.861022,33,830704.678747,32,818235.979829,19,787723.216268,27,722869.275372,43,721830.899626,42,707339.396442,26,670652.5252,40,660608.397106,14,636740.594346,13,635952.941109,60,609936.380287,35,582714.860408,49,581531.427379,39,tuba
6286700.894328,54,5405104.205525,53,3696530.998689,89,1993172.575943,52,1920426.943894,55,1485743.373307,60,1278619.396439,51,1179332.877209,56,915503.202409,57,831700.315419,50,659160.815749,30,603491.198277,61,586178.628326,90,579251.336268,48,566548.950804,47,558921.670314,58,553358.813324,49,473902.660231,91,464136.761551,46,461833.050287,45,444856.092009,62,438485.17476,31,425707.923425,87,387998.92698,11,380694.353831,106,368723.134901,44,362033.875469,88,359519.976528,92,350074.930875,63,333978.141616,43,312916.186472,39,309784.617132,64,piano
6093465.462688,89,5114872.901343,54,4039880.071836,53,1758958.820874,18,1629931.180435,55,1547070.152689,90,1479713.964564,52,1436333.82473,88,1368298.353109,19,997655.727566,56,996856.866842,91,993632.802242,51,830238.269644,87,634338.841576,57,576097.291989,49,565082.178016,17,495614.670615,58,463602.03193,178,459388.027218,20,458349.843722,46,443041.19573,48,436239.49168,92,435221.660705,86,432765.459686,93,415346.971095,59,395664.146801,60,386860.033345,50,368536.781367,61,366412.195346,21,360479.456291,85,348662.445496,45,348655.445834,36,piano
4611401.853631,28,3218181.013803,29,2988677.740181,46,2407747.267262,47,2073618.268511,45,2011234.969526,48,1491919.669603,49,1420743.928731,111,1403881.401503,27,1375645.564487,56,1309347.609879,84,1258693.16755,55,1253272.743421,83,1176058.563491,50,1126283.285852,185,1082001.471199,44,999918.90853,91,965237.658915,74,964841.262506,93,929333.208268,186,916007.852967,53,908796.294137,51,905101.294651,30,896780.353636,73,865151.78021,184,838266.216747,110,831778.455641,85,814952.006301,26,804773.18068,90,802954.528534,54,753519.140348,52,729745.176954,62,violin
4382680.499283,71,3840477.342355,73,3536499.670749,72,3479397.309789,36,2728281.97232,61,2148941.726568,37,1348563.903933,38,1332478.991794,89,1182337.935456,44,1178253.816835,42,1165161.073322,35,1124589.297554,141,1122779.051394,43,1099414.516001,107,1093352.324269,46,1037465.994464,176,969083.524319,70,889460.631552,45,877127.958112,47,853894.312185,90,850961.89568,62,841498.617948,212,823488.751327,106,779659.650399,60,731660.633212,51,730839.295952,75,721244.22097,41,709027.133597,50,621605.877927,143,608119.307337,69,573843.228735,133,567948.534506,74,flute
8339141.375888,94,4423212.728594,95,1783320.536787,96,1456305.672071,93,1262112.881727,76,954688.525039,92,878798.080577,97,855663.180082,75,825907.885355,281,746239.573668,74,663934.024854,280,565929.781706,187,516128.37191,150,508028.098654,91,469373.473802,98,421693.144359,151,411372.901425,73,399313.313503,101,390787.378812,77,367931.708426,90,353173.950327,100,352208.26284,148,336853.068216,99,280944.256158,225,269563.866765,72,268848.125925,188,263632.156639,102,244009.239853,78,242987.537117,103,231508.069913,147,229945.66709,104,227286.363481,89,flute
6487300.346754,54,5522935.994431,53,2800500.363488,89,2142875.988302,55,1859876.53451,52,1357882.316607,90,1189630.64013,56,1185787.632621,51,984171.339127,88,972820.140878,50,767707.248322,57,747960.960593,49,633496.462824,48,611099.813473,58,574998.904781,59,503388.786709,91,473846.861987,31,473105.60829,60,439119.821414,92,438887.938943,87,425411.376638,46,421201.56145,47,413787.483838,106,412286.67021,93,404293.194412,19,400151.69609,213,396073.692,22,390754.593071,61,381627.585613,44,371112.283688,20,369893.009804,21,356104.296422,45,piano
1630050.855027,13,1076002.649946,14,1073768.307891,15,941639.429009,12,885569.464203,20,818688.847265,19,614816.228331,11,597761.850232,54,560611.607013,18,515026.810286,16,498062.97398,52,487062.602607,28,459476.08547,26,422812.889657,33,421876.617016,17,400154.903898,24,389424.154273,39,332355.830541,58,321135.553292,22,316625.407141,43,301315.725414,38,291556.348702,51,287434.231001,30,287233.501468,55,266249.421313,21,265456.770171,41,255872.684475,42,218898.543687,47,212505.239839,71,212000.385591,36,200867.212157,48,194377.685283,91,chello
5831226.002331,36,3750568.457269,32,3551886.048656,17,2591840.764187,33,2347889.710383,24,1942528.756955,16,1591265.238449,25,1367343.838039,12,1363068.469468,94,1349677.982786,64,1298195.499782,48,1283169.359191,34,1219934.452308,80,1043156.466571,35,1027718.916906,18,1002875.602812,111,945138.554492,30,876987.659862,37,855417.112527,31,680743.177533,26,677620.43499,29,668961.141941,15,663037.17969,47,631046.987195,141,613877.9096,11,603964.351767,71,588343.310415,27,579327.515053,28,554594.591384,23,520972.108368,95,470938.706949,79,434219.023975,46,AG
8085893.310634,50,3346920.730584,36,1790161.913945,99,1786352.428396,51,1592912.842936,53,1410882.813434,149,1361493.931768,198,1262804.846744,100,1182108.533782,40,1108767.166198,158,870965.379898,141,804492.059049,106,679970.184629,80,659611.575224,37,623920.523505,52,612270.819297,197,599438.05465,49,589105.152813,105,565066.415327,71,558281.331338,54,540090.515736,247,531928.25873,159,526990.31711,140,510631.64992,79,489302.047529,148,481246.93826,48,446534.102265,119,445225.592159,39,433590.348302,38,423423.187304,55,406924.536436,41,403293.321388,35,flute
5162264.471088,182,3227185.405235,181,3197983.495199,119,3191890.202453,12,2310141.901752,183,1797554.410419,118,1769683.195777,120,1753854.770609,121,1710274.819241,136,1454674.807539,180,1273028.070759,89,1078084.9481,117,1075297.921381,30,1060701.270889,137,967996.909628,135,941005.730164,179,928793.93347,45,906461.295627,38,878200.113493,90,848243.318518,23,823098.714333,133,790456.300048,150,790036.224509,16,735205.762047,152,654793.471548,153,633803.375289,178,631723.676245,184,601422.45824,122,595621.264401,134,574025.944803,185,570592.878402,75,530832.983429,60,flute
9159385.285607,36,2327937.481397,24,1455258.578941,37,1314977.37693,18,1235364.687004,71,1224095.493383,25,1034461.074472,106,981648.701609,19,810852.209103,107,682141.241924,35,639741.173861,23,618095.883995,38,511964.552169,17,469161.18087,177,464820.210337,26,428500.317811,20,413435.042412,105,409370.290883,39,376133.64527,48,360901.673052,72,348140.727021,15,332585.012749,40,329784.482506,53,325079.424424,34,324182.371469,27,290460.173954,16,276553.449498,41,266558.300351,108,266018.522579,21,263907.811053,118,263456.222816,104,253139.602161,141,AG
7099198.322064,15,5009835.442148,29,2832675.575227,57,2366489.56683,30,1465559.521553,17,1190071.664208,56,1105573.976035,31,970978.085164,19,857160.002881,58,823134.871057,13,709321.425566,60,656739.24657,45,603155.823806,16,566183.589512,85,558048.32638,32,529452.653274,99,527981.059259,28,524571.095847,59,516863.676678,127,502569.306982,43,495640.869494,55,459941.417099,126,455909.508225,21,443665.734654,18,414394.405005,113,395843.664248,141,395639.208451,54,347940.998061,27,346287.688165,140,334841.673383,14,329967.820469,182,322586.278802,98,chello
5574597.354374,60,3330830.611061,53,2678383.161217,31,2626017.020636,54,2615453.887908,30,2461025.112959,50,2109846.657446,51,1774853.094184,52,1623532.642183,34,1219062.824438,99,1192803.644774,61,1185729.925579,59,1143307.192404,149,1084616.493236,29,1065128.928732,100,1041636.487063,148,966205.234833,90,948994.496421,33,939947.652359,32,920175.118265,35,872607.935356,55,851360.115173,89,821884.715685,158,776103.571677,159,684603.509968,198,681331.73824,106,650163.517143,58,610959.650598,49,591586.621503,178,585191.400312,28,568009.955185,107,540364.095303,56,flute
6073834.559125,53,4015457.805793,54,3536735.047566,34,2832444.138282,60,2551438.907652,158,1929787.202439,178,1677181.253759,106,1431227.631902,159,1221888.62881,52,1168767.483693,55,1055677.232451,133,939093.229464,100,917058.409796,59,747441.826108,36,728478.033129,33,705235.996425,56,701660.003829,71,692669.562518,107,650905.125712,157,593922.015686,67,587748.85802,51,576677.304659,57,567337.07181,58,567161.874487,179,563895.023941,35,555881.91661,177,520421.26816,99,439590.919035,61,438714.716706,32,421245.133863,50,397754.780611,108,392392.715895,176,flute
3449104.178492,67,3173070.127776,50,2828759.708436,51,2597813.765469,45,2296740.744111,134,2097161.143692,34,1698693.230378,46,1693533.317126,178,1643904.329722,25,1579976.95777,199,1573673.665804,89,1439879.292478,133,1279547.912394,48,1237927.247356,52,1186195.701576,177,1176176.919405,100,1170852.867806,179,1152955.42504,80,1117060.743882,47,1072667.679184,175,1036834.73412,26,977662.883892,17,931020.819397,102,930470.481857,90,914086.386612,44,899298.381942,75,893737.60507,200,886915.265539,38,846416.175145,222,830342.049586,198,822751.806657,101,815845.825912,79,flute
7572358.766243,27,4421395.746126,28,2171244.18884,19,1925104.354485,25,1919653.203722,54,1572496.622347,26,1549453.441318,53,1083719.041518,22,1041196.079524,29,1015867.279904,35,810590.522105,18,793501.30698,37,731979.062868,21,727856.794211,36,704529.744245,80,673595.673815,24,616692.204829,31,614070.971275,32,604203.507288,23,506907.118454,56,441145.955009,30,416623.709266,13,410301.183566,79,374565.133951,17,355439.925244,20,355374.864179,106,345237.05643,16,278905.185846,11,263512.227251,132,259298.523337,34,257536.936901,55,254348.757229,57,AG
5873888.583827,67,5530424.132124,57,3320734.11101,168,2968965.36059,133,2964250.746388,56,1263871.844502,58,1184898.652407,55,1167802.743246,169,1153856.729495,53,859092.805007,59,762347.756444,112,606500.871392,60,566518.004245,54,521510.093432,199,498125.874135,61,451398.872385,66,419886.798674,62,417822.128538,113,412493.939956,52,388590.95961,65,388482.872553,63,343428.735811,64,336068.989514,51,269886.261703,50,242401.967429,49,230109.075149,114,221819.765792,134,212414.209035,265,203903.925548,48,201055.264977,167,182588.379002,47,170347.878556,170,flute
4622505.098666,26,3405140.19095,34,2937513.432543,100,2188954.343972,35,2086070.306879,17,2072020.776556,50,1964197.288018,25,1959648.610933,13,1798038.28515,51,1685309.17038,18,1514029.240495,33,1350035.758562,66,1306045.998834,68,1111605.565835,36,1050419.609014,40,1004775.905026,83,1002927.151834,27,947066.374713,150,927662.023536,84,925889.440012,24,897639.52939,199,884691.352288,102,837183.659986,42,823290.446417,101,767536.352055,12,734515.002947,200,717800.581547,19,690868.850756,23,670465.630061,99,646890.32349,67,638393.162127,14,631494.961693,89,flute
4690293.695957,48,2942677.175823,47,2859719.064324,81,2584722.731384,21,2447378.034854,80,2345655.505097,60,2242036.092308,33,2159893.03697,32,2083539.279629,25,1497822.212951,79,1420601.180052,24,1357483.979717,20,1212772.257424,41,1163005.106721,22,1122062.694091,240,1109677.914834,49,1090898.136291,82,1055191.617065,42,1054678.366297,241,955005.485893,63,857261.993266,28,786688.66422,161,755668.547054,61,727266.640678,45,712914.916279,64,710614.107024,83,689766.496939,125,687606.295943,43,681650.560507,17,672130.356023,160,672124.011876,321,664672.115125,242,violin
6537939.196387,45,5085498.616097,67,2164290.445514,89,2065186.016314,68,1983400.976286,134,1979395.435696,176,1557234.60217,133,1358548.718652,44,1301820.766103,66,1137633.152525,177,1082269.898255,132,1066457.548887,46,1017994.779076,88,795388.066899,69,716032.820782,90,574446.686437,201,572078.508445,135,557290.35778,178,528002.545237,42,522688.370774,70,498171.050609,84,491795.750782,220,484246.828077,47,441284.494504,131,435539.679779,87,427189.576971,175,418043.139024,266,391528.935275,43,390234.520086,65,379282.141107,71,360445.326287,264,349022.726574,130,flute
5540856.624362,52,4592959.957156,43,4150356.416833,53,2697887.293184,42,1983097.049373,51,1603150.468793,44,1472182.304923,54,1374370.208223,27,1250544.275222,84,1175356.640306,50,1070791.827709,126,1036769.113992,41,994658.978506,45,951036.231267,79,934278.701013,49,894018.956354,48,864759.349105,46,835728.65477,55,744500.001953,47,721268.032579,78,711989.083159,167,699161.110428,131,638446.644529,26,600181.440673,56,596824.464192,32,561491.767525,40,547891.340068,80,462749.386522,39,440530.318704,168,404442.569239,292,363808.818356,57,353947.567655,81,violin
4118385.956757,18,3701883.202604,17,3404434.395638,20,3276468.481727,21,2900350.260589,60,2468559.759695,34,2239688.602293,19,1819217.734379,12,1732405.54666,67,1623183.639411,50,1457717.775549,23,1350722.302683,51,1329740.296911,40,1235511.107066,79,1170635.809552,100,1107721.160099,16,987499.191965,22,908603.357828,99,862737.080277,80,808779.110332,117,771391.384121,59,672967.565004,45,625781.825893,159,617196.710184,52,596021.496339,53,585222.683461,61,538638.024442,83,477322.267518,15,469615.437941,49,454578.564383,41,447731.45499,84,407589.389887,26,piano
5958906.560051,67,3834479.067409,71,3246987.558076,132,2802636.727688,141,2781564.261202,36,1908449.178902,176,1908319.551527,133,1680496.640631,106,1570868.004036,66,1506521.085811,142,1198400.940043,68,1177601.539852,134,1022344.653446,140,815275.255273,198,761004.63362,65,693427.437341,131,684704.484887,143,602728.807472,177,567504.072989,135,552236.052392,72,485099.723694,139,453660.294393,144,449397.824011,64,432876.024569,136,425619.979852,130,418012.287009,45,415543.363509,138,412061.257843,316,381904.301686,69,381009.526681,211,378198.500413,145,359523.965682,128,flute
6813130.216576,56,4611084.830887,28,4254434.565014,29,2047306.826106,111,1632215.80316,30,1399069.366147,27,887392.575032,31,828853.944192,26,811100.676617,38,801197.434334,75,772640.745255,55,725319.816086,37,716483.501232,193,681961.804707,32,585180.569237,33,570269.960812,25,521811.872673,148,507806.489435,34,494134.398877,36,472754.718275,74,469157.134956,35,444897.643881,24,443800.656668,83,369870.873392,84,338250.195113,194,336799.282437,54,336646.063374,110,309731.564539,53,309707.482227,23,292833.613231,139,282640.785827,222,268696.976537,22,violin
5876537.244969,26,2649715.074885,25,2635887.146286,34,2288886.832922,67,1619213.760773,100,1618006.876984,27,1579370.842833,50,1507598.697522,17,1507259.824105,79,1480180.49994,119,1201013.006233,75,1094416.278005,81,1056033.116652,13,1053294.910585,133,1052110.166907,14,991448.863593,40,990501.966554,24,887553.806294,51,760543.804962,28,719315.339657,120,713368.989613,118,710197.251092,78,697045.294774,15,693154.942564,238,688069.767159,84,664073.097452,60,649229.350923,16,630588.361868,23,630361.83281,29,621935.432741,82,606852.032492,76,580420.411943,42,flute
6260081.734408,55,4379374.826181,54,2134878.46196,161,1930451.879335,52,1869325.631331,61,1714392.423173,68,1547677.555313,51,1406881.387652,72,1282122.369034,62,1252271.790059,101,1229251.837859,215,1207935.995034,120,1118489.786414,162,1067231.444912,214,1055251.607107,69,950723.826162,160,942379.358307,107,924191.24508,108,870489.386972,60,868267.524486,159,827303.305682,53,815241.077503,50,778636.645079,67,703330.423317,103,703071.160461,100,690293.629666,121,687574.137955,151,670935.980735,119,669771.542261,56,666703.26366,102,616484.377681,152,561719.341542,63,flute
1418204.971895,11,984990.112625,36,764218.005745,35,739343.29738,29,660578.070403,57,548661.722572,28,476057.948172,54,445939.237149,19,406766.895852,17,400542.243135,105,397840.83097,85,394840.472079,27,386514.327961,16,383828.072007,84,365183.154198,20,356019.506852,30,342836.359602,26,300189.973449,31,283984.374988,58,282452.575482,12,280044.213002,69,272283.443142,71,271486.019082,139,264749.840519,15,254852.942053,14,242813.700418,82,238963.989295,140,237563.957106,175,230576.157675,21,225100.506046,56,221362.250861,32,218423.03113,25,violin
7806101.368708,27,2873196.236187,53,2580451.746197,80,2424608.121367,79,2017331.304965,54,1694991.123902,28,1208665.932277,26,1203165.228644,81,858081.447266,29,805649.386573,55,774734.519038,132,758696.848746,158,727956.049805,52,685723.141547,106,612433.823848,30,601845.533529,20,591472.085622,24,562659.636194,78,555497.515908,105,535882.448351,82,525959.279273,56,522948.428796,22,477855.578877,51,464501.854272,25,436827.335992,19,429620.904396,15,411619.708084,77,386139.097854,21,381201.680876,41,376051.794055,83,373293.992346,23,372992.046593,57,chello
6032494.650054,45,3382315.007029,177,2379339.915152,26,2197368.647747,133,2134884.52804,34,1889610.12307,178,1575404.139225,89,1476715.327761,179,1364726.729587,134,1275555.94146,40,1210457.387752,38,1152469.844857,17,1094987.286619,33,1081007.67769,35,1006363.98688,18,997895.748257,25,996290.522153,50,966781.419127,100,841649.244081,160,816554.140958,266,767865.841201,176,759494.552476,119,738906.671722,67,730460.051821,75,729003.763096,51,707854.287704,265,681757.999,180,651793.917283,27,600023.641215,135,575353.698691,200,527903.565078,42,508959.826578,19,flute
6416990.939685,80,2664158.66079,67,2515265.511973,11,2478951.480775,40,2297898.225927,79,1891935.172811,198,1711145.617588,159,1541507.132002,14,1528510.262407,41,1206579.917082,81,1091519.398286,119,1086982.499362,78,1023214.540881,51,976211.879563,34,934451.649504,21,916488.86736,77,861522.788467,35,853710.645796,20,819966.86085,133,797315.516206,167,786503.725179,76,719868.675471,12,694930.163285,99,683459.386381,158,671167.189571,45,646867.622826,39,642802.179267,75,609211.020069,82,591548.26806,27,583158.445965,66,568912.693984,160,539483.905916,31,flute
4685758.991162,68,4336685.583091,53,4123020.0399,67,4112213.819222,134,2317584.721426,158,2041065.79419,66,1877442.742851,54,1384967.207857,69,1334604.264455,201,1039972.015268,106,1038971.291394,65,927839.276711,52,895795.354996,55,886103.149533,70,840537.435814,64,778803.436827,105,705922.082118,56,678186.243652,63,594845.112073,62,591712.495634,159,546038.327083,71,540956.700069,267,540549.503019,59,539745.391023,61,538971.53941,57,530745.951829,60,529580.761657,132,514058.2017,200,506323.758228,58,502057.189123,135,500537.735084,51,484608.391866,72,flute
7100325.232641,13,3485779.016168,25,2900453.751594,24,2038757.621481,60,2030005.562976,30,1921671.880819,12,1894033.731543,31,1813202.211316,48,1067069.055163,14,1009713.076724,26,1007087.698846,16,992604.161312,119,987060.971913,27,917694.345843,29,813501.622853,23,801003.691349,11,728851.02123,28,706569.426646,22,696018.917325,84,681154.141109,37,566960.459128,19,557848.484591,15,555517.950189,18,520697.170887,32,511487.189035,49,507052.545014,89,407510.537097,90,395227.742882,47,375318.327504,21,371798.387675,36,369042.947796,17,360038.373054,33,AG
5099665.937569,90,4964705.69985,91,3195136.474875,89,2502434.953616,183,2241464.986874,182,1875907.820658,179,1852747.025591,180,1389179.00345,178,1340211.117793,92,1259425.744975,87,1118920.282611,102,1084603.857781,103,1075522.51888,104,1059623.06525,177,982245.398243,93,889788.327017,88,849026.369334,105,826925.531293,139,802143.34764,101,774405.500561,85,692496.380141,138,669544.093407,106,632364.966744,184,617899.793609,176,594822.309904,110,588587.638561,95,582399.56973,109,575986.800288,185,566078.246307,148,548258.981311,100,532364.911099,141,492988.786747,83,flute
6710800.826285,158,3737597.809721,40,3508434.924717,53,2204775.796532,80,2046178.976112,79,2027236.487508,54,1928525.211552,119,1638247.401924,159,1487529.794435,41,1148773.339414,106,1027655.125313,52,852636.418096,39,723242.642312,55,698509.332397,78,650607.934815,81,649276.261307,42,608951.902913,157,552173.051052,51,517205.876848,38,490032.853402,160,460947.828136,56,459022.306615,77,457932.890155,197,435081.464309,50,409310.176546,43,388295.653184,34,386541.024642,156,384056.536929,82,381677.65496,118,367397.702588,120,346882.547877,76,336715.936354,57,flute
3905386.290377,18,3378190.720505,27,3166779.031228,36,3027996.632118,19,2262218.064811,31,2112325.761377,22,1860575.80998,21,1837311.97337,32,1767901.489441,40,1720088.844275,30,1699588.262542,23,1601552.117283,17,1596749.836928,39,1552459.492066,24,1344890.421965,106,1310599.14288,41,1252355.560381,80,1248554.644965,16,1055859.90325,29,1026234.151961,59,987408.792227,79,956366.597738,60,944786.050604,81,912181.3944,33,868031.237649,13,860212.222034,61,842208.393591,35,833020.979832,58,800866.447402,38,757707.342261,28,752639.058736,25,711101.446031,26,AG
8407526.886863,94,4350858.984775,95,1691586.165339,96,1444281.741671,93,1179364.348664,75,981892.249451,92,842868.51124,281,836246.34634,76,835619.550553,149,792463.646452,97,676817.531497,74,662037.221328,280,561751.331477,91,532811.045384,187,515749.098347,150,441167.233508,90,412689.56473,77,355997.352666,98,319506.319264,101,305344.072079,73,295521.584946,151,295298.901008,100,293827.916965,89,277680.796229,78,270519.855019,99,264825.002802,88,248731.761847,223,247554.36653,87,244516.235591,148,242907.143722,72,237299.246402,188,230543.780896,63,flute
3656050.487307,23,3253936.684375,34,1904225.794588,11,1843084.893274,35,1759062.860185,24,1490835.103403,21,1475948.161644,33,1324582.584821,19,1188299.783547,67,991203.881922,22,934663.931848,18,848688.21798,68,691089.105848,28,567896.500034,45,560460.391408,47,559624.58212,13,557541.825107,25,549767.523079,32,513479.915989,29,479827.425592,167,477617.154189,20,459256.945359,12,425235.153623,30,397971.393609,14,389349.905279,16,384251.13149,44,372965.162525,26,368866.004736,166,344581.133182,27,303896.20717,38,300802.05032,17,291762.023305,133,AG
7665270.922682,27,3540577.551517,28,2522383.680423,18,2494253.19972,36,1766477.074718,26,1665070.300703,19,1410182.695238,54,1410156.179078,29,1184481.640943,53,1048600.95281,80,943310.807153,17,886622.86642,25,787267.652193,30,730189.891551,31,637498.933825,16,543848.013631,32,538047.967529,15,495085.702904,24,473965.977548,14,468234.593436,34,463240.703458,52,457873.690608,33,429721.599893,23,422879.631836,13,402605.466742,35,391957.982171,12,375475.358816,11,368574.011315,132,358520.385966,89,291502.913215,51,290572.885458,55,288987.064042,56,AG
3840201.808114,16,3741668.222294,17,3184234.126497,15,3112294.036143,31,2799498.846474,32,2657510.135838,18,2532832.780833,30,2071576.991134,14,1895675.0839,29,1832727.235349,33,1507040.157624,47,1464018.620081,46,1341951.794688,45,1147782.896949,19,1058312.094037,48,1009968.237029,35,982967.273735,28,978939.391372,21,864414.592808,34,836424.841557,44,772279.382707,12,759794.374885,37,694112.231128,50,689065.961015,22,685444.686796,36,683129.194938,49,666138.268333,38,663140.896129,20,656726.857013,54,629334.601371,51,593881.961808,27,575283.156905,11,tuba
4732812.64877,17,3574390.852115,16,3515346.160698,50,3265583.515123,34,2378663.241598,18,1880966.960045,23,1807682.959532,51,1600944.738222,19,1469774.945611,22,1296999.727954,21,1189895.868137,20,1184570.479048,24,1179689.35371,27,1148510.879796,45,1092260.830799,25,1089181.169501,46,1077125.209357,67,1073935.043165,13,1022169.987446,33,952941.08251,14,945252.721279,32,915628.093238,52,864707.582981,49,852186.550163,35,801631.145606,31,759396.557009,66,720861.369749,28,698048.662093,42,682907.666902,15,679466.400129,41,679065.312656,11,671259.307323,43,tuba
5796958.00211,33,5439039.933829,35,2434103.309268,36,2409307.506584,27,2248849.049172,32,1840367.294748,37,1686748.32996,14,1610052.323944,40,1407377.930496,31,1307484.554146,34,1098328.906036,38,1049306.48641,67,934084.5303,39,891664.988632,30,810201.705465,29,803457.046061,25,782701.514958,26,716184.395736,53,609377.243756,28,603688.115615,24,537461.079064,68,498626.699725,79,480238.817086,21,478451.281193,45,476664.495924,23,472411.925275,44,394047.344291,42,379719.320405,20,377341.161058,22,344578.660867,16,329078.840263,41,327739.175046,19,tuba
6697307.347689,53,4974135.144236,52,3544943.907854,27,1830227.601075,54,1691554.417639,51,1491054.964851,78,1419455.986516,79,1164182.181679,55,1077727.777654,26,993823.551155,50,741781.010308,49,713488.606881,56,666090.955694,42,634446.403452,57,539971.881968,25,514926.56499,48,512597.159594,80,473960.22797,63,456134.057381,47,449815.944325,58,437467.135625,59,396539.751295,24,393901.520436,81,379464.543808,46,376057.583191,61,372072.85848,45,363057.233031,60,359092.209674,62,313728.915826,77,311862.025237,23,308490.92658,83,289542.771048,28,violin
6661319.37676,48,3479207.035604,94,3194665.519949,47,2844457.43939,95,2062729.312904,188,1962731.843467,49,1479641.327022,187,1465856.215143,96,1436199.219193,141,1302236.946593,46,1059405.295006,189,1046728.623403,93,1037726.426777,50,923089.897544,234,896286.998748,97,776598.01207,45,701678.69855,51,636296.59905,92,629330.490748,142,600247.542051,44,533679.063233,98,524538.806988,52,517580.6364,43,494084.154089,235,470004.565735,190,443481.030682,53,428986.556205,140,402667.821086,99,398223.272404,236,396624.046462,42,392491.348007,91,389189.784571,100,flute
5389159.044684,11,4544589.514552,23,2659038.173273,16,2523190.145999,26,2405152.581533,12,2125606.657358,51,1790177.633281,15,1772646.278955,50,1284040.086893,25,1216224.203174,24,1107684.555721,30,937981.968347,31,806049.932188,52,791030.411967,274,702656.993625,175,675182.431916,174,616573.829206,19,583769.087673,14,560240.248409,17,551386.198521,149,536621.778593,45,522584.84402,32,522365.704694,36,470784.540516,20,461937.769864,35,460366.022857,53,435054.250482,49,434035.879097,84,422338.50697,85,408536.476149,150,370051.02489,75,362830.054265,125,AG
4833143.205106,30,3119123.286715,40,3022594.702063,21,2886872.995126,80,2828653.13732,31,2350439.104647,89,2349138.174605,20,2123637.320175,79,1423930.939207,29,1364832.769436,11,1337926.829279,60,1235548.565768,119,1195250.661502,41,1157600.816193,99,1151282.117365,32,1125580.880766,179,967240.7639,149,930983.345633,28,921151.77704,22,845629.620782,19,808313.247915,78,804635.006405,90,794949.269087,81,787416.454061,27,777307.322751,178,704905.881332,100,704838.517219,16,683871.921115,33,672752.43168,15,637399.495786,59,631673.703125,23,586419.863708,209,piano
6686069.959161,67,3615465.504848,42,2908716.735061,43,2193360.863666,133,2189644.908038,45,2173734.769034,66,1868831.082862,132,1759688.50484,126,1573667.801646,134,1232681.681315,125,1073426.111904,68,1024396.774503,167,916011.436433,168,882215.964897,131,769274.418985,89,762638.066492,41,742039.16799,65,709426.481766,84,670324.093025,166,643166.808956,198,630533.544816,69,595519.367703,46,577588.555658,44,552883.94749,83,473591.557929,199,466499.124984,70,449292.801755,90,436645.049988,47,432261.681612,64,424339.288958,40,414894.098197,85,410589.498015,130,flute
4518916.573221,18,3964264.280529,17,3663548.96991,30,3596785.095763,21,2577711.923923,31,2284186.946567,19,2028218.884314,75,1944866.636108,15,1210184.610621,13,1177522.541937,22,1160883.318672,11,1134483.549598,32,1089236.125176,14,927797.107499,59,909407.75007,46,815162.968822,12,796456.837626,68,780505.540508,25,739896.664317,76,624112.167527,74,591852.999985,39,587914.287656,24,587044.027504,40,563246.906607,33,522962.287979,16,512934.252525,35,499571.861026,69,495619.180584,61,471990.93625,67,471801.108259,20,455352.855144,209,445057.623717,26,chello
5552432.584534,27,3568992.119563,11,3317637.811166,40,2336616.55368,21,2116703.95904,16,1973663.900492,80,1962734.733543,106,1796400.68112,53,1781188.593822,79,1567708.769517,30,1377941.610986,20,1220209.018005,54,1121357.727383,15,988188.702163,31,975825.494426,99,968007.483044,89,937375.761111,26,868287.992416,22,858284.552654,41,822716.860059,109,736845.365711,69,718097.645514,12,711136.941236,55,672935.941959,78,600173.887582,23,596283.522595,70,589883.609158,25,581241.715795,81,574458.998618,24,549552.817381,13,495964.908319,139,488774.960266,56,piano
0.0,11,0.0,12,0.0,13,0.0,14,0.0,15,0.0,16,0.0,17,0.0,18,0.0,19,0.0,20,0.0,21,0.0,22,0.0,23,0.0,24,0.0,25,0.0,26,0.0,27,0.0,28,0.0,29,0.0,30,0.0,31,0.0,32,0.0,33,0.0,34,0.0,35,0.0,36,0.0,37,0.0,38,0.0,39,0.0,40,0.0,41,0.0,42,flute
6194018.030573,12,4681394.590052,23,3747267.852798,11,1779668.956464,26,1697427.835449,24,1380122.623944,29,1365245.736028,34,1222554.223305,25,1201896.847689,21,1199203.489533,20,1179237.434039,75,1022483.584449,45,982436.172925,76,963645.837846,27,940714.957339,14,818727.38509,30,781733.649261,16,726986.814769,187,710350.323371,19,694489.9642,17,605319.499055,37,583779.935417,186,573548.446793,31,549371.27354,33,546826.531879,22,539348.158709,38,462514.631419,36,408225.43458,112,383039.225392,113,371878.048453,28,370793.385885,74,369175.423945,13,AG
7554990.326304,12,4710780.390687,23,2647152.156384,40,2588385.254838,29,2234819.648926,45,964050.941076,34,869579.489543,28,626495.224561,119,578209.731839,24,574352.288686,41,566123.149607,158,530228.440703,30,489014.585197,22,468515.221421,118,451770.270373,13,430431.228199,84,385821.601842,39,377692.806204,27,367971.491419,11,336476.909504,56,330906.827824,25,306120.564998,31,299904.174324,21,298826.609092,26,287087.991119,42,272067.567167,33,264104.448561,14,247834.411471,20,242794.28404,32,234045.592089,44,217694.202356,89,216093.444695,38,AG
3884025.154304,40,3878534.123415,27,3787132.628497,21,2871121.728716,20,2728878.703387,80,2631857.335264,11,2585291.181702,79,2225888.248321,60,1486941.060065,99,1380855.677639,15,1280276.893704,30,1179960.706545,41,1150325.499045,22,1055311.388587,16,1032657.931322,119,989658.405794,19,933583.982195,12,923983.86313,78,904097.870967,81,799251.666863,13,773815.673861,53,734313.064184,70,722688.805363,14,715685.383339,106,699990.914813,23,668445.160356,26,650532.549119,89,600067.340788,24,598048.076947,42,594070.020372,59,551281.43202,18,547151.318115,139,piano
6644614.391279,12,6441810.926271,23,3064897.491627,29,1333699.949203,26,1069932.59561,24,969559.706684,25,949408.54081,34,720835.210528,28,682686.730246,22,562587.449261,56,519846.942871,57,494001.571224,30,478054.136005,84,470727.563576,67,429374.733248,13,410367.323229,21,402179.960756,27,376737.355724,85,371066.860853,17,355318.761193,75,352584.121045,20,320355.286337,140,306639.398905,16,273701.848552,11,262640.68979,31,254048.409791,50,202531.377399,14,200880.202416,177,190273.18693,280,187406.112388,33,183088.224182,111,177817.094852,19,AG
5937585.849285,14,4362807.806584,20,3473258.764998,16,3263165.904221,13,2558566.129091,19,1366990.647412,34,1310629.885938,21,1282303.930975,15,1107967.737113,26,971619.769033,22,961271.080253,30,898038.026739,29,883364.611007,27,801313.117604,33,751879.683013,18,747041.883957,12,688018.903211,42,615150.652753,38,613831.588062,11,547328.86461,39,528574.840942,40,517599.397692,23,467077.73411,24,443119.119935,31,440697.902411,68,407778.080318,57,367167.554627,17,350236.874312,28,343442.537779,36,330581.576093,35,328042.251848,56,327318.576672,45,chello
6051393.809166,54,5290248.123815,53,3091872.736001,89,2447690.062834,90,1905439.749177,52,1842010.725399,55,1541442.914645,18,1439700.898824,88,1122106.087759,56,1085581.418462,51,886114.502523,19,810204.811118,36,801625.556166,50,763130.248817,91,755145.992163,49,723445.611066,57,647187.435705,17,637384.689411,92,620065.52172,58,507660.438243,86,489985.658067,87,471846.484362,59,465987.907616,48,464755.220502,60,461579.217878,71,430840.001203,93,408868.160262,47,408862.447321,106,386605.356572,61,368557.541838,85,361063.452998,45,339826.378194,15,piano
6497285.940297,17,5172790.127785,16,3229555.190705,32,2081980.845031,79,1920183.698001,48,1692098.998707,18,1620855.360352,15,993972.475744,19,923408.382042,14,890231.608054,47,695672.842809,33,664654.488882,20,594503.947741,78,581212.212477,110,568715.366604,63,567803.307466,21,563669.53148,94,563119.263875,13,547266.531549,12,541605.350661,95,520297.880206,31,498132.943473,11,469292.739741,27,430310.801555,46,428836.536126,22,419941.42558,157,387100.18987,26,386605.888661,49,362601.014176,219,361215.480739,24,351743.044881,23,329873.313931,80,chello
6190951.945613,34,5405268.365571,23,3833283.192076,12,2888662.084313,45,1643010.764088,35,1308433.930562,22,1258782.14933,33,1086469.31484,13,653814.028838,36,590413.113482,37,572326.704826,24,570177.080735,46,544271.919092,67,527315.431039,56,506698.839429,32,492298.497569,44,488863.734506,11,472128.975616,43,432036.796034,14,428012.625099,17,421331.500518,26,384575.648069,47,374164.775433,18,336316.474472,48,295754.319101,25,287093.656207,39,281875.684453,40,257053.104689,78,249550.866409,15,232583.524205,38,231688.434033,55,230687.701338,41,tuba
8028647.271563,183,4493194.707405,184,3006591.288087,182,1883648.863219,181,1470106.099797,185,1188925.389343,180,705631.37112,179,560713.919752,91,449660.443821,178,425507.863273,90,424382.943783,147,417066.436273,137,385665.012067,149,350808.235499,138,324743.433016,177,307854.307787,365,271605.451454,136,268909.915965,186,263977.414174,146,262879.944995,366,248514.27542,145,238276.124816,152,222712.307186,156,221168.151564,151,211024.952494,150,207189.927541,139,202604.107184,154,202188.009726,148,197317.792749,155,193937.569094,140,190128.949548,144,183957.133706,153,flute
6322199.396865,56,6055998.716441,57,2291658.919302,168,1755891.724578,167,1689324.667633,74,1475501.598095,55,1288673.30419,112,1242718.604941,113,1198731.117339,58,965040.897616,76,901184.425801,148,788681.054705,150,753046.955513,59,726058.311606,73,716138.680071,149,698986.363136,54,558323.220613,60,556644.247535,77,534499.812225,169,527727.518594,166,515543.738372,72,440263.591503,61,436903.372864,71,428149.93555,147,414615.233703,151,395222.790525,62,369225.465604,75,368210.331337,53,367354.105584,70,361613.550669,63,352456.675099,64,351202.10372,52,flute
5723125.583576,56,5119958.222959,28,3771483.481353,29,1766948.58145,30,1485016.5491,57,1484496.713414,27,1338047.890793,36,988028.874235,31,941859.112963,35,890163.714319,54,744856.161016,32,723060.681471,85,717278.746282,55,676852.367884,26,648748.088443,25,591862.194053,70,560241.579925,33,558269.414942,194,553801.283107,37,500639.179905,84,472523.715328,140,447149.371601,38,441248.482079,110,437196.11417,112,430700.059431,34,425293.63394,24,414953.716372,244,399908.214203,47,386969.878777,39,386859.801258,113,377659.252269,43,376192.000853,109,violin
6949868.743283,21,4998073.987039,22,2335692.905374,24,1717288.412297,25,1715944.226792,20,1477588.803349,19,1471370.350689,30,1452284.207236,18,1202450.84631,27,1109115.090568,11,794874.993895,16,764351.075156,26,757563.306421,17,754111.181365,47,728022.00831,43,648791.130949,42,591711.23616,104,572099.764346,31,557743.517981,28,557068.000923,41,517431.879237,14,513523.486138,29,501410.914113,15,493840.686728,61,482325.074823,12,457270.82026,119,451057.106356,59,436253.142511,32,433751.694866,84,431312.683389,105,422877.236663,23,409569.718445,71,AG
5535575.335339,19,5099679.524185,20,3367519.672453,39,2459178.151074,18,2338406.120531,56,2145670.288556,38,1674438.14723,17,1397217.09418,14,1198813.176283,21,1123535.418161,22,1088496.09994,76,1069091.977468,16,1049922.134195,15,872299.827553,11,806536.276265,58,690158.1249,85,690038.994754,12,655618.546515,40,639297.12353,75,526546.666273,55,504312.315446,24,502041.920432,57,486864.904288,95,480135.139793,74,417347.541992,60,409442.730221,23,400398.363243,25,382234.064621,41,365782.738491,84,356829.104327,59,349550.943066,54,327184.161364,26,chello
5165921.567643,17,5037407.997031,16,3849790.387172,32,2090138.285373,27,1916120.18295,21,1790876.117073,18,1511929.717199,48,1424961.953507,79,1408476.96654,15,1398597.71885,20,1388206.14831,94,1169508.28445,47,1146098.474907,19,1017427.656758,14,864225.484428,78,803811.788824,24,659770.87056,28,604834.002603,33,601622.155013,12,597012.933045,25,579518.374909,41,569422.156033,40,513802.93898,13,434821.431304,29,424053.681306,46,372224.637342,23,369297.876401,95,360337.494645,42,334559.443683,30,333548.441259,45,309548.21067,11,300014.046174,34,chello
7060536.946654,20,4192575.894705,19,2325897.874092,18,1964088.809663,21,1872767.490801,57,1717652.133963,39,1699974.514884,38,1528250.93399,17,1514451.275799,11,1176747.769205,16,994551.519351,22,900070.091344,15,844281.897566,12,786919.080011,23,767124.579778,76,665625.770802,24,664336.81174,14,573814.935363,37,569426.876044,13,518337.420509,56,499479.425931,74,486117.10682,29,469033.512731,25,400412.048922,40,395747.313091,27,387095.482506,75,369907.316562,77,366985.37715,28,295705.430537,26,270298.792841,132,259689.409754,55,252532.910293,41,chello
7535350.228898,50,4692370.22781,26,3569277.907764,25,1389050.085375,27,1306656.918715,23,1089739.757205,24,1079808.293479,45,801572.576822,75,779374.371055,28,760690.44046,30,708327.184651,29,641955.228532,74,621105.672141,49,588817.416059,31,532444.239762,22,479308.674895,21,449805.923859,32,438083.244927,33,410349.82538,20,326937.821091,54,324642.14042,19,309859.821437,51,295090.228403,44,292596.999548,34,283937.026386,52,281951.940041,16,281391.661016,17,267494.690328,53,238348.694249,35,235305.825921,36,233314.951735,48,220031.686087,46,tuba
3659356.71518,11,3642666.20848,12,3105901.161708,13,2693046.004479,19,2678940.779722,30,1902619.976051,18,1899541.814189,14,1804407.642942,16,1691977.014181,31,1546837.286692,119,1538798.230275,27,1520066.290906,17,1511818.831636,118,1451705.992358,60,1393062.597269,40,1390095.820352,22,1352634.784051,20,1319045.16394,28,1275693.658444,41,1266231.807015,120,1189389.964684,25,1125084.539023,59,1106931.882176,29,1103580.676089,26,918607.152171,23,899698.542957,32,761455.530578,117,759868.677785,61,701637.64782,52,612031.048214,35,595526.539172,80,588068.677413,54,AG
0.0,11,0.0,12,0.0,13,0.0,14,0.0,15,0.0,16,0.0,17,0.0,18,0.0,19,0.0,20,0.0,21,0.0,22,0.0,23,0.0,24,0.0,25,0.0,26,0.0,27,0.0,28,0.0,29,0.0,30,0.0,31,0.0,32,0.0,33,0.0,34,0.0,35,0.0,36,0.0,37,0.0,38,0.0,39,0.0,40,0.0,41,0.0,42,flute
9130380.973921,51,3277797.435684,52,1529326.418724,50,1020059.068341,101,973315.27126,53,852357.611855,54,769234.514066,30,681560.068671,31,679609.465424,102,585010.597028,49,580463.073768,302,419395.989961,55,407644.688307,48,385479.769049,26,355116.059352,56,345320.293056,47,335829.064045,33,330079.458285,46,294446.317194,57,270783.669743,58,254445.295881,59,253052.186844,21,247479.521429,36,244110.717338,24,243015.032788,61,240044.976563,301,231296.378808,201,222244.677064,82,210618.981657,60,209618.506299,32,203397.53772,25,200469.20816,202,violin
6405571.405095,54,5570775.132342,53,2531961.662703,52,2160962.277283,55,1774242.287585,56,1656665.384397,89,1185770.674751,71,1038170.91145,51,978257.156061,57,927247.243266,58,908865.694646,30,903508.922383,49,862870.538862,59,845168.83363,48,719883.311931,45,692429.865281,50,644750.703167,46,636235.776718,90,595678.165428,31,587257.704854,60,521679.945679,26,468499.875699,70,450083.5216,72,447448.517488,16,446958.458916,61,444334.870323,106,419304.391916,75,415227.13602,43,385093.785249,47,374924.197522,62,366613.478365,25,341627.897584,63,piano
5049861.924314,19,3704957.191482,18,2364821.493725,20,1805556.844176,17,1462869.352741,29,1357385.031552,11,1165474.273737,48,881103.487286,21,590484.916792,22,553073.995923,76,523011.654681,16,513698.390271,30,462111.051114,27,414935.429552,25,412078.213237,23,403795.934138,39,391525.528482,35,372434.818259,77,335149.926751,47,324796.613556,32,295295.061657,75,284200.81928,59,277081.16766,56,274475.01914,31,268416.274531,24,260483.070901,49,254525.392361,26,223059.238401,58,217713.542212,69,217598.043901,14,216735.143193,38,213161.840554,28,chello
7326297.704382,12,5096623.788847,23,2951289.350264,34,1848130.666299,29,1323373.907606,11,1183161.653036,16,1028278.628082,18,925037.144747,45,860393.225829,28,754261.633934,24,724302.359554,15,718563.441307,22,709022.603647,17,673019.314184,26,660235.115176,19,619834.283252,27,520406.677214,67,502013.062492,20,495300.311408,21,455614.568045,13,450998.5637,84,394905.275113,100,363140.394911,25,341507.288525,14,327721.695999,233,302962.784943,33,287306.986144,30,274832.037364,200,242793.006301,56,225879.582253,223,224285.157059,50,207496.040926,31,AG
3368014.420356,1491,3126019.812547,1513,3089001.135777,1406,3018138.788672,60,2951807.876055,1220,2695079.973495,1289,2689162.235673,1120,2672785.77803,940,2636069.773872,1023,2620507.203815,856,2607952.202747,818,2598027.130327,1475,2543520.45859,1283,2457280.959218,817,2454095.90858,1069,2407543.518889,1035,2401298.483253,1544,2354134.029704,1474,2351821.866043,1270,2334467.818036,844,2319312.197682,1094,2313248.866976,814,2301369.448736,822,2288883.944129,1240,2282441.255678,1582,2258722.088428,1227,2250100.565592,1427,2242295.802677,1461,2230769.681904,1587,2192575.225104,1077,2176489.700673,1422,2170436.483412,1291,flute
7365362.739499,22,2725995.817376,17,2349085.631033,16,2215322.454086,11,1785558.352288,21,1648128.1055,32,1496405.23939,43,1420202.20854,12,1274037.337665,23,1216555.138243,79,1186555.258684,47,1147087.560511,33,1122742.807094,94,1060146.213719,48,1014894.52921,105,959432.062763,18,891844.897882,74,764282.909403,95,750892.906629,24,728915.66431,15,711498.546755,53,662806.299178,46,655438.122345,20,647783.374588,19,635033.484937,44,603045.402139,14,584203.182495,25,571311.649429,45,545514.604584,78,537063.861899,34,487233.412525,31,478139.894852,13,chello
7809154.477389,67,5003263.807168,53,3387479.224994,133,1407723.079857,157,1037767.510392,158,933351.950858,52,777190.289078,105,630419.140709,199,555674.825674,159,467136.770957,54,415948.650177,106,373781.643753,68,361603.159756,79,277875.425728,160,276510.171898,66,267438.053707,265,231899.217591,107,229924.260348,156,210968.122261,331,209357.847355,134,191330.563376,135,178513.355022,69,171845.294835,161,169923.937908,55,156998.548922,51,138271.651901,131,132327.520021,132,121833.018525,136,113564.499484,154,110368.66594,163,109907.981279,198,107235.43108,162,flute
6415014.518144,12,4190563.8841,16,3756970.688557,15,2765871.192587,11,2246316.913743,23,1838601.442774,14,1272710.85655,45,1248467.245423,13,1101490.472577,31,957330.787832,17,894290.99121,20,755274.618016,30,742842.206856,19,706901.669549,21,693907.438928,25,622268.195921,26,588771.311799,32,561699.692834,18,509779.649946,22,498484.524733,24,439093.685175,33,379695.925793,46,342111.850824,44,338423.901203,89,321499.456373,60,302487.158753,34,281343.157165,74,262198.925667,43,254650.274445,28,244582.215531,27,235294.425803,90,222118.528179,56,AG
4418942.468256,24,3552611.195429,18,3011234.892248,32,2672741.468369,19,2636840.770064,25,2354481.79101,11,2312798.444068,22,1592424.039812,16,1407463.500864,33,1303462.152774,48,1240823.035897,63,1181173.241713,94,1168064.928227,31,1167321.997101,14,1161252.146697,42,1143479.126852,17,1139943.164671,20,1059864.778076,47,1033967.470374,21,1001062.392065,12,889552.223229,26,864078.773602,62,859863.846656,30,855600.686181,13,818095.959229,119,796396.485689,118,757911.955171,27,713115.704524,60,665005.875788,43,632115.666918,536,631477.866046,28,594176.006892,15,AG
6832907.599463,17,5527199.430842,16,2537743.611217,19,2422184.64381,11,1261213.870335,33,1226013.626058,32,1162217.755227,27,1111212.654446,12,953583.939149,15,945647.708364,18,877406.208287,21,835353.950179,26,762976.584958,20,601533.922007,28,577633.241666,30,542864.112467,161,529866.935883,23,508840.121539,49,420269.695227,160,409370.964758,25,389413.794916,13,378698.048681,48,361211.960681,29,319957.346188,162,303651.084191,22,298307.519756,24,290774.001621,55,227775.762353,108,222251.765584,45,212854.919386,61,211694.511708,31,189954.22485,54,chello
8564147.106945,53,3020210.824639,63,1381353.120964,32,1316349.530665,74,1312932.547789,37,1270987.800747,125,1112848.384881,38,1033571.050054,62,976875.498457,111,822351.905704,105,739427.541372,75,704643.139775,64,675187.826618,52,665237.114602,184,631869.308202,94,605680.736706,124,603121.709816,33,504009.170396,373,482451.866178,209,477069.154057,31,470457.211446,60,466542.266781,185,449316.958241,187,448177.732749,249,445185.051185,29,436023.904505,261,427902.147501,61,420460.243673,34,414890.823521,247,397637.59142,123,396772.395955,372,374942.873355,36,violin
5983096.741278,17,4872770.440175,16,3965508.256721,32,2120560.304055,79,1985348.364449,48,1553760.648189,18,1550905.996542,15,1057231.381306,95,1012561.86167,19,967988.996674,13,916179.254892,94,694249.399659,33,655596.4517,47,629478.177817,25,609983.196903,26,589695.399258,20,536566.88949,14,476636.907063,31,466144.013046,30,463278.882892,63,445595.275262,28,445305.566561,157,439754.889605,21,435088.273088,110,402030.148204,22,397402.397283,49,391771.595285,29,390528.870936,23,359033.146165,188,334777.053937,78,328250.489357,24,317475.632966,11,chello
5388471.801315,54,4737165.97797,55,3299220.450066,53,2580357.109305,51,2531089.432937,52,1823578.247676,152,1770591.607169,160,1539800.370524,45,1518280.229941,161,1399298.392638,56,1276067.561689,90,1233618.698502,50,1113701.280708,154,1106263.146086,153,906032.290605,57,853261.080704,159,742492.035657,162,690620.279802,91,674842.066495,49,668448.891275,58,621253.584516,155,588378.777284,151,560014.404557,156,521799.356612,103,472117.711406,48,451101.991584,44,438681.819643,89,432457.848704,47,424223.362614,203,420267.662971,46,414068.731212,62,399572.098343,60,flute
6703678.860376,17,4896418.971329,11,2828412.888876,16,2638111.404282,33,2355851.245682,14,1848964.228134,21,1458497.214378,15,1105008.346054,32,974125.979388,19,923446.405236,34,690381.50472,49,549157.941526,20,530283.499352,31,523907.624322,61,444473.427879,35,424499.55257,12,403568.711408,29,400450.574227,28,352748.816465,13,310999.339801,64,306176.292906,48,287230.004989,36,282929.558483,65,267943.612051,37,243701.466233,30,243040.142569,40,241097.625117,50,236075.830167,41,222159.413178,63,203348.486909,51,182320.65552,38,171837.441944,71,chello
6420942.370653,13,3863816.354128,12,3495556.660992,40,2643158.629044,24,2130449.699556,25,1771778.53606,14,1675198.714693,30,1619865.32545,11,1215355.371167,41,988448.462593,15,954691.467514,29,926069.94312,27,855634.31592,16,851372.226199,26,731616.520083,119,699955.889096,31,664853.495882,60,599073.786071,23,587698.797717,39,579655.949086,47,568746.032469,42,566414.549878,17,564410.78086,89,548385.917134,18,548144.876781,28,539119.009283,117,534712.321048,79,481844.176286,59,450097.321923,71,424012.217801,48,409256.449492,43,391811.679848,70,AG
5322151.795391,30,2598445.294667,33,2133613.442167,11,2062050.361246,13,1887767.143095,12,1831981.638549,16,1543980.897243,29,1458419.051185,32,1315726.742239,17,1292355.878483,89,1187394.15015,20,1072802.129842,91,1000784.219188,14,899826.70588,46,894138.432501,15,814777.109006,19,737304.491739,64,735122.188496,21,702564.362759,18,687902.19637,31,657072.768438,90,619354.725768,149,575351.586688,55,542230.238737,23,523189.744488,45,517724.620238,63,516432.5395,24,495941.562407,60,482630.848006,92,474973.350465,267,470907.115733,22,470748.787539,35,chello
5042613.824472,189,4389560.659129,64,4297339.962084,63,4191643.8457,188,1921660.692322,190,1695794.212609,65,1514310.01584,126,1411929.177087,187,1284534.243298,62,974084.111152,191,903691.968559,66,831757.414654,61,813517.666116,186,693296.14417,75,690858.145796,185,643835.146002,67,640811.484021,60,638419.712495,192,532585.618126,59,498569.951736,193,491888.098412,76,470148.659202,68,463761.271289,148,446203.277185,184,423156.037108,58,405653.670087,183,366709.689665,69,354044.496193,57,351879.131714,74,348578.529572,194,345809.625196,195,323166.811416,149,flute
8049187.735223,101,4229711.671763,102,4044849.148584,100,1551411.743928,99,775050.342908,103,611437.17128,201,522219.590104,302,509273.907078,303,389987.408827,198,338437.957898,98,306697.054039,203,292692.708792,299,263773.474854,197,244693.182711,202,225338.844573,196,199162.89086,298,196770.119778,304,195369.774693,199,193505.251489,300,190605.869521,301,169327.227544,97,168263.954405,195,153573.850682,107,153487.333924,501,148701.948469,204,134323.857158,105,129888.343247,90,128722.620633,148,126954.937915,178,115458.538956,503,114703.392567,194,109825.904922,504,flute
8753215.993532,60,2454211.002806,13,1911657.324524,24,1507318.00689,48,1348497.952278,59,1288569.946822,25,1157896.495753,61,1131875.929894,94,918678.00505,12,874337.282346,47,834356.88557,71,802507.149998,95,726413.726006,36,714922.081199,14,629841.962712,62,585388.685027,11,552028.671716,26,548380.521255,58,513045.037395,49,502565.28605,23,404362.034022,83,403987.71398,63,385089.574324,15,381099.164897,20,356344.272737,65,346832.510087,92,313373.709248,16,300412.529845,57,296777.31462,56,285774.412027,17,280839.851487,141,280208.481697,27,piano
5280148.494975,32,3825490.7595,24,2776814.093382,31,2760111.459748,33,2321498.979532,18,2196709.94065,25,1691356.978325,19,1603270.359247,22,1599569.392046,17,1523614.601369,30,1417346.943773,23,1239238.843353,40,1211532.829271,28,1182684.753672,27,1096021.152946,34,1077642.227166,21,1002393.384123,11,841258.557273,20,777630.106092,15,753963.895235,29,733317.537257,47,711561.475297,94,710491.063029,79,704698.355838,12,655265.074365,14,639600.014224,344,614126.448297,36,598812.189394,63,580462.432589,345,572198.017305,71,528637.159103,188,519480.562123,62,AG
3612483.966687,120,2963195.879773,30,2932693.163212,47,2779220.515806,31,2659815.104681,32,2590473.420099,48,2374165.985414,24,2312160.094625,121,2121545.79495,49,1783713.166796,23,1745246.062198,29,1743392.368283,50,1705499.762969,35,1444431.357802,37,1290129.508699,25,1237936.459381,119,1190365.346866,45,1178513.263351,36,872402.062737,239,837224.954695,33,807705.191554,44,771890.287755,60,742965.672004,46,734987.153208,118,727041.780233,53,720411.62349,28,717531.971275,34,717018.786,61,697976.701845,22,674950.666782,240,657545.190733,52,634189.484777,238,violin
7095174.891563,45,2503138.887838,36,2286756.620345,18,2155068.250074,89,1926771.227811,19,1808468.151812,80,1690315.176966,71,1455938.298272,40,1325685.016194,79,1286063.99855,53,889909.404447,134,864509.098069,20,854222.005207,97,850404.341271,27,782287.756858,62,688628.938343,17,664981.278751,46,587937.014001,41,560864.38777,106,551928.108586,90,544114.218128,88,532068.392794,11,520282.324334,54,511272.096576,16,495714.0465,81,493474.216004,47,468879.09114,52,466169.753362,119,442392.933083,133,417621.680382,78,396150.742109,51,374570.192634,135,piano
7741823.40258,27,5153479.386828,14,2049149.168459,53,1372180.099837,21,1251156.243885,60,1193637.427245,28,993383.704179,54,959234.241134,20,850920.367459,26,707221.633235,36,618475.189807,93,590752.024871,40,579978.99081,29,560215.143571,45,550839.291076,25,530087.200963,52,522496.226095,79,481561.010561,24,480599.038094,19,452811.369654,22,403395.891765,99,384988.617613,106,378256.555508,17,364820.280517,55,344815.161405,30,338540.034006,15,332084.894964,23,331993.712739,119,319683.606611,51,317302.210552,31,315305.046532,92,312166.598517,132,piano
8043896.997419,106,6755599.430608,107,6028175.158007,67,4118432.577113,68,2164067.660514,133,2054671.18016,108,2022593.571061,105,1676492.555167,66,1613003.360463,134,1607400.045189,69,1193308.066724,71,1136002.619298,132,1023180.031952,59,982671.951468,60,953451.967485,109,915414.7608,70,830443.577127,104,818705.449933,825,761187.535633,65,713630.338114,72,664533.112534,50,647454.568658,103,642964.04899,864,612805.036665,102,602770.227463,73,546570.936145,64,539186.295079,63,502128.973004,61,495964.717297,97,487804.982871,62,484652.075748,110,420951.551969,74,flute
3946401.836571,35,3862075.926625,120,2995559.258069,24,2649654.5282,119,2638735.855534,48,1980839.013598,36,1970582.987175,37,1868902.160495,34,1579408.228645,41,1538979.713262,47,1500790.24139,40,1400047.85214,121,1381568.254562,71,1372335.325322,38,1280792.914094,33,1214055.580753,239,1038044.944831,240,978722.8592,42,978276.805709,49,975877.446082,27,877873.46914,32,870505.015271,45,825660.015838,30,776577.442723,299,755859.281789,39,721616.567639,301,721122.536289,300,704944.007257,107,699047.484751,238,677813.103493,106,654139.315878,51,649933.16515,44,violin
6712720.552062,46,3240816.39153,23,2873511.998469,24,2235990.286149,17,2030999.913469,32,1819405.031481,68,1683359.693241,33,1327443.888667,45,1218748.12692,21,1188079.83259,25,1180309.211794,18,1178716.619741,16,1040698.028574,26,958418.514265,31,921978.149875,226,840955.643198,293,810396.888693,225,801002.362443,113,772451.930853,41,769974.757939,47,768655.370163,11,758791.044912,69,664587.466628,22,626438.028926,49,622911.914916,135,603424.145644,20,588761.307434,158,587405.556019,71,578445.724066,28,564444.447434,66,563940.648127,248,554558.298385,136,chello
5060656.445441,16,4060715.584273,32,3807501.478152,17,3123511.533905,30,2104047.900431,24,1918323.371494,118,1835296.52709,31,1763095.140841,18,1607297.010831,89,1565447.549258,15,1395188.266764,60,1331646.171506,47,1221718.14525,48,1119614.962685,11,1027999.523139,21,847983.814533,14,846229.358231,119,829106.14917,59,763808.569793,19,716149.860382,12,712889.986085,23,698645.022651,29,691768.577949,25,633826.950074,22,615019.184257,117,549086.934254,20,475392.296852,46,445811.554473,34,439873.701555,33,434657.491943,61,427258.198987,79,415350.737591,28,AG
6574949.705805,18,5959272.558124,19,1931997.241204,17,1921893.927508,20,1742933.010939,36,1399020.362777,106,1214795.179747,16,1133709.586911,21,844280.572915,37,798617.885312,54,767067.687673,15,762947.10499,27,712340.190267,22,685796.396781,107,667688.608626,35,511473.397594,23,477914.43963,13,477003.55728,38,473176.389337,24,467230.435249,14,454513.270375,72,444055.193676,26,432899.768106,25,415113.3906,71,400190.822567,39,384944.012402,29,382407.576664,12,375085.886685,28,369635.186816,30,350101.419357,176,345418.147761,11,312584.304056,42,chello
8996845.77455,112,4002552.326005,111,1232927.320424,113,1223402.646596,110,963221.761559,114,701735.554257,109,553460.586811,108,503025.939329,116,487896.573339,115,399773.981653,107,359813.953679,117,342091.119813,333,315239.847579,106,308011.034141,94,307455.437883,119,294547.853934,118,286270.962625,223,282294.165964,105,265877.877778,121,228444.734124,104,222534.302178,334,221102.027612,95,213544.411502,120,203897.331158,103,203264.806083,102,195580.070335,222,184670.622838,123,178365.695092,101,174145.898598,122,160881.631746,444,159570.611996,125,156898.898343,126,flute
6025412.530087,12,5844767.98738,23,2949834.670644,24,2633055.844002,25,1730409.993707,20,1479429.391627,26,1409135.78071,21,1118132.425135,45,1112932.360264,11,1054665.177016,19,963265.796659,18,800305.022105,17,676229.726917,22,626983.456671,50,598876.087789,34,564685.392589,16,560362.559015,13,522317.105915,28,516483.858488,27,447406.706605,51,395667.309277,33,359340.343663,31,322378.517908,30,318080.008468,14,309201.234355,32,304987.829131,29,274750.689266,210,269402.24885,211,261903.264978,75,261146.440393,71,252038.098655,187,250105.770137,188,AG
7983134.543211,45,5244128.269782,23,2091904.848228,67,1605841.734142,46,1201582.244755,44,796925.78202,47,767534.003493,68,591139.044088,43,499862.620063,66,477325.350302,111,472583.19395,22,465994.855661,48,434619.029755,24,390459.739825,49,387877.13761,42,337139.856119,69,324477.565498,50,295822.001997,89,286086.624639,41,258220.827303,51,239018.956239,65,237062.404128,52,236034.768482,21,233286.360904,70,225581.066786,40,208585.411943,112,205251.62139,53,198105.431003,71,182481.899148,54,179031.618582,25,176530.021988,39,167807.904394,72,tuba
0.0,11,0.0,12,0.0,13,0.0,14,0.0,15,0.0,16,0.0,17,0.0,18,0.0,19,0.0,20,0.0,21,0.0,22,0.0,23,0.0,24,0.0,25,0.0,26,0.0,27,0.0,28,0.0,29,0.0,30,0.0,31,0.0,32,0.0,33,0.0,34,0.0,35,0.0,36,0.0,37,0.0,38,0.0,39,0.0,40,0.0,41,0.0,42,flute
7223614.69671,30,3366650.712729,36,3222635.800674,31,1932725.118406,118,1639415.678029,71,1517255.096477,29,1454858.545075,33,1437943.137048,28,1319793.833201,32,1225051.772832,60,1121529.427356,59,893163.038083,141,889647.120624,140,765784.192488,176,654925.057184,246,636952.114821,26,621389.680036,70,609581.635537,106,601193.695244,175,582676.073198,13,578428.546961,37,570296.253819,35,529676.982873,18,480276.18118,34,477501.42675,25,474800.789704,11,462716.882583,281,456497.208121,19,434731.464911,89,419932.610296,715,411089.23617,58,410633.289184,54,AG
5542708.93357,56,4936871.288739,28,3986492.852516,29,3441547.113391,111,1813801.32236,110,1466362.305817,27,1370747.430557,30,1285898.874331,74,905583.934768,112,885013.32947,31,828382.511406,55,820982.528687,26,773444.79401,257,753998.574133,109,723854.625516,184,701367.868013,57,660133.681605,32,606746.825445,25,606599.474368,83,542284.094586,113,515071.761915,37,502898.002797,33,463553.109253,24,456204.369903,256,446526.04623,183,430603.121855,58,422428.241343,108,420162.76784,23,416246.978221,34,409252.496935,35,390967.693401,193,384875.055015,220,violin
7020076.60442,90,4383405.497248,89,4095331.939842,178,1665463.762081,91,1623202.619262,88,1087465.86819,179,1019335.96554,87,1016900.775563,92,814901.952543,103,789700.931304,102,737621.963458,177,737158.264224,86,733430.108425,120,705132.026714,267,674161.085542,93,663101.470689,107,622567.102438,108,566021.642229,85,543534.586049,121,536298.851266,104,523786.078471,94,512933.487618,180,480182.540614,84,469069.355483,176,454201.958464,122,390748.246417,95,376701.55889,83,368977.792299,96,354291.875711,111,342773.314299,105,340421.626072,82,332485.908672,118,flute
0.0,11,0.0,12,0.0,13,0.0,14,0.0,15,0.0,16,0.0,17,0.0,18,0.0,19,0.0,20,0.0,21,0.0,22,0.0,23,0.0,24,0.0,25,0.0,26,0.0,27,0.0,28,0.0,29,0.0,30,0.0,31,0.0,32,0.0,33,0.0,34,0.0,35,0.0,36,0.0,37,0.0,38,0.0,39,0.0,40,0.0,41,0.0,42,flute
6775479.85546,30,3555368.67014,46,3111625.065861,45,2067311.631384,120,1711410.078307,119,1438075.945667,36,1323570.879131,32,1266233.534103,29,1240389.992766,59,1192562.226941,35,1097200.401952,58,983970.968065,20,970182.857897,60,965357.391843,121,954191.844448,37,937987.004916,53,918508.900199,57,906481.16871,54,906450.565369,238,848790.16607,34,822082.592537,116,818444.329565,19,778066.567831,28,770369.362111,117,689033.64408,16,646074.564778,89,638635.837506,51,615366.3779,26,586483.277868,239,556345.362021,17,552435.762967,39,526677.861796,38,violin
5176124.193788,121,4993931.691975,120,4378604.719832,107,3169416.91806,122,2588982.031139,108,1537470.41558,106,1380949.863552,109,1245742.040267,110,1010846.30782,113,940934.727666,104,859760.617958,124,856074.299609,111,820309.679217,116,718982.904319,118,649464.066121,119,613101.39532,114,596369.58477,115,588002.525692,90,585031.338916,362,549206.630174,361,538152.056115,103,501829.8326,322,484863.816471,126,467322.464318,105,439653.314034,101,387772.144103,112,386479.338114,323,331451.956315,214,324210.032017,321,324001.531368,91,313146.335968,89,295531.978234,117,flute
5546500.268971,14,5086075.820731,32,5031050.41987,27,2847481.209307,24,1564157.201701,21,1237103.62966,20,909401.668721,63,906440.823183,25,864549.476141,40,780081.599614,23,753017.388319,11,714453.874096,18,698195.910232,30,695334.329945,22,673615.53356,53,606713.56377,60,579241.275115,47,540005.948426,59,534217.648333,94,496390.67602,66,447540.943212,48,419338.339918,16,400846.411101,33,376356.790462,26,358086.496979,119,345921.071669,28,344143.643733,64,330199.159741,36,313346.57299,71,305830.470284,92,295788.536855,31,287275.381465,35,AG
8212266.438349,95,4902300.503094,94,2147847.857333,96,1367501.784317,93,964925.545711,97,852261.282919,92,644600.883532,98,591096.224173,91,522770.096857,99,446823.169933,100,446324.89693,90,424745.46143,37,417363.312117,38,409254.215825,36,389764.587012,39,380748.260559,101,376291.07339,35,369797.532897,89,365730.218958,75,345276.943719,40,326646.05889,34,323068.053544,88,319559.57787,102,285483.055477,41,276447.182137,103,273875.8439,87,263171.618125,33,251016.823714,104,228529.61089,105,224847.353391,86,213673.602435,42,208826.355302,106,flute
5310205.322848,24,4835555.662457,13,3346357.216788,11,2510071.519776,12,2285150.260065,53,2061089.376869,18,1660601.867685,25,1624619.42853,14,1436872.285991,48,1286861.254472,16,1124691.262063,26,1085750.045559,36,1039564.676931,123,901158.083326,164,858764.485878,47,815092.126499,60,814643.733416,71,754474.274482,59,627817.844482,30,597750.105599,54,595271.789365,88,591353.878392,17,582853.126153,23,552399.124102,175,503170.374418,46,498348.449798,22,480154.298471,52,479023.489236,35,403868.883314,19,401534.943984,28,401134.897132,27,363587.549285,33,AG
6490933.508652,13,3638351.950029,12,3513744.915467,24,3370936.090118,30,1992162.589472,25,1949492.816801,14,1287500.361665,11,1125946.526577,59,1038220.080444,15,1010931.539382,29,1003919.52426,31,978961.044568,60,924932.172428,40,903828.643537,26,865468.334482,23,776710.036058,28,734723.959303,16,647340.220188,27,584297.235186,118,552612.085601,17,529681.875112,71,508403.937923,79,480152.158765,80,468922.449289,47,467851.64792,21,463145.875428,18,429216.723137,20,410986.25669,19,369299.990697,22,366802.67463,36,365899.589638,32,364868.60817,48,AG
4134695.872959,36,2848037.638232,38,2498662.193223,39,2388178.884195,37,2316629.842898,106,2077686.584517,107,2059119.777532,35,1906240.662153,41,1900489.136686,40,1847655.043228,27,1800674.647149,52,1374137.420519,53,1361363.890879,25,1346865.872117,28,1336292.862956,105,1322003.105679,54,1300557.179198,14,1284152.25775,72,1242722.627586,34,1172643.825959,42,1056842.728153,71,1049208.526457,26,967417.331401,108,954022.345848,45,910049.923369,29,899445.652029,13,812048.164635,55,801428.756726,43,793617.907131,67,787336.182496,73,751905.040102,70,748683.510529,66,violin
8136979.147431,32,2836947.469871,93,2264753.101934,27,1765213.557583,95,1419526.281091,33,1208048.044303,14,1110463.135507,21,1021097.329082,31,1014651.024608,94,896350.92143,96,799800.773352,63,773646.124253,28,647444.073763,92,636268.170342,30,608804.663601,97,576064.646888,29,540187.130554,11,534203.262927,216,525627.638679,124,502809.060913,40,499723.596909,62,454314.103532,91,435527.881612,98,420700.992681,34,415398.091892,218,395787.560893,217,380201.124576,35,366361.484608,90,344716.688946,99,329922.004726,13,319197.61637,64,314490.390351,22,chello
8824443.14892,36,3234269.427293,24,1719088.049715,25,1453442.691108,37,1435730.098878,106,1261712.047274,71,829815.640338,107,807212.087976,23,645149.15166,35,603093.882811,19,593971.274672,26,590843.087774,38,553322.002809,177,512797.310162,22,486177.576757,53,473363.49728,48,432286.338342,20,426344.144726,34,415163.370822,39,410604.940879,21,374363.062604,18,370260.916081,105,363253.97341,33,339896.939101,40,333219.171955,108,318808.529384,94,316587.742035,54,284996.464096,72,275199.75075,27,264526.147743,212,262646.351991,28,248210.507532,42,AG
0.0,11,0.0,12,0.0,13,0.0,14,0.0,15,0.0,16,0.0,17,0.0,18,0.0,19,0.0,20,0.0,21,0.0,22,0.0,23,0.0,24,0.0,25,0.0,26,0.0,27,0.0,28,0.0,29,0.0,30,0.0,31,0.0,32,0.0,33,0.0,34,0.0,35,0.0,36,0.0,37,0.0,38,0.0,39,0.0,40,0.0,41,0.0,42,flute
5495846.728914,23,4235759.027526,30,3604016.101196,31,3223690.862469,40,1703304.45186,60,1698566.957039,36,1486834.783835,32,1459139.328345,24,1369322.808547,107,1232114.399635,41,1227270.509415,29,1008153.054199,34,994994.765619,35,991493.875366,119,891081.52771,79,890324.772439,45,870838.982749,22,868771.867719,33,852395.205195,12,807773.27079,39,749887.795743,21,742431.425958,25,739863.951221,80,735594.758801,89,715289.697968,26,672348.07049,106,576098.285508,90,568098.022358,28,563219.541891,16,520191.045718,27,496965.013876,118,488721.786442,37,AG
4146466.278929,30,3451175.231435,31,3037537.764829,41,2307836.023197,39,2182269.306817,21,2156663.881174,40,2156368.034803,47,2030908.713221,38,1935378.456544,60,1646752.018631,20,1572096.702261,42,1407085.192734,32,1380089.498833,54,1292874.103036,33,1279279.18318,25,1096070.081168,48,1074300.331718,50,986910.154811,27,985808.619806,29,985141.966577,57,958755.455065,45,958098.79995,52,917761.927159,59,831482.332728,43,829388.76959,49,826761.731223,61,817066.967254,80,813805.176765,24,795168.669734,53,781373.379918,89,754942.765902,35,736108.019878,46,violin
5704541.16494,12,3018799.594269,16,2382073.202097,45,1908189.79492,81,1862824.982271,18,1763100.092594,91,1663397.709716,38,1524697.957087,15,1508625.597207,75,1481061.100842,23,1367035.41013,151,1163911.81166,40,1085431.393083,83,1027896.342094,80,1017070.6912,88,1015777.935676,35,988936.732756,179,936725.832203,17,928230.619697,90,917696.206396,89,873057.255044,160,855041.832773,11,813528.875271,34,753549.094496,59,724505.577045,30,722777.948072,178,704089.825515,33,700756.448858,60,690969.212089,176,666881.340727,87,652579.97246,161,633395.468588,25,flute
5233600.999439,16,4136257.332818,17,3707519.466119,32,3274813.612582,12,2754256.917726,78,1585648.740568,18,1568682.808747,67,1431940.178232,47,1403905.475552,34,1401502.7831,15,1354487.53782,56,1153837.382028,45,855614.805785,79,831228.209953,14,760231.727488,19,745362.568715,94,702795.506997,31,657543.899615,20,585811.646441,112,569236.309309,48,560296.284947,13,556810.902516,100,546457.653102,33,534375.554483,46,532063.226989,11,505299.664253,111,500692.88134,22,490019.022379,23,485922.397114,30,474474.333071,77,473869.382874,80,467226.925595,93,chello
5809867.429221,48,4062712.875686,67,3419673.367232,95,2732247.792995,132,2407833.859054,94,1850510.959248,66,1731788.748856,188,1570529.072627,133,1407881.134789,47,1379585.515494,68,1272493.021865,141,1222172.497669,96,1138749.171203,49,1124109.378778,142,902144.112043,93,761890.917487,131,719022.091748,189,700054.824341,65,661138.16415,187,643752.557306,50,616880.275605,46,589812.514496,235,547493.822619,97,534711.549813,134,534631.612115,69,525692.083795,92,516905.522129,64,497212.804454,135,438654.407437,130,431635.501069,51,421124.387043,45,417929.44364,63,flute
3356519.419249,26,3301230.197602,28,3161315.214894,36,3015761.530701,18,2882261.23053,23,2613697.42918,29,2400836.889293,24,2144942.884119,30,1959662.098679,21,1899947.372407,31,1531684.830162,25,1501008.149251,20,1478944.921706,22,1461236.963074,27,1257994.061876,32,1250870.313819,17,1163538.840607,19,1142061.077788,119,1028007.812114,33,921381.80121,53,873060.049828,54,845416.123044,38,830480.210791,118,785070.410267,34,724128.457355,39,720119.526216,71,715867.344539,37,680272.113273,35,635439.853305,52,593065.45594,42,592507.51057,12,578047.559489,40,AG
0.0,11,0.0,12,0.0,13,0.0,14,0.0,15,0.0,16,0.0,17,0.0,18,0.0,19,0.0,20,0.0,21,0.0,22,0.0,23,0.0,24,0.0,25,0.0,26,0.0,27,0.0,28,0.0,29,0.0,30,0.0,31,0.0,32,0.0,33,0.0,34,0.0,35,0.0,36,0.0,37,0.0,38,0.0,39,0.0,40,0.0,41,0.0,42,flute
5128209.496723,32,4840125.122676,54,4044684.992215,53,2948709.419588,33,2182927.426847,80,1260239.420839,81,1256126.158331,34,1189026.186076,79,1188344.425625,52,1008670.022314,106,841236.282493,35,833476.299216,50,801739.040904,62,784429.113031,56,747065.834197,47,734621.379959,57,674050.951318,63,663210.021484,61,653431.85773,105,617367.831101,237,611502.341605,59,575800.50748,64,525728.373297,38,516306.114368,46,498538.236294,82,479449.829012,107,473201.639807,27,445875.879086,45,437698.500031,39,414309.293369,94,413141.396475,68,410677.80606,55,violin
8218501.626634,75,3489479.505217,149,2643200.85956,74,2101535.490384,148,2031813.450183,150,1231115.730536,76,1060391.426105,73,1029600.591745,147,793943.627628,223,716733.092063,151,660951.524887,222,649369.067484,77,579749.776058,72,553034.481592,78,406249.980154,79,395502.028188,71,367423.935749,146,354237.975406,145,333362.003135,70,321424.810751,80,295757.686612,69,282830.390001,50,256828.762389,81,229654.160404,68,217749.52763,38,200741.881511,99,200086.350413,82,198475.322923,66,194522.533424,142,193892.202779,155,184113.164217,65,183077.935516,156,flute
3900552.750671,27,3810834.8643,21,3090953.53707,79,3026144.267875,20,2868374.538197,80,2617363.835949,40,2515120.859499,11,2295724.590028,60,1863814.013332,99,1377900.407987,15,1228900.532021,16,1083814.848908,31,1071977.17894,41,1025431.633144,78,1004013.080925,19,998838.840411,119,971101.935369,22,937538.954153,30,912193.952568,81,862040.39025,14,820636.141773,12,805719.882277,70,795463.23047,106,790526.902769,53,775046.936718,28,706777.360653,39,679432.318895,18,636189.548005,82,620449.187283,139,605351.195608,13,579364.139863,42,579207.844599,23,piano
6738533.440853,27,6437522.095148,14,2700435.866871,32,1371363.562875,24,1247887.534457,30,1154183.923097,11,834175.91301,31,710191.516757,26,643176.008259,28,633227.144273,40,613380.545837,66,470906.370216,23,429382.869081,53,411208.270946,13,407375.062862,33,394079.456158,79,374398.298052,22,366594.197584,119,342180.962553,12,326733.49563,34,316368.20552,20,279368.524289,18,276947.156423,21,248604.501764,92,247008.106368,35,240278.98085,17,239455.550053,25,235947.483521,19,234691.781424,158,211751.588652,48,194999.497343,80,192122.276635,132,AG
8102958.600887,63,3862743.89175,188,3144111.091564,64,1555037.107112,62,1267116.780573,65,1211984.274159,126,1180315.162801,189,869289.120647,61,848474.113085,66,624017.079962,125,622689.123356,60,608896.301792,48,602567.171028,190,570215.390362,67,530300.269724,59,484664.75831,68,400901.544367,58,390176.061261,57,389959.624953,191,367626.163263,69,333668.351938,124,311014.020351,70,306047.889477,56,305580.131879,187,293004.390118,94,289141.897828,192,281618.481312,47,275348.761825,55,274575.231263,54,270310.80773,127,262685.927798,49,255721.508343,74,flute
6812382.012581,27,4007890.808529,53,3490410.457697,105,2160206.777037,106,1862648.16343,30,1714865.551156,79,1686823.933613,11,1228162.189302,184,1024342.306478,28,1019291.178041,104,947466.158869,31,898834.987552,54,830720.722659,29,825264.578046,26,743564.595568,52,734097.800766,60,734056.614862,340,688745.626811,80,614934.419463,183,589929.539681,107,575676.785353,131,562804.361236,157,557372.747532,236,516517.996775,103,515977.863505,78,487893.499164,158,434941.805293,132,381339.079446,108,356823.40373,55,348316.798408,341,337110.785774,102,333652.600629,210,chello
4363051.436686,11,3791075.386907,30,3514701.51975,40,3133820.995763,16,2545574.793097,27,2403173.165896,21,2263641.90531,20,1941441.715109,31,1554355.711901,15,1204458.372114,60,1167476.090464,70,1156331.393789,69,1090523.49343,29,1022877.182212,19,974169.096465,109,956646.031131,41,936936.199867,89,931901.09755,17,867717.285036,12,816481.634555,18,810541.596872,79,793296.50936,99,748083.524785,80,743484.960969,119,693327.899398,32,665822.024032,13,638289.109616,67,618284.755629,104,568962.06674,178,564557.605153,68,552223.444671,179,531872.617953,22,piano
4854206.875799,17,3816333.110057,38,3546664.771176,30,3421187.180068,11,2496610.645275,16,2433438.863731,31,2085396.265953,21,1365695.410714,12,1338508.858169,20,1259917.341003,45,1208386.063555,13,861695.089627,23,835381.339422,14,661588.142111,15,592397.820117,25,592117.819018,22,585882.602723,75,572754.267746,33,563782.990358,29,449877.06337,18,420218.906875,50,369587.17429,28,352569.618417,35,333674.631975,32,298924.487237,19,298834.864821,83,296414.392795,37,250628.414321,36,243943.08202,56,207740.767335,125,195608.107621,108,183987.394322,133,AG
3861351.836456,36,3773919.815311,27,3486227.5906,12,3248532.305329,14,2610269.134171,30,2502522.555135,19,2367460.493279,28,2301076.474255,106,2086909.564848,18,1847956.797693,31,1519624.587628,29,1305304.486065,119,1185967.983029,20,1161370.275057,26,1073878.045055,54,1059216.265686,89,988621.044528,11,951089.9824,13,898787.931728,21,883019.43107,22,881596.548757,53,821716.097742,60,722950.102497,17,648546.495797,93,573657.038077,107,561602.474261,32,509458.694046,88,488761.929004,24,435620.971717,23,434143.383791,25,412554.61213,141,376420.658406,15,AG
3543941.935963,57,3370395.923637,113,2867387.985953,282,2155813.890994,170,2073009.826768,283,2067997.904183,23,1958642.436877,226,1901116.193323,34,1898665.689803,114,1800888.1801,89,1760391.954718,21,1653559.196695,58,1615523.033972,33,1295911.805515,29,1249886.821611,56,1197594.954994,67,1088526.313977,178,1066700.095886,112,1020072.288201,52,1003854.376871,90,996799.728607,53,983108.442874,169,982736.276638,284,960796.939796,54,958697.85645,20,897270.042928,41,864216.604329,35,854399.690717,281,831104.419577,59,798105.942678,28,784937.028294,91,763005.36235,55,violin
6555466.536124,134,3247490.793432,100,3174737.776103,135,2862889.159062,133,1966055.528086,101,1825337.914694,27,1754311.775043,11,1667123.379627,136,1510372.606902,67,1245780.481875,21,1000860.930742,14,859830.454435,12,838377.953154,137,759642.106494,102,723597.082528,200,666935.683634,93,643562.562611,132,630811.31274,99,592985.071748,60,568815.175174,138,557377.499161,20,548484.452639,33,547938.485223,161,543539.143096,160,514359.750743,70,495540.203665,131,492179.041078,79,472037.400882,34,465096.830164,96,464856.004112,26,461884.499293,31,449864.575062,119,flute
6919293.503605,21,3682522.3358,30,3314775.136297,11,2872308.32276,20,2309333.242232,31,1614119.062726,22,1437516.57201,40,1270560.278611,29,1215086.93666,50,1151086.509324,119,922083.224849,23,892910.7218,24,806599.013457,28,782194.312544,19,753181.212839,25,680102.412465,26,678240.770271,27,638446.244926,32,592195.64385,148,549420.994809,118,538920.291032,217,426510.827361,60,408778.36943,33,357453.183914,178,293349.520311,41,291765.306786,276,291437.199575,34,289198.176599,256,264733.899703,237,264236.849029,267,252260.534974,177,239252.735213,120,AG
7514470.493609,75,3011071.764495,76,2905696.232009,150,2775022.203785,149,2248838.486356,74,1624502.181897,148,1446368.997063,77,1340170.310795,151,1076118.375048,73,864593.085143,78,792284.625335,152,791998.794159,147,758373.648031,72,634420.432993,224,607840.064888,71,603430.578346,79,590003.717078,146,584529.737971,225,524283.972173,80,497966.988596,153,484143.652768,223,483375.334617,70,439270.879183,299,427191.209432,81,422426.761464,298,404649.760738,69,382571.435201,154,370263.697281,145,363608.546248,82,340835.158145,226,323836.07873,143,315034.999518,68,flute
8542288.875343,32,3330066.74146,94,1751472.832918,93,1271132.602261,95,1249993.100857,31,954466.271773,17,949810.232593,16,946961.769082,92,832720.848613,30,813547.038432,33,741324.371419,18,660277.972369,29,628080.026517,217,598957.397656,15,587341.928619,58,578424.527584,19,524940.414195,96,500512.005899,156,454939.527452,155,453838.116971,112,447231.886591,106,437817.448629,113,419412.950635,59,418773.644922,248,415203.656638,216,406991.996624,20,395930.606712,63,388133.390799,38,370850.594606,57,370179.55491,34,361975.87779,24,356902.711732,11,chello
4804731.568678,40,4329161.155095,34,3069831.986396,33,3062682.035192,35,2158689.559806,23,1491430.533207,79,1445557.734307,42,1406542.248746,32,1336946.235986,36,1318801.908369,14,1297050.376482,43,1148029.203448,44,1105339.192631,15,1092832.369158,119,977044.666336,31,910112.899579,120,899008.299088,24,890415.239745,196,860154.760124,39,839205.356396,41,835292.382557,78,804365.635827,81,799109.23451,13,798010.788557,45,791557.092092,47,779788.598716,19,764023.261221,28,763166.201949,80,752260.778195,38,747022.106097,18,718215.017232,198,700256.677108,25,violin
6245306.478178,14,4490513.564656,53,3105365.742839,40,2624993.21167,106,2160732.866901,54,1816472.610489,119,1408627.664598,80,1407266.714818,132,1223696.294422,93,1171483.486315,27,1150597.946605,52,1117584.13257,41,1101286.34428,79,938885.767825,133,865604.464337,55,691612.895494,186,663533.318467,51,647766.61487,45,645613.390784,159,579575.385325,42,575362.21237,50,568691.580824,39,556965.647477,15,493909.771236,92,486365.346332,56,478412.124499,146,473638.05942,81,455681.006847,49,419561.686442,43,418693.078905,44,402072.986284,48,396558.051195,131,piano
5166094.281054,17,4834119.555227,16,4333056.211837,14,2466999.621176,48,2437076.866741,32,2082269.491059,79,1739137.064604,94,1608594.726862,18,1253497.612815,15,1030654.208681,19,1001589.655085,27,1000697.428035,47,757486.340527,20,737469.36805,49,683174.703744,95,646638.204443,78,638659.850306,13,529902.656778,28,519727.853963,22,516546.539105,93,508874.072721,12,500359.863655,50,466199.323509,21,453200.35347,23,446547.034738,31,440114.979318,11,431883.013579,63,385117.907156,157,366431.329456,156,363488.406062,30,348682.699597,46,347282.35114,51,chello
0.0,11,0.0,12,0.0,13,0.0,14,0.0,15,0.0,16,0.0,17,0.0,18,0.0,19,0.0,20,0.0,21,0.0,22,0.0,23,0.0,24,0.0,25,0.0,26,0.0,27,0.0,28,0.0,29,0.0,30,0.0,31,0.0,32,0.0,33,0.0,34,0.0,35,0.0,36,0.0,37,0.0,38,0.0,39,0.0,40,0.0,41,0.0,42,flute
4292312.021997,23,3258472.131094,34,3045566.826651,13,2767899.651418,12,2661927.421504,44,2572063.70708,35,2309330.555442,45,2210688.716312,33,2043024.236496,24,1796296.274867,21,1582846.739316,14,1470199.534146,46,1285326.069203,26,1233786.083294,15,1211035.348754,22,1207682.881136,17,1115509.440862,43,1102361.617067,36,1091342.680798,32,1038831.461574,20,994260.165676,11,896930.83355,16,838815.585191,31,791601.472916,19,736699.82653,25,687716.955019,57,663372.109142,47,648414.497871,37,573544.839937,38,528879.09207,27,513955.15488,28,486788.385177,39,tuba
6389754.189587,107,3911899.67395,106,2249479.94898,108,1945711.631028,73,1890831.099974,71,1871774.702922,72,1794191.710012,74,1603517.576301,213,1542382.797937,61,1342200.758149,318,1336620.249582,75,1063359.039806,319,1061830.14592,70,1060191.745269,216,989288.346154,68,900544.293929,212,895491.514887,105,889733.397234,157,778288.027653,76,760991.920161,104,723978.220769,317,718485.773206,137,690138.822924,69,688237.638929,320,654291.223925,156,648637.258893,109,614754.63506,214,563992.887881,155,562793.485884,217,559282.401573,91,545532.572634,211,534364.728812,159,flute
8251879.161239,23,3506344.335723,16,2045533.425853,31,1741102.034021,30,1652514.165969,15,1470869.097276,36,1284350.670184,22,1269359.484495,60,1061731.141116,24,861285.678287,17,734710.290255,89,707658.633565,14,694929.192358,45,672251.499767,21,600007.267152,29,575461.48459,25,567738.977241,32,540117.521612,18,531149.606647,75,507998.557256,111,497146.990964,13,488454.391585,19,458985.856247,20,426205.238543,33,416017.319817,90,366968.706094,28,340145.361428,27,338436.881859,12,328695.390071,26,325719.47279,35,315291.767496,112,302080.423225,34,AG
6028281.776036,151,2691711.965289,150,2426602.098794,12,2075909.887891,16,2007767.945251,51,1990848.414825,40,1393971.541902,134,1348467.89028,101,1320305.003752,30,1300033.840286,201,1279755.094428,89,1248964.184604,153,1158147.752068,133,1130595.152364,159,1112408.774792,154,1066182.855743,160,989568.918224,161,941345.301233,15,908441.368965,60,901122.724049,162,838158.843548,149,809901.721671,23,777262.592268,158,765802.748612,53,760452.831109,81,709508.733234,54,661206.206027,163,658361.845578,103,655864.850942,155,651117.152249,31,642480.790339,52,601872.668715,45,flute
3069735.473443,31,2411267.948894,20,2323232.766722,19,2296762.868875,18,2208799.791404,26,2183563.144729,32,2173898.95952,16,2151923.328362,27,2126815.700605,17,2080188.979234,23,1935997.807089,15,1860421.653847,24,1854830.659911,28,1827755.3161,21,1738825.281754,25,1711063.969828,29,1607209.463919,14,1546215.975285,30,1523696.075777,33,1373339.114939,13,1314772.773548,12,1231207.719211,59,1211456.168624,37,1118244.141665,39,1105505.25529,38,1095641.637906,40,1068949.43379,11,1044974.074078,41,968884.92076,58,919643.820975,42,810294.698478,43,805003.517899,57,AG
9789078.401195,101,2004718.771964,100,742089.917773,201,700348.325085,98,610103.270422,103,589768.671137,301,530874.837615,97,477569.773485,104,468712.037323,99,368741.304828,200,364949.178832,300,360424.897814,105,354895.70152,96,341960.53881,95,289779.888298,108,284455.05767,106,284071.516399,199,270842.80779,94,243028.902192,298,218612.174114,93,218195.881584,107,191143.388905,299,187643.306844,110,182430.175969,91,179993.245138,92,178848.30455,400,169751.286511,113,159908.372831,90,152416.647307,112,148808.551976,297,142997.564846,109,138405.328463,115,flute
0.0,11,0.0,12,0.0,13,0.0,14,0.0,15,0.0,16,0.0,17,0.0,18,0.0,19,0.0,20,0.0,21,0.0,22,0.0,23,0.0,24,0.0,25,0.0,26,0.0,27,0.0,28,0.0,29,0.0,30,0.0,31,0.0,32,0.0,33,0.0,34,0.0,35,0.0,36,0.0,37,0.0,38,0.0,39,0.0,40,0.0,41,0.0,42,flute
5358614.928512,23,3511037.938131,25,3388935.937917,46,2782347.846022,24,2126987.474775,28,1958498.293956,44,1880690.700778,45,1871212.928706,15,1409719.492892,27,1362705.629071,16,1323773.928317,22,1304248.636459,41,1268247.984757,21,1243491.375956,53,1198355.578783,40,1188578.693356,19,1120480.380937,26,1119949.120845,68,1119661.693091,47,1033059.791954,43,1005236.013139,42,861272.318101,13,843170.216173,14,810133.700314,35,786276.227368,39,784620.693633,66,713040.431396,32,710994.849328,20,686252.51438,54,641878.693755,30,618196.542401,33,613421.441868,49,tuba
7704596.317614,12,4379411.9553,23,2309853.145599,38,2279056.156384,30,1723958.458632,45,1297518.979657,31,1222986.66308,34,920234.38392,75,855900.105613,11,833223.243461,16,809775.006301,26,791729.302856,112,781137.702179,149,603111.68429,29,582048.007191,15,563026.17914,33,524345.130676,89,519243.361115,336,501468.624459,22,498657.065011,186,415338.243805,24,387512.146147,56,370920.006643,207,337026.738985,27,334848.768357,13,328421.634218,28,317700.280507,32,317394.918245,18,305889.619713,17,291163.404986,19,288028.299919,20,279622.077983,14,AG
5848610.69042,14,5089626.347538,27,3937157.508391,53,2320081.784923,106,1957294.515299,54,1242053.304558,80,1134861.955492,40,1118332.923026,34,1057032.499377,93,1041842.67302,79,964110.798718,52,933770.999336,20,881165.166772,21,862859.746076,55,771591.425917,26,687734.558807,132,675396.252874,119,662744.067106,51,639786.408196,24,606887.500531,28,602222.612433,59,577207.123728,19,568543.388705,60,566717.481532,159,539187.486038,56,515220.023119,92,510780.598746,57,475347.778743,100,473344.468221,23,469907.981029,25,464066.842653,99,461331.175542,81,piano
8595459.837641,21,3116474.670924,80,2198292.805479,41,1760600.44613,81,1312902.824935,22,871291.385647,40,870723.015065,101,856973.92064,82,816141.947489,20,806057.043189,79,770797.654488,100,693940.556482,23,544914.520509,78,543140.684463,19,534042.170684,39,504049.819111,83,466254.378662,14,465942.388728,24,423043.173338,26,414662.655938,25,404747.892503,18,398302.796174,42,371098.057083,77,365299.17072,38,349654.998222,99,343031.803062,84,342007.393692,37,333963.102176,15,328921.646692,102,315805.984285,17,307118.550914,61,302669.824454,31,chello
5640220.26915,18,5064952.476978,36,4867276.857618,19,1992331.428277,17,1734436.05417,20,1450712.945035,12,1354698.636866,16,1124492.1716,106,1108859.937198,27,1087017.877616,15,1068852.91799,71,926178.11052,13,828403.47941,21,767855.332089,54,758629.286767,53,639511.163357,22,499495.372374,23,483564.134985,89,420431.358675,28,413641.121448,35,408339.140827,88,368687.595272,24,363055.221014,11,306169.402545,55,304380.024106,25,269906.211445,107,268933.468792,37,255268.226916,32,244966.65521,56,243294.825994,14,240617.294997,26,236427.465202,212,AG
1617584.312193,13,1005591.520984,12,972188.978644,14,854940.805701,16,589912.762937,19,581366.819412,20,531268.76444,45,499683.947384,15,492606.436369,29,462377.611116,46,414839.412329,17,382859.100085,21,336388.719679,18,331989.663724,53,320263.097015,48,313769.537143,39,292968.635853,50,289729.401257,49,285446.726573,44,276915.728534,28,273071.955192,52,272384.240539,25,248461.077432,22,246806.866122,26,244366.427772,55,242375.203669,32,241851.172422,38,236463.002558,24,226424.862,27,225017.915428,11,219460.656738,34,211467.738234,58,chello
5987577.316111,23,4124182.971986,34,1759319.408771,67,1063192.922555,11,1026785.448902,45,948057.077651,19,849863.402695,167,841441.967988,35,818800.709537,20,671238.680671,68,579348.549875,29,575880.135643,21,531761.409394,22,486286.507459,38,480005.728025,36,428807.443804,24,400936.266471,47,397842.176954,37,369121.838681,100,340979.503648,15,327406.040745,14,327117.600454,17,314915.335437,134,306033.17704,69,290818.912299,12,283346.693233,18,273472.829222,28,260508.876093,13,250322.962813,40,250154.163355,39,243987.851285,70,243498.347204,66,AG
7500949.082995,63,3282731.113211,42,3047582.50936,83,1958462.593047,84,1881464.418828,125,1795050.477711,145,1293204.335689,41,1289696.200322,28,1265145.341552,43,1045905.921035,56,1020049.423552,146,897422.208333,126,835770.171306,29,817384.200561,62,795688.915322,22,647418.378172,123,641362.71673,64,620165.146451,124,607831.020399,44,552443.694323,61,543795.751824,55,537872.523942,188,514307.471612,144,466374.985279,187,438757.144489,104,403096.514641,40,402259.442811,127,382055.053005,30,372610.904116,39,352388.788709,122,333444.573698,186,318781.933257,38,violin
9589587.804708,34,1054699.811278,27,1023450.72546,67,1018481.260553,28,912907.162921,35,885905.601787,33,885452.394736,30,816733.449535,24,805958.776674,23,778083.42722,31,727716.782299,25,667268.578785,29,644833.531396,26,624152.37833,32,570594.079216,22,440773.379993,36,439733.718358,45,428237.306046,21,414306.408456,46,403309.987365,37,391242.368823,68,377314.299398,66,361960.645737,47,342052.85158,100,332917.228747,48,330346.534208,20,315605.468329,79,301005.35148,49,267852.348476,50,265601.676678,53,255909.927517,51,249629.652887,43,tuba
6259585.333376,15,5073698.1664,28,3660560.037961,14,1906713.273475,29,1796449.842783,16,1794682.134675,34,1646076.12735,18,1381654.040131,13,1241591.150493,42,1071427.564869,27,998300.737271,12,923315.172204,26,864375.194139,43,828141.00077,31,758726.1935,30,694222.76695,11,469757.113315,44,465233.267039,22,464532.022278,20,423996.886336,41,407881.336033,21,378513.705953,32,364693.725315,25,357667.157211,24,333855.141596,23,330390.793267,19,288008.093226,56,282666.818357,17,260647.624534,39,255595.706062,70,239110.915186,69,233911.096853,35,tuba
5472626.795636,31,5149276.593385,30,2843433.277891,19,1774779.210009,28,1698993.956728,119,1655741.478705,33,1481652.730787,178,1395424.388218,17,1349678.018224,60,1205414.434108,118,1190724.59399,179,1164664.28708,29,1156607.629202,26,1106741.763755,18,987614.867879,267,959739.380908,23,926211.15368,35,908836.163542,12,872093.729861,24,824237.901972,59,811351.488925,11,789760.678362,25,755760.329816,32,739744.993076,148,721385.237393,149,692322.400119,20,628893.104744,268,612423.923195,120,596835.875533,89,596611.73397,90,591479.711936,27,570783.968487,61,AG
5862593.748995,56,4949778.592671,29,4792135.45702,28,2885779.482808,111,1465116.205224,27,1250719.666801,30,1102898.261526,149,984725.070526,26,848727.148683,31,757692.347971,32,692666.968408,138,619716.729071,25,607496.285628,139,604048.285851,55,531785.114555,33,505606.303345,24,447558.449892,112,425962.49461,185,404643.654779,23,390903.303045,83,378396.829197,221,373305.683969,34,358215.830348,39,351181.964128,194,346124.975512,38,343401.418832,21,340643.673035,35,339154.027719,223,338527.287852,22,315852.439471,53,296955.62978,36,295161.035917,186,violin
5176138.211246,34,3726172.881058,18,3002777.664223,50,2954259.840018,26,2030030.092924,17,1711298.083026,19,1624189.150122,33,1462106.880172,59,1441587.628986,12,1394820.700054,100,1358044.454771,16,1248178.932866,79,1239761.810851,67,1220457.787359,51,1195892.568731,40,1183033.712546,23,1041152.784937,80,919487.781791,27,871856.94943,35,841005.319085,32,820384.238363,49,749766.824441,30,745627.764245,66,716248.713866,84,710208.144834,68,685862.864533,58,675214.083517,25,670645.267161,29,664428.055807,24,594558.689908,37,590859.97167,45,582979.013407,15,piano
8550478.214939,23,3629185.9683,45,2294934.679934,22,1655058.62555,24,1381672.804425,42,1195455.931277,46,1106432.563665,25,775136.784328,21,755088.017759,44,754441.714086,47,670835.069001,67,505300.788852,63,483254.680551,48,425869.882506,43,418273.437206,41,413900.478575,64,403605.810739,68,344909.863482,14,338782.129089,20,337690.96269,66,329431.688943,40,323238.597381,27,313989.726323,15,292403.103528,19,291000.699019,17,286434.908566,50,270788.713244,89,269008.643864,65,252503.424744,39,251092.76449,69,246049.03504,52,239443.226733,90,tuba
6601381.397311,53,4555791.982228,54,3073191.967092,106,2970871.319628,34,1965225.911816,14,1758227.565673,52,1393205.193664,55,1210702.483004,100,1208792.036742,51,1003594.582661,67,936706.081198,159,806250.808872,266,779659.554434,56,677756.560816,27,657458.230779,50,612235.46394,60,610374.065634,57,559458.197213,49,483968.402299,48,455981.681468,107,449305.252414,105,447031.276626,58,412438.753273,16,410357.545856,80,406759.538039,21,390590.518283,47,377639.992848,46,368969.284024,167,364616.049395,20,329419.768731,61,319743.476806,33,312009.875134,45,piano
5814348.549924,16,3051364.308497,15,3025686.347052,14,1169062.307406,13,1050010.165746,17,933624.012418,11,833761.563257,23,825938.156791,12,631773.811473,46,601315.865565,48,545484.097472,31,510533.135154,19,481563.416526,45,474063.195928,26,459494.031943,24,451248.567382,18,432178.737371,27,393900.250696,49,361335.564713,55,302070.598435,35,299810.450052,71,296603.569923,25,293188.163539,43,276496.941084,54,246792.867411,56,246476.566294,52,219528.019115,62,216732.642401,40,203622.23938,53,203028.021103,57,190025.100908,38,186789.469521,22,chello
4752572.448678,30,3153000.198499,21,3031822.296394,40,2898031.542481,80,2563760.474277,79,2558403.731725,31,2261479.034626,89,2133566.393635,60,2012433.089417,20,1531215.283247,29,1419983.447675,119,1190244.258631,11,1122526.789012,22,1088583.077981,99,1035169.829722,179,1011431.395196,28,961351.503244,81,946382.62375,78,932490.624105,90,930220.327274,16,892719.564546,32,884855.776229,27,845615.654027,23,811635.199839,41,712768.625887,26,710219.330878,24,685943.72527,59,685381.730981,178,684517.427646,25,669179.08499,19,664693.023557,149,597494.333598,199,piano
8577142.454416,27,3392281.364503,28,2126036.396985,26,1851470.985254,54,1366542.088741,29,1107512.902481,25,1077695.31678,30,1051120.979766,53,736214.385076,24,648809.680151,31,640087.348819,80,514344.263542,23,480343.519035,32,478052.264618,132,469782.04665,55,448363.111445,22,430014.863288,56,396344.430764,33,396291.508041,21,392916.223905,20,373723.805779,34,368201.061518,35,349270.864676,52,343062.959689,18,341492.285627,36,335133.146171,12,307582.784303,57,295322.015196,17,292598.746028,19,273330.303339,60,249682.53172,16,246867.496435,15,AG
8944650.395586,94,3139103.645113,95,2082073.507917,93,1116446.545351,96,1072133.476506,92,1058783.615737,281,924144.678316,280,897474.878487,75,735143.36485,91,692045.76051,97,588248.614059,98,548342.061789,90,458652.465263,187,432118.756914,74,428481.322535,99,401263.424016,149,388783.160498,89,386236.044712,282,348437.235509,100,342639.243875,88,323313.098639,101,294936.655204,87,285140.92924,279,262820.730909,102,262226.164658,188,253440.608648,103,252290.389361,86,234291.842003,104,230902.345868,85,229947.779667,148,211204.635142,283,205353.210693,73,flute
5748679.590822,53,4761050.307897,54,2680886.01123,94,2442634.602834,60,2255400.407108,95,1797287.76657,106,1763032.615436,26,1704198.232411,28,1278175.556802,105,1204730.802434,52,1122134.301766,55,975148.682762,56,946323.362911,25,870284.974668,19,854373.396744,27,836292.978997,212,813818.520756,51,792547.672607,18,756454.653826,93,743469.937327,22,728045.843582,61,711669.254071,29,605511.975229,80,603850.237929,92,600594.174467,20,599139.143449,213,564862.451743,30,526886.170331,96,505201.101358,189,501981.603238,50,479913.97001,104,473543.094564,62,piano
5409045.941212,91,5152432.940603,92,2696320.077572,93,2531987.182357,121,1806709.744826,90,1797601.842336,181,1688439.632264,109,1549064.829897,182,1522443.223065,104,1248850.19024,134,1241040.87693,94,981281.894058,123,959730.386258,135,951644.853068,272,835705.602229,108,799445.438765,110,737761.161428,271,715091.159832,180,711073.968534,101,704026.223865,274,692022.402764,95,691831.281676,133,670785.850529,99,666833.368275,124,659754.074959,136,652648.545385,96,647616.029036,183,641300.352814,89,640349.40259,275,558065.350521,273,515759.07568,122,500875.015499,184,flute
4805747.784242,40,4585040.331778,53,4056609.200799,158,3159376.815224,80,2439029.962709,119,2263107.493794,79,1804954.890716,41,1614086.445687,159,1546591.950621,54,1108078.765383,106,1087118.356458,52,897984.831459,39,896028.832345,78,893550.936917,81,799307.117416,42,793587.178882,157,627213.563179,197,605422.339286,55,597679.866343,198,596298.871165,105,580782.471192,51,564988.066188,38,553637.441364,160,543766.884726,77,499383.533598,43,491195.23895,82,469021.761406,118,453551.743892,156,419551.547772,44,393377.596353,50,373343.430212,67,368822.365042,161,flute
5026054.507904,86,4155944.754527,85,2973279.740059,69,2361479.81351,87,2235591.46279,45,2185990.471895,84,2067797.935897,54,1576638.568424,89,1488971.534264,56,1473742.940931,51,1363165.241221,133,1321770.736098,82,1264339.592129,134,1184077.495708,88,1129424.324839,83,1098562.754455,46,1062483.268824,68,1058144.694375,91,945257.100715,55,927665.117493,59,910925.919344,136,793786.995364,57,786914.830753,90,737429.335305,81,688902.93387,67,684145.179776,61,646235.227532,44,645020.542724,92,642924.369974,80,630209.624928,63,618496.996626,53,601337.208967,71,flute
5749033.826553,63,3678115.023954,187,2921087.824025,75,2534752.412692,222,2132690.915586,311,2032882.420324,149,2031572.000673,370,1810019.261221,223,1540121.875375,74,1477807.976712,444,1350247.157211,372,1265079.76598,125,1196168.910861,310,1006681.188045,76,984877.987191,296,878961.952483,186,823063.478272,371,819240.057446,56,813352.84927,73,690563.594832,148,672335.361104,373,655580.349756,72,638407.287363,70,637077.407888,77,636731.377276,665,635246.873239,312,633412.8814,71,630670.644981,297,603413.842054,221,580984.395941,111,572119.36817,517,503677.917721,147,violin
5397317.752309,21,4222905.705573,11,2552709.594561,30,2272664.912239,20,2184971.965462,31,1696307.726861,12,1292409.837424,22,1085664.995955,50,998141.606966,32,820379.827738,40,750385.462714,60,737899.247072,19,716379.832946,23,694234.028453,13,681179.35156,34,667454.315755,148,660307.723837,33,602088.858392,29,547791.201369,49,530592.499645,35,487963.47884,119,432414.134134,18,424612.332473,36,420252.26267,24,397923.706719,14,386291.031033,59,385510.071378,41,353124.30025,37,346838.144353,51,320326.780308,42,304114.669337,38,295576.769062,48,AG
4262150.872648,46,3167586.516238,38,2533883.034741,47,2509334.336836,45,2424845.051986,37,2111736.540734,126,2087249.927253,48,2066166.235747,27,1793640.451975,49,1741143.711072,63,1579473.612589,43,1533843.463503,125,1522871.168681,50,1322335.109144,54,1309253.246202,42,1293560.364547,53,1231355.801735,36,1158775.949093,39,1142281.628265,51,1115779.238927,52,1101814.674466,35,1001377.853638,34,985063.477162,44,975697.823415,41,952954.923212,124,886495.06215,127,855012.210958,55,736429.726154,89,723567.26478,29,701252.019314,57,686244.444788,32,611300.591359,33,violin
5805000.414776,53,4805579.527773,67,3753405.356392,132,2377556.367745,66,2267904.959743,158,2023608.303434,68,1366767.855527,54,1363528.913897,133,1158185.010914,105,1018873.131537,52,986665.409906,131,912589.529975,69,821869.509134,65,768886.132151,106,742154.117848,135,715366.930839,157,674517.843622,134,633856.033304,159,631220.019273,51,616027.862152,70,608540.899979,198,582575.49387,130,527247.24305,55,481072.619489,136,471872.727111,50,456215.122213,64,450681.701874,71,402883.252931,72,390537.005723,160,389515.764177,49,380689.983142,137,378316.78576,129,flute
5228982.200795,23,3839590.602248,16,3114626.712276,12,2605062.483621,11,2547790.181703,25,2390543.698869,15,2356495.556713,50,1827224.23191,51,1693969.088914,45,1648099.257993,26,1626000.230943,27,1598381.687673,30,1059471.58915,17,1023328.955261,24,909452.342418,29,907775.014107,14,874420.817762,19,728816.456363,20,722659.04866,175,684631.033674,52,677777.845017,31,669392.347625,13,636700.391774,22,608650.659552,18,607382.693189,46,589523.421956,174,509303.286063,21,472557.241561,32,465747.461003,150,453784.621759,53,426113.661521,44,408757.419047,274,AG
6703200.791835,120,2724005.252384,14,2188936.599433,121,1807239.854345,67,1790377.354765,34,1717987.12284,27,1691685.105093,122,1491652.580802,38,1402142.558896,40,1327497.607689,123,1292388.003869,75,1233334.532477,21,1129404.996191,19,1109549.717747,135,999373.636763,57,984723.275122,18,959900.515153,20,940974.959209,124,883612.479609,56,867823.489992,358,810754.939666,239,795807.475919,136,786338.847629,137,694714.294234,53,662882.921068,125,655747.353231,133,636648.701284,11,633177.174495,134,632549.37684,93,599237.080342,73,587259.471795,81,582356.50393,54,flute
6003300.867889,17,5133875.443648,16,3667629.234829,32,1917876.848779,79,1917422.862455,18,1747693.345119,15,1477351.952774,94,1353596.548787,48,1123031.349091,19,1119199.413699,78,1046243.229183,14,901148.466559,63,847224.336038,21,823814.329384,47,758532.652548,20,719837.976313,13,707963.141538,12,643919.714793,49,622694.986719,33,517615.911348,110,486252.087041,22,460954.016405,156,460935.466556,77,455893.61866,34,441006.717246,23,407613.012186,80,405330.241249,50,366073.024391,95,364391.898039,24,360258.82997,11,335404.9931,35,331546.134954,51,chello
8563274.369455,34,2597234.05177,54,2511175.29033,67,2252664.092788,80,2147686.537109,53,964177.05845,79,879274.405012,55,853898.234359,52,691661.032148,100,682401.729658,81,670215.999266,50,647078.726965,33,642115.264195,35,620603.52146,78,580585.075923,56,548689.66307,51,397508.84113,57,388003.608942,77,358458.957552,36,350249.18185,68,290579.253642,66,283009.192527,76,278793.976512,19,273830.929785,58,271155.793661,71,265851.212336,37,265348.705117,30,265337.761605,134,246962.686134,47,245841.135735,82,239965.945915,46,229526.545044,39,piano
6609803.231944,54,4590124.686122,53,3503185.5305,89,2033715.327423,18,1734314.944271,55,1705352.623045,19,1467628.193481,90,1463892.734239,52,1005319.477697,56,1003269.336034,51,917825.737906,88,881979.770745,36,843293.860203,50,817752.907808,57,675969.329684,87,650446.454326,17,628545.719038,91,614531.603766,58,608152.798916,20,557010.161727,49,545472.830803,86,477966.805841,59,471511.993487,60,469559.195849,106,464856.951657,21,428631.788653,85,428619.420968,16,408311.240435,12,405666.275756,92,399001.301472,48,396130.671387,61,391352.598221,13,piano
6196118.28968,45,3791385.745869,67,3628526.044191,89,3564953.103912,132,2575303.357151,133,2190889.103255,177,2000318.194493,66,1457525.915219,221,1314855.112894,68,915237.162931,134,735848.643754,65,710045.273823,69,666052.415281,131,527391.443202,70,506849.027158,198,481968.660977,64,476654.374471,135,438671.245791,176,398572.023032,90,363051.474624,71,349187.806103,63,324569.294913,136,323566.357301,130,297396.009233,72,295220.448802,129,288096.293279,220,285454.296272,46,276789.558975,197,271286.745989,62,252866.105884,73,240049.713847,126,223512.923273,128,flute
6177112.525619,34,2974825.529928,41,2942888.832515,26,1789603.832333,67,1681691.812039,100,1634268.942456,160,1623038.417548,25,1621815.913314,120,1573518.292488,17,1495819.819768,81,1418649.170421,159,1384158.74945,161,1352719.759967,40,1286374.505019,121,1187396.20784,13,1052393.357785,42,948122.059922,14,897254.857665,27,884530.341884,79,792592.053702,16,733460.256242,18,709734.52565,35,705060.64932,38,701411.035921,102,682589.560845,50,670012.446002,158,646100.8183,162,618280.425987,83,610508.263801,133,590165.19002,15,587979.597703,48,581643.963829,24,flute
7322403.902385,12,5421763.447761,23,2552842.3841,29,2461626.010203,40,1838124.544639,45,865280.806721,28,648590.732097,41,639708.361084,34,573003.617198,56,536854.24231,22,485967.450597,24,477529.377884,158,442891.45248,30,435940.731922,119,432952.945868,13,417162.521843,11,411050.366796,84,337431.177729,27,326394.945281,21,305612.049656,42,290221.444241,118,277232.991615,31,270380.20502,20,259916.532974,57,257797.543563,39,249970.120169,43,244333.116174,19,228598.301976,44,222818.028199,26,208591.243493,46,207511.082637,89,201390.874295,25,AG
5879703.591222,53,4746561.397925,134,3698433.172295,133,3032667.786407,67,2218205.502333,34,1680898.074565,157,1244394.441596,167,1237157.948984,135,1131332.444774,68,1089588.142564,100,1074173.745954,132,953608.593989,105,932274.769839,54,868410.893267,166,747121.221318,158,671110.489299,136,669688.847651,131,652638.956063,101,512544.136541,66,496025.83815,137,460894.120241,130,435583.15597,233,425268.94642,200,407566.897847,159,406323.721042,138,405485.871639,199,367506.74748,129,364833.237338,99,361517.906988,69,360456.822003,168,343600.224222,35,334343.894597,55,flute
6899597.810431,60,4990207.866644,95,4105111.539491,94,1646694.92322,59,1244778.855995,93,1130862.273332,96,990622.82192,48,873217.089012,61,790328.744729,97,775667.412834,91,740104.813299,58,595911.731241,62,539684.775345,98,493462.394639,49,478111.282794,12,453164.704495,101,445266.305019,92,443095.991063,89,426731.65848,99,424773.869277,11,373487.040318,57,370480.555384,51,369662.640575,54,351896.767353,50,335201.835949,100,334758.353665,56,330444.828955,20,327493.062086,88,327050.012767,14,312697.151877,24,303057.018556,104,301004.546422,18,piano
4222909.491301,53,4140927.196608,45,3988225.41163,23,3860130.143493,12,3688938.930677,54,2366455.802774,106,1638830.673366,55,1392149.653281,34,1261856.73261,67,1224857.368537,78,1109145.245389,80,1072593.727753,40,1013969.32341,79,1000771.245285,52,930962.292667,56,769450.226249,89,599252.895083,58,563343.853627,51,534404.061196,105,522962.271065,57,486090.91238,41,473309.752269,46,461871.776882,49,457338.468767,47,453617.439662,107,445650.889979,50,426814.495529,134,417946.975989,59,380242.929026,77,362161.245407,100,339620.36025,81,329636.022066,48,piano
4648406.8272,36,4630205.029094,71,3380765.650877,72,2044745.491667,67,1772123.632314,176,1588576.85663,69,1588166.709692,35,1534186.260822,68,1438195.822782,51,1374436.247235,102,1329493.29352,60,1328856.080703,107,1284927.215229,37,1263694.389551,141,1189522.301076,61,1114841.582232,108,1092473.210763,73,1048461.746872,106,1007474.660889,34,926307.800912,33,885145.544185,45,799692.987879,74,798412.542645,46,785193.031913,65,739322.22806,90,718731.76548,101,712725.550152,66,701280.197596,142,674966.056756,103,672595.307598,38,646624.936936,43,630474.875029,200,flute
