4855477.020513,54,4104014.473175,53,3222321.079683,37,2556004.145596,71,2481374.53728,72,2097125.56823,35,2020900.28729,20,1698580.374374,70,1696044.224984,34,1687772.836258,55,1561116.526752,38,1518414.334631,19,1412314.708852,107,1365908.357795,36,1229907.223223,56,1174495.487873,68,1075422.919435,16,1006512.331548,40,905721.592033,52,889076.484468,18,789792.337638,58,756625.278222,66,675863.926295,89,667899.359811,73,564962.082314,59,562443.245719,61,561422.138084,69,561023.089796,33,540381.470067,51,537874.831953,57,513995.844541,50,508290.41044,63,tuba
7660804.234343,89,2586840.880303,21,2455136.121424,90,2376994.909542,40,2070003.831934,20,1405971.61963,22,1365227.330018,88,1343310.176489,177,1261933.392556,30,1209689.97054,43,1035688.343508,178,958371.701423,41,934634.428966,44,843155.719128,11,751748.158265,91,737449.126255,221,724731.056081,42,697206.646364,23,676145.589529,15,666621.894299,26,571319.519593,98,535409.395827,87,535349.616735,93,521943.724706,176,520162.501138,46,482512.789242,31,449597.399289,85,445645.801405,19,412440.66397,222,410334.035539,39,402681.404342,14,388444.998371,310,AG
4240144.444039,11,2306862.880527,35,1972099.345357,27,1934213.26882,42,1741147.883661,20,1695080.67789,26,1571773.285687,36,1323057.016593,12,1290619.133641,43,1286043.348724,32,1164440.284574,15,1070123.328679,34,1046704.948903,19,956554.040281,39,910761.198978,40,780794.2999,13,778298.503155,16,763120.792217,31,756595.113454,51,750730.900873,38,681397.898292,46,680310.811542,49,670162.049669,53,661194.054882,18,649873.713094,41,648610.616255,28,637495.314619,63,630698.252034,22,627001.135393,65,565910.008898,24,547085.670381,64,531535.742862,17,trumpet
8079391.586242,23,3248792.387697,12,2818495.050548,27,1707491.211089,24,1660211.624315,18,1409593.753963,22,1245684.763679,117,1129216.475491,11,999111.888051,21,947848.005054,26,849121.332796,25,842626.416807,35,826720.27693,36,531431.78513,59,524164.762226,13,514649.000036,80,501996.981509,132,478526.251815,17,466157.477525,28,439604.217573,53,428731.95205,79,428205.673228,457,402547.614813,29,388257.362904,346,378966.182387,20,378663.192262,30,370834.700291,33,369106.603478,37,364266.436692,146,356795.946341,118,354107.979939,15,340559.157169,16,AG
5888736.007105,50,4390677.31041,51,3128262.980543,45,2765212.425031,26,2049335.893286,52,1885154.781635,60,1882592.308433,49,1590025.943386,100,1544235.923559,29,1238702.448592,34,1228060.161999,25,1223680.798373,200,1098326.649845,28,1034653.797945,30,1007591.646266,27,941821.909431,48,934559.342487,31,934484.487023,57,922097.700615,53,760757.832215,40,517704.174935,44,445403.167894,23,439122.861999,17,430040.731284,59,414069.537955,56,389235.40311,24,389126.616227,43,387363.98737,54,387035.161849,302,382710.690863,47,372705.820145,39,369476.687565,101,piano
1539150.15305,24,1379116.551776,43,1352889.068409,151,1290106.309124,18,1220454.605503,22,1132656.694351,131,1116842.103785,13,1100644.126511,145,1075859.70217,58,1039168.712629,31,1018600.990562,147,996492.305248,137,976519.361306,15,973125.188967,139,960404.437562,59,928731.380796,16,922626.092772,155,855942.688033,52,844219.505082,87,835173.709916,20,834621.810114,83,815570.850983,82,812854.787984,138,807896.341679,35,806940.161154,67,799777.040104,57,782814.883379,65,779092.324566,21,778181.471892,103,756847.916935,74,751596.117159,25,740887.913247,19,trumpet
5248310.526009,23,4489170.128772,30,3283661.791187,45,3162936.907129,38,2644784.603625,75,1838860.214899,24,1510447.614805,21,1436330.313304,111,1432587.638708,31,1226362.104177,112,1214433.174524,16,1141492.473357,26,1098412.050719,29,937671.270512,11,870682.646974,59,835795.124637,20,795062.55486,104,777309.307189,28,774918.44912,15,755588.979589,27,700308.219782,39,692303.647435,25,682387.071722,103,667184.824285,60,602603.513203,223,582285.296103,32,572799.258197,44,550656.190807,34,527836.891997,22,523447.783108,67,469015.59733,162,464765.627001,46,AG
4447176.206926,23,4006932.90487,17,3566046.614852,12,3085146.073557,19,2658997.817825,34,2285105.126885,18,1490390.998672,21,1385698.658737,16,1376157.525038,15,1312367.682084,29,1226133.808945,14,1225435.807055,35,1164247.163296,11,1120345.102982,13,1043978.88945,22,997317.03296,20,893824.772069,61,862115.020465,84,811794.536595,38,744424.599713,123,742787.871092,78,718344.128931,24,712581.88423,47,693185.443139,56,688578.214536,45,680344.223669,129,656623.198454,118,601596.626267,26,594130.365787,28,552478.289809,164,524694.630817,79,494977.883895,122,piano
6892203.932284,118,4744937.727654,59,4316078.583671,60,1585677.828638,61,1446413.877765,58,961856.844616,57,902129.099804,62,896105.950652,29,736527.314787,11,722673.327732,20,684874.189811,56,675894.768614,63,648208.205639,79,634517.687606,26,611006.760136,31,594675.18304,30,579879.694007,117,559043.993228,18,512033.274018,22,444017.360071,54,434397.102021,64,379582.416515,65,366316.004615,32,344964.258479,53,338462.541238,119,337875.072764,66,321003.201053,55,307754.275444,67,287027.931096,52,283838.103695,42,274910.073685,27,267584.030702,68,AG
7913367.845632,54,3621681.363814,53,3229369.689515,107,2428785.870143,55,2193621.810947,106,1201893.871254,108,869826.330518,56,842365.451901,52,841483.709551,160,639296.302888,51,625369.849558,159,490179.086842,50,458027.557029,57,405916.778204,109,399203.013824,105,398165.9488,49,374480.22382,104,370644.875875,58,356089.509293,110,331770.227227,161,324844.304447,48,293565.130558,59,278270.568608,47,260583.422364,111,254830.542161,46,241293.146278,103,237165.10113,60,236402.562855,45,221374.457416,44,217268.972881,112,204536.989227,43,198697.202459,102,saxophone
5371166.784919,53,4185924.724168,54,3437450.223036,55,3166277.795277,105,2578842.820866,52,2270615.189754,56,1442056.729837,57,1418547.48236,60,1384222.450159,51,1127984.820359,50,964042.31149,59,957692.64893,106,877842.402143,49,845593.485992,58,759085.378241,48,726384.06722,47,675359.582946,108,641763.255099,13,608529.323582,64,607115.813499,61,580537.861918,65,580140.554956,62,562172.861699,107,525450.942434,156,514817.361368,25,500519.149211,63,484503.3696,45,462125.624499,26,457483.339152,104,443985.247062,66,438913.632956,102,438415.684095,30,trumpet
5978160.47452,54,4745053.614718,28,4546620.095913,27,1772489.078986,107,1494705.580399,29,1486215.876049,26,1429436.406734,160,1114264.722233,134,1075513.752488,133,916892.392699,187,916541.049953,30,830229.869994,25,821011.015277,108,790715.484923,186,779217.681934,240,775757.057446,213,706327.978164,55,690663.134837,239,663866.865664,159,645423.952058,53,628877.341164,31,604843.369594,238,571385.942566,185,561693.22486,80,557809.850199,24,530229.835819,52,503841.566685,132,464602.433016,51,439275.102117,49,438781.296128,214,430402.179223,32,423554.590569,33,trumpet
5032656.633606,150,4658328.177389,51,4596134.66451,100,3388999.984545,101,2098451.786116,151,1598650.239919,50,1487817.581924,99,1258252.872249,102,1251188.001365,200,1210250.537265,149,913705.558621,52,812996.940379,98,803149.767816,103,786022.46703,152,699500.683145,49,623936.087296,89,590553.575986,97,565857.300129,48,551052.910366,104,506184.294506,45,506020.370233,153,479424.15925,105,476971.987001,53,471251.442126,148,428020.621228,96,388335.18161,47,384470.716595,250,380749.301184,154,368751.273125,106,364852.493159,95,360284.844903,132,345921.742718,147,trumpet
6617446.230676,14,3260311.628778,60,3079224.952973,40,2370678.58378,21,2053913.978277,11,1936806.787638,20,1927210.061327,27,1747252.159211,30,1405183.722783,59,1294228.272465,99,939187.259786,79,928529.613654,47,872182.004016,28,858532.393552,61,842222.612254,53,836344.412028,34,785558.232834,19,768623.265948,29,716556.422657,22,661445.851419,73,649144.825222,80,641799.805197,58,622979.359148,119,611613.396889,18,602960.947142,13,582468.451439,31,534188.011578,39,533500.547909,51,477622.895899,12,472167.182798,139,462130.669936,24,439115.149751,23,piano
4801169.365352,26,4418415.094403,51,3699928.969821,76,3417915.705749,75,3017466.736528,100,2028111.994154,150,2002740.065415,50,1716379.934941,101,1340804.729508,125,1203033.242799,74,1162259.837563,77,1055259.864901,52,908387.119549,25,882254.768492,99,780846.098952,49,771028.164073,78,678764.867962,73,671832.975112,53,582994.710614,27,572822.933219,102,569843.529015,98,537865.930502,72,508574.95262,79,482795.804396,126,481337.15606,54,474226.376804,124,456630.837484,24,448163.855386,48,406200.99831,80,390622.558062,55,377565.906385,97,377036.619496,71,trumpet
4892120.80186,60,3409457.725607,26,3357201.921136,59,2835054.874846,13,2658046.089374,61,2029957.405494,16,1701702.447351,15,1450582.495999,31,1312264.063204,25,1255981.009653,57,1243667.437145,30,1209283.002387,20,1061541.154798,18,1049802.472054,29,996773.535902,27,988730.04427,35,977845.535651,209,945996.061458,89,944497.12935,45,940993.956886,63,856757.000853,88,840532.864325,17,796251.936377,46,766511.978544,12,749373.236551,33,744433.288,32,742613.664642,55,741126.644293,37,717649.956615,104,681146.190758,28,659949.744357,208,628725.316346,74,piano
6268929.92537,80,3662386.375124,79,3435755.486387,81,3337500.384411,239,2685366.578234,318,1992909.958684,159,1734064.262598,160,1411752.156164,78,1317435.394167,82,889668.636797,77,844992.218077,83,842728.88678,238,828616.135572,397,789469.58419,398,786356.954565,319,643651.801754,477,641569.313836,84,636723.407829,76,577738.593821,317,520307.903063,75,490640.317091,316,488631.621369,85,423635.262346,74,416046.802201,86,400191.499856,161,362492.783615,158,360415.562004,87,358524.604845,73,324925.541626,88,312600.520917,72,307809.638555,156,298359.039786,396,saxophone
4544331.14399,30,3945404.424322,15,3224305.307635,16,2897070.003746,26,2273506.198947,45,2135331.113512,89,2015039.485589,104,1858508.488271,60,1701678.371651,23,1646664.631502,75,1347250.35764,17,1341167.778462,74,1325594.970338,14,1323461.427675,149,1235511.099055,59,931503.740852,46,888456.926484,209,884034.531552,12,837906.602146,225,836193.349774,28,799094.818724,90,768285.496303,31,760187.295721,13,741566.846529,224,733604.388132,134,704135.379598,27,672501.43814,18,641003.448398,20,625519.628521,32,533127.98269,44,519454.597346,21,515109.689867,164,piano
6442802.308009,40,2339396.383297,30,2306661.171453,21,2248387.245193,26,2141163.704979,25,2105461.479054,59,1863345.247463,41,1796192.541308,50,1609658.061684,20,1589955.255317,60,1349149.933379,31,1261452.350667,17,1190167.219406,51,1151685.085328,24,1035416.917739,42,916117.061924,99,910217.195671,19,854170.096884,83,839959.80026,80,839227.716389,34,835599.835453,18,835079.901917,29,777527.119235,67,751706.502541,35,703547.731638,28,589178.349997,33,565651.72305,58,559194.624354,43,556360.518374,158,551060.787063,159,540251.90775,37,505585.58505,98,piano
4165505.254918,48,3865777.146369,47,3427605.530947,25,2503031.937172,95,2254593.684367,71,2062414.916888,24,1946146.143767,49,1860345.992495,142,1715895.592137,164,1655737.396922,70,1615585.415617,165,1457736.2193,72,1453686.796693,117,1348816.068614,141,1347049.38439,140,1322185.698556,93,1202138.672991,23,987678.767899,27,902209.565445,118,897010.000098,52,888617.834773,22,843422.251889,77,726449.205254,50,677055.967638,102,673852.877226,44,656797.009137,99,652771.153658,100,638815.78867,163,608695.791689,75,597355.771262,101,586154.995561,68,564010.161562,26,trumpet
6886249.199341,45,4754309.16093,89,3023440.034609,133,2114418.590096,222,1772152.985078,134,1555188.329636,90,1472929.737577,46,1304474.712514,221,959033.881795,132,901437.508796,88,897700.78539,44,732692.349944,354,703565.731804,54,677408.34977,135,672699.067399,91,603087.947182,53,594177.040055,47,592181.219926,266,559542.627613,220,510659.774868,52,462708.992893,223,438738.825879,87,437330.478071,136,435103.123016,92,416821.222085,131,393072.69265,159,380713.270723,43,372550.660667,60,369983.022455,48,368128.172158,130,357031.398879,86,347182.077386,177,saxophone
5459853.294666,27,3416213.090386,30,2727473.907895,14,2212010.660549,24,1916361.267197,26,1872972.446149,28,1766850.775634,18,1743464.676337,23,1530509.913208,21,1385383.342513,40,1349756.760235,39,1158470.353598,25,1130495.805598,22,1048895.301783,482,997928.375464,426,898465.938687,116,881854.872766,79,860651.324078,428,809138.99034,117,794013.742137,29,768649.696962,13,744681.094392,32,733329.095306,20,703774.935083,444,700777.030042,433,693715.658753,424,690710.607507,483,660009.643485,440,659919.359862,425,652308.393233,59,649533.679037,450,648172.163802,71,AG
6982183.538671,40,3783669.509565,39,2504571.331318,78,2464071.241574,117,2174525.912507,79,1648482.170608,156,1552053.13513,132,1517732.833084,131,1142351.729384,38,1054832.706233,118,1035445.760657,155,1001373.115935,176,868397.615502,87,811664.450295,116,714268.991748,89,679178.246046,133,672702.037621,44,672219.584684,80,595187.757946,125,593055.334052,41,546021.417973,37,545906.661601,130,545132.389069,86,538323.438522,194,515715.085166,45,509474.579497,157,486263.803549,85,475380.65788,154,471672.469353,115,454620.87369,82,446133.455432,127,440708.49307,81,trumpet
3023009.03985,11,2983084.349841,13,849005.86717,15,686138.845243,23,623158.574548,19,606463.504118,20,572721.284413,16,568111.576497,14,426711.708775,25,408992.921614,17,359729.878726,18,241242.670324,21,213359.716981,30,209935.555584,22,202270.614708,33,194986.422835,27,189895.125917,24,178198.613917,32,162004.763591,12,160182.737398,37,150601.264308,35,145269.497666,28,141089.109658,26,135247.641638,82,113433.277626,67,94052.158818,83,92928.330427,39,89720.474529,81,89564.487689,72,87452.817718,75,86033.144772,38,82503.549946,29,trumpet
6098991.047291,40,4884550.1296,26,3219694.155535,50,2583448.02827,25,1654085.605631,51,1545769.21386,30,1267710.597103,27,1186962.026817,79,1108042.946271,23,1080832.857837,41,1071733.350954,21,991480.08664,28,967543.173637,11,954621.567281,24,950095.08378,49,902849.591913,45,869395.241469,29,854148.420822,75,789803.806105,119,707799.02577,31,681642.843117,67,665652.79301,39,610152.447711,80,550904.154828,38,541664.596132,42,530464.276861,89,529187.754427,47,514554.219422,22,497665.228252,52,495432.610769,200,482464.569054,48,472664.608552,100,piano
7041211.576037,45,4137996.713116,50,2298795.000685,51,2116878.676329,30,2002646.23447,67,1731376.012266,23,1706567.645589,16,1542152.68571,60,1377906.364986,100,1212446.600507,15,1174986.119258,49,1087862.019636,31,1086956.137061,52,1038997.497841,89,765922.396094,53,757296.215354,48,742296.186945,111,577664.670141,44,535377.028646,14,517176.740617,32,490702.425661,29,457094.076333,59,430094.793479,12,427288.251184,178,414553.276611,28,410226.382081,61,392991.675151,54,378858.496305,13,368072.795088,112,363274.928021,47,347311.901492,34,338992.743188,56,piano
6152295.566989,99,4196539.485334,50,3859886.430716,148,2595739.947882,100,2321130.829724,149,1944007.663307,150,1444317.219962,198,1247545.874532,98,1224944.080663,101,1043505.679737,147,990471.955786,197,892115.210593,151,781516.736513,247,774803.075946,102,767929.530021,97,760839.368404,51,695401.154667,146,614628.031476,152,578206.256792,96,554574.009161,49,551855.916298,103,499050.605519,145,495773.227124,153,441851.578935,104,420638.042179,95,416688.252176,52,387190.363598,144,377978.025663,199,363544.461399,105,362293.6472,154,361632.879714,246,358326.556093,296,trumpet
5859897.007743,32,4360447.046727,64,4218757.88386,31,2395739.150318,33,2152418.217133,63,2104540.910651,60,1352507.592627,62,1350579.826371,30,1306457.801274,34,1177989.680022,95,1140236.852875,94,1103259.414185,61,1064590.70473,89,1034390.44731,90,869986.525888,96,780968.71666,35,613795.824255,67,611121.967631,29,604774.158881,157,586215.944709,58,484194.080426,66,474801.793407,148,467798.749366,59,461055.066895,97,447024.095678,98,433627.006778,37,391729.619062,28,385446.150541,92,365049.629319,149,313883.071884,158,304390.993315,39,297091.701365,93,saxophone
4435004.695792,66,4101560.44698,65,3406388.548557,34,3345049.644423,67,2462579.041396,33,2431838.931892,35,2247929.475842,64,1923864.948711,99,1728232.140814,68,1678016.511821,98,1457115.918752,100,895299.998755,37,863448.187472,69,800182.835365,38,796042.856702,97,789042.393769,164,769895.258042,31,742945.858213,36,736935.515876,101,719026.013694,95,671803.107849,165,635172.872143,163,595230.243018,70,588747.508198,94,584691.023972,62,579889.943814,132,578898.991166,61,573556.154067,30,501184.354562,40,490535.589285,45,473235.747324,166,465055.413411,42,saxophone
4155347.211786,91,3401420.66685,90,3031958.771675,180,2979787.415609,97,2524878.249053,181,2405535.509714,177,2318953.905723,179,2115256.329424,191,1987780.125719,194,1621148.107116,193,1619160.548697,291,1481076.336048,290,1289794.780399,89,1264985.960979,192,1142894.263802,99,1138479.903978,93,1035831.258991,175,988524.217902,92,938956.550216,98,893618.610921,195,867954.388729,176,821253.887146,197,808150.296885,182,787993.843004,85,731685.511476,266,706912.4308,357,691754.639728,355,648547.821282,288,626883.189294,174,620454.575785,96,616757.533059,184,593392.12794,269,trumpet
8954766.202224,32,2200099.81801,33,2140746.541605,94,1511463.753825,95,1495018.909163,63,1358222.011108,31,1255265.449139,64,967231.228078,34,897205.845408,62,726460.583606,30,616699.795574,35,532917.625158,65,496513.359757,157,490486.352381,61,477773.081226,29,467993.941324,36,371902.924108,37,369068.711115,28,363817.279416,60,347148.298658,158,338033.939705,96,337958.077238,66,332728.1702,38,306994.705402,93,306708.390726,27,295913.912828,59,283840.71255,39,259439.034573,40,258087.729798,58,247783.418068,156,241360.002381,67,237391.698654,26,saxophone
5468522.072732,13,3486855.567263,26,3379718.698674,20,2890810.360266,14,2620534.272061,19,2224690.975295,12,1687294.473194,23,1590130.87038,25,1409210.608316,63,1176027.907036,21,1154144.282318,11,1148388.867921,16,1114645.804923,15,1087012.220069,34,991967.229343,24,907920.49974,41,878789.778657,22,841548.498412,38,840625.615641,18,807214.976728,32,690298.602894,64,581325.024958,57,527634.002555,95,521240.67349,82,513961.961501,33,483421.456346,114,477226.414284,133,468332.551332,94,454632.64417,51,449611.803273,69,446345.229104,39,434393.596654,50,piano
7017148.95064,71,4146928.471623,141,2088676.144607,176,1998385.791112,72,1934312.711371,36,1667151.881321,142,1290583.587752,140,1193896.807879,175,1135721.427878,35,1111208.937993,69,1086525.152132,105,1049635.544076,70,993025.802487,246,958073.310289,73,892104.166288,34,875237.850836,211,860028.488208,139,839566.680472,37,776283.370878,68,760534.977805,106,729705.417933,33,727371.513966,174,690802.731791,107,674155.116272,74,638836.010552,104,596408.254623,177,574275.903052,32,513624.498635,138,505576.188698,137,497241.574236,247,492381.999555,281,486179.487422,245,trumpet
7429083.525815,175,3715317.652859,88,3224205.335169,176,2901722.65929,177,2356360.451227,89,1069697.664681,174,1039651.85702,173,1034380.623139,87,935956.552726,178,689097.730865,179,662089.156996,90,647476.535482,86,643364.552718,262,612626.823698,172,550768.191178,180,540297.289019,171,464589.919301,91,457177.48068,181,451732.657543,263,434500.511125,85,404429.503023,92,390163.070089,170,382915.141816,182,354468.094135,261,336283.545339,183,335995.09437,93,333526.217325,84,312899.296962,168,298284.394419,169,287393.668395,264,274647.54641,184,273191.014154,94,trumpet
5713554.00949,24,3633127.744363,30,3263428.128902,20,2485196.033105,23,2009430.376901,70,1862901.807535,117,1777722.470958,47,1776074.03791,18,1679046.722018,11,1412499.650107,25,1305870.828786,94,1284702.18037,71,1261437.171174,163,1025853.48033,14,957586.753007,93,934434.47621,19,780422.867044,69,772060.925577,210,751757.341758,88,722612.947231,305,672487.76788,424,649476.681326,59,641884.351284,426,612942.015246,377,586697.018807,29,579291.880714,12,545338.819378,118,537842.921286,72,513143.648078,68,484387.263179,35,466774.849061,26,435963.110557,425,AG
8069969.355185,18,3543428.201792,36,1882639.624947,19,1813255.926307,15,1692400.114612,30,1600970.858484,71,1527048.782593,35,1259590.393743,16,1115988.069538,70,1081672.608694,17,776813.939619,37,749024.22472,14,676661.102903,12,662285.411403,47,640923.554142,72,619558.853899,456,608541.445802,20,601916.63574,350,584300.969767,24,538086.681198,13,492390.956838,34,472244.248402,69,450725.666285,38,418777.254406,22,410630.363014,32,392920.165685,33,365840.429899,21,362221.834176,11,358841.553215,105,347052.751102,73,340684.744335,31,315480.169171,68,AG
4994717.745304,14,3475442.269923,40,3002387.560609,53,2960361.46813,41,2813437.927992,27,2585632.860128,28,2190323.9808,15,2116183.386654,54,1921795.691551,39,1624318.922266,13,1387329.561025,43,1319373.313507,38,1202840.186014,26,1012594.42316,16,1002784.368676,44,970148.631538,92,812448.460649,79,767071.260331,25,695160.873155,17,691489.939932,93,619593.650037,37,617481.303001,24,609241.490404,42,599462.266401,80,597535.551467,52,574471.896133,56,574108.512606,12,560879.706081,19,527873.991903,36,516469.453611,106,500906.328347,23,498471.744414,60,saxophone
5338861.012911,54,4716919.11284,28,3686303.257137,27,2526699.703079,107,2485528.76729,160,1979582.948697,187,1464877.458204,134,1454127.616063,29,1447366.10575,26,1286995.908012,161,1268318.293306,81,1186104.499065,240,913168.063059,55,867221.974345,25,830799.016935,213,823588.166772,30,764419.191269,159,712223.183886,214,646511.641254,24,606951.019804,53,560092.80299,293,529839.789472,31,528535.361384,106,508243.678836,23,487750.778207,108,486169.303693,32,476227.256333,162,460920.906305,82,444880.495646,188,427112.451782,80,426555.61093,186,415260.268324,22,trumpet
651069.78958,13,572238.038047,12,500202.851916,11,347333.934082,19,218335.147515,18,212115.462395,14,208735.921177,20,199865.702609,30,185225.570564,32,183345.664596,23,181759.317781,17,175538.034798,22,161294.382651,21,156523.958188,33,155599.487675,55,149201.649487,16,144893.14298,15,126376.859114,27,121754.913082,34,117844.060522,26,113279.416511,61,113026.273607,46,108494.805845,31,105411.517575,38,103533.399562,28,101298.295958,43,98241.275067,52,92600.015093,39,89907.97752,40,85383.665257,48,82519.398316,37,81758.292275,35,piano
5735944.635061,60,3541721.238239,118,2893364.757652,59,2828786.467848,119,2758316.991516,117,2630741.559684,178,1999049.433352,61,1933807.352751,177,1818335.267012,175,1521954.039556,120,1413649.340334,176,1347899.773374,58,1047238.643852,179,1021356.399923,62,944715.925785,116,816938.868254,57,760267.525825,174,665478.478365,63,649580.129501,121,608027.919671,56,533542.49531,236,531492.536179,64,458674.444359,180,453928.640901,55,447485.453077,115,420471.810392,65,419101.489631,234,389288.320791,122,360748.848965,54,355536.047744,66,346726.522458,292,329888.277206,114,trumpet
7393366.917659,34,3110465.077196,67,2971008.851785,37,2386941.260537,36,2246920.893517,35,1796975.187228,66,1717539.575699,165,1552290.081995,132,1530684.035768,133,1095295.195428,68,1094504.534403,33,874497.859111,38,727338.594779,65,691445.534629,164,557639.977662,134,535277.538543,131,514881.787993,71,483763.242775,107,481768.616118,69,479485.731102,108,421941.980187,39,416698.62909,198,415137.004241,167,412416.437781,40,397678.78193,72,362416.04393,41,361088.794063,70,350592.306344,109,341647.597371,166,319981.947081,99,310465.984561,32,307120.507786,130,saxophone
4168189.286584,29,3873607.486578,34,3219706.414076,11,2798988.773946,30,2676741.94614,24,2652592.956321,20,2225970.408496,12,2113064.387485,39,1948455.460521,15,1431837.346324,25,1423652.17261,43,1401474.043634,13,1109502.036757,23,1105363.368515,28,1095220.000546,58,1087511.820441,48,1081374.368489,53,1048904.184015,57,839867.638978,33,795546.48699,38,731519.014294,22,685741.593421,16,662203.429895,36,649372.756335,71,607254.752923,14,568421.538905,46,546867.748443,44,536758.180422,41,532707.587729,18,529633.483764,32,485955.772353,21,483033.835957,72,tuba
4608444.622198,30,2649730.228258,100,2550062.467323,29,2461219.715668,99,2187910.074152,21,2118154.732907,59,2114140.022846,31,2083636.538625,22,1967972.92442,101,1882616.123839,60,1704561.525095,58,1658073.622844,98,1649800.862026,23,1553165.768879,20,1550312.38879,32,1496888.080357,89,1337599.700137,61,1192205.287319,26,1127186.791879,28,1067848.692705,33,938028.607544,102,883993.132532,97,857158.555521,66,847628.081788,34,819179.97155,67,802961.81857,45,790412.60152,24,753152.127401,63,698626.96584,19,661080.461073,90,642416.441948,16,641119.044083,65,AG
5511928.789048,30,3551575.205625,31,2901009.564029,60,2784045.45576,26,2735672.69241,13,2723962.200265,40,1982186.438911,59,1650080.741312,25,1528106.905091,21,1289951.080472,32,1286070.1102,178,1143723.330541,29,1088964.377029,20,988595.818419,119,952196.713673,24,894326.826902,38,855990.384301,14,850984.415119,149,831950.681023,27,811301.404222,39,784838.325909,89,735006.317526,33,700321.397084,22,661979.830822,23,659689.113467,58,658255.670612,148,647085.001386,61,645110.235829,36,642243.348316,37,589081.690671,28,585273.114888,34,574633.744434,35,piano
6966652.008279,34,4838156.201868,67,3663608.462172,100,2902962.067483,133,1402366.629725,132,998256.107148,166,836622.126671,99,749896.037257,90,675053.270046,33,629734.383062,35,611270.419609,101,607602.158807,66,504234.426213,134,495585.513342,131,455027.120304,89,422197.894912,135,414803.472934,36,411420.701332,130,403776.52078,165,377279.452477,61,364829.114517,149,342933.568488,30,340620.682962,164,338613.031225,29,327023.446905,58,316549.372841,120,305988.647061,103,302516.73352,102,298038.260254,32,288281.548816,163,281832.4555,59,279827.290642,37,trumpet
3323254.29643,38,3289044.08345,24,2972005.786774,15,2474498.542816,11,2419644.47794,20,2244574.714037,34,2024561.263778,29,1898805.700345,28,1895455.296908,43,1736705.147863,23,1720215.247869,42,1707397.687839,37,1582229.213106,33,1567346.182835,25,1550270.854297,39,1202728.867598,75,1151335.262724,46,1109212.260286,16,1021152.597366,31,998389.121295,27,980020.182645,36,977057.803319,41,964166.385742,57,884687.49324,71,859373.125335,32,809573.481589,48,799612.299982,26,788463.522078,21,779889.196861,30,762681.900638,61,747803.16688,44,735234.378729,19,tuba
7160201.421432,22,4112864.974382,42,3469687.005241,63,2186219.891898,21,2119227.730883,43,1326992.104598,126,1170486.696749,41,1073668.628335,23,1039955.880815,20,815200.485303,105,791545.601465,84,756924.434584,125,675457.859337,64,635763.143756,19,630363.003394,40,629543.708124,44,601397.740485,27,491685.926318,85,487835.400674,52,485095.826531,18,476152.472631,45,450118.414026,39,447602.354323,24,444990.927647,25,417916.199404,65,395117.576204,17,394472.790778,46,386268.650089,62,370410.030773,38,363278.048105,146,359176.228507,51,322921.533717,16,saxophone
2416848.574493,35,2114301.230916,11,1902505.422726,26,1809004.081805,28,1775342.771848,29,1715578.953304,27,1409785.411934,25,1404561.507889,13,1395346.257098,19,1338542.170556,20,1298909.730066,38,1269064.313478,14,1185409.333378,43,1079514.172587,44,1078688.812159,36,1071311.930542,23,1051299.583643,31,967694.657458,34,963023.176917,49,945690.637596,24,935450.561778,60,928218.645192,37,901769.691416,62,895705.65043,15,895333.400006,42,879938.847482,58,852952.879631,12,847363.966543,18,791262.50943,21,700928.897138,40,687792.318023,45,662713.394952,41,trumpet
5876249.610003,20,5104095.353486,36,2539964.086504,30,2523913.969096,18,2212129.033673,35,1747348.170734,11,1646426.515686,105,1373180.041158,70,1361736.374198,71,1180910.74172,19,990418.1952,27,972810.582528,34,932303.618911,106,888229.741981,37,806151.266645,14,797252.638045,29,765171.538386,21,707046.638757,49,702517.890866,59,700561.031146,12,645864.5497,33,608410.78911,31,591235.195488,22,587766.223829,32,545034.91472,68,512825.956493,72,470747.422525,28,422509.783056,39,422443.853079,140,420988.038552,104,406347.306852,23,394345.201845,69,AG
2135115.874051,35,1954476.075618,11,1859392.467655,39,1481648.831823,43,1473343.147111,30,1394686.065205,17,1227091.919516,14,1224338.880537,24,1166012.984354,38,1155088.256936,12,1097787.612569,16,1038050.766965,101,1019070.093663,138,1002528.909816,76,986884.032942,29,925847.010967,22,922495.727012,21,917462.953754,18,890093.328856,266,879018.647519,56,852048.740407,19,826082.420091,49,802968.364428,27,762469.818378,33,755060.349534,50,742649.068664,44,737327.83395,100,722320.440459,90,703896.302765,41,702887.324389,72,701948.6412,13,700462.948798,20,trumpet
5680557.845625,41,4935511.294124,40,3794831.494926,80,1504334.081054,159,897984.537541,119,888891.908047,120,804754.928637,42,745440.034713,168,684295.138122,122,671828.282043,198,652068.757399,57,623694.867561,56,619169.247737,69,618106.048605,79,612077.137138,136,588000.377456,128,576372.412101,160,545858.885669,47,538558.425708,129,532077.861252,153,506060.948652,78,475270.834138,44,451326.005132,232,439778.083663,45,430051.034033,73,427262.123528,137,420655.50069,231,415983.538153,140,413139.840355,130,409043.405586,81,408491.289914,50,404317.246001,154,saxophone
3891642.213768,159,3748312.906466,158,3379069.121904,80,3282698.432375,160,2817253.675132,161,2054863.22797,79,1940686.312816,237,1922966.416273,317,1841134.282742,236,1811733.12433,162,1700111.474202,81,1669944.248868,239,1575936.980393,316,1503087.996427,238,1342902.453006,395,1005939.29951,163,994589.521023,156,912944.194385,78,890810.451932,155,809518.122001,396,782501.310446,315,738331.247117,154,586843.670912,164,574368.68141,318,554773.62361,165,551945.865572,240,551135.63806,314,506497.624466,153,497468.526319,474,474709.87673,77,462732.744595,313,424919.151199,235,trumpet
6721881.101283,48,4094965.394043,96,2858016.434152,95,2400548.158857,49,2188498.917201,47,1712359.602733,143,1656288.964519,97,1503051.621846,50,1377550.256273,142,1336946.133381,94,1011071.054167,46,886051.589454,51,713445.62184,98,712642.154387,93,698433.988558,190,671535.687056,45,652180.933995,52,632311.86308,191,621793.267249,141,574619.589791,44,544523.225292,192,532938.769383,92,517110.71761,53,512724.635901,144,501480.872163,99,497313.415084,189,489153.41128,237,447158.673689,238,441459.193605,54,428152.780549,43,418554.034832,91,384570.084299,239,trumpet
5021673.482139,63,4986953.648996,126,4742866.33829,64,3917893.16377,188,1805101.030425,189,1309605.557173,62,1302536.215902,251,1223142.989275,65,857134.80669,127,798142.223625,66,783069.225807,61,779203.907832,187,614814.774195,190,609957.461054,60,590730.42945,125,561228.408105,250,559390.517799,67,435381.380919,59,421994.220878,186,392111.018193,68,380525.194804,124,372928.213715,58,351898.399755,313,338021.212583,69,335209.591749,57,328885.611437,193,320263.720907,128,314515.62844,185,314036.247745,191,297067.119512,70,296948.045543,192,274846.218048,54,trumpet
1921569.531195,11,1313992.146577,12,1312263.53633,36,1278533.660603,44,1275751.216156,43,1178753.37554,49,1081403.797264,32,1063828.824633,29,999209.14112,45,996269.268224,37,994436.875887,19,985938.375014,35,979289.469727,40,962413.697845,55,956291.695273,53,946903.606386,70,945725.620506,27,875397.507282,16,852719.735599,33,806169.585054,31,786625.92461,22,762859.092543,28,752329.635546,34,736703.963864,51,687595.790422,26,683377.649967,20,668540.597479,42,668221.924166,18,655592.975322,57,640315.431202,80,636221.993903,108,625431.993566,47,trumpet
6861299.221008,13,3715825.003941,36,2737606.688244,12,2514297.992253,48,2421712.740374,24,2008791.794475,25,1740484.056979,47,1394594.338242,27,1177954.584137,23,1125412.061958,17,1009250.56067,11,964655.811457,26,897173.765201,40,804884.322906,14,720912.359347,28,658969.146348,22,652085.961746,18,630713.29222,35,619496.376668,59,607640.311737,21,598056.462456,49,556793.008247,34,535138.751479,53,526234.181269,29,479593.522299,60,474471.180937,83,465005.105948,39,458749.641451,50,453649.486183,30,449704.695038,20,447772.104013,51,444406.425471,19,tuba
3912578.630774,38,3211734.634333,20,3206197.425582,24,2932991.4218,19,2923022.38741,15,2272296.759905,43,2047679.33921,47,1923690.088308,57,1429048.265668,56,1360871.418365,18,1353728.440524,75,1347570.015346,52,1156567.699751,29,1147971.153434,33,1000716.654076,34,994019.022268,16,993228.289312,32,950390.423328,61,914427.14083,66,859482.168026,25,850779.139363,46,813358.326008,21,787632.669929,17,781336.056053,39,766250.450913,11,713398.898901,48,659085.224975,30,645409.171658,28,639578.410324,14,574817.551075,31,518165.420923,55,492221.391793,80,tuba
4275518.48642,100,4239449.37734,30,4072118.542397,99,2837086.223515,31,2541942.833978,34,2102348.831393,89,1875435.817686,60,1713634.700305,59,1444580.099612,98,1350767.484714,67,1349497.474872,231,1313588.142043,101,1085640.278355,32,960510.779288,264,926552.703787,66,849986.348151,102,840297.024799,29,835886.065451,97,829844.911233,33,789889.89164,58,715379.09111,295,668092.815167,103,657242.83048,21,652322.199204,177,640222.370596,61,614302.287812,35,606983.475048,88,593960.695942,330,587168.323566,22,547467.112517,147,532746.871299,96,527300.439672,104,AG
5234093.656677,79,2626737.648739,40,2078924.618847,78,1422648.670391,53,1375772.166976,41,1360772.075779,14,1358199.457172,12,1332820.930527,39,1232204.803808,49,1156709.040717,51,1138182.653033,156,1119177.179235,13,928649.14201,119,880271.138077,157,871043.292559,42,851588.152809,52,851438.742835,15,719690.646305,118,665905.38928,77,580701.524752,21,563472.344196,43,524234.788485,50,504798.839666,45,498744.249055,120,497203.507821,48,488161.282368,116,432194.274237,44,426900.695983,55,426896.169597,20,417633.392764,76,390955.531183,46,385378.402203,81,trumpet
5475218.979479,54,5140458.3844,53,2718720.965811,106,2478116.349667,105,2143504.460898,52,1988720.089288,55,1825875.850652,159,1569889.60889,56,1360910.439466,158,1157222.381976,57,1076223.553419,107,1006786.632439,51,956416.025724,50,723204.970964,211,660308.848718,104,639808.352711,108,623320.113779,58,558246.259489,63,534250.60497,48,526113.219873,102,507165.155454,263,505385.717813,59,490783.258392,47,489578.022644,69,474110.818478,60,446243.720961,46,441169.17464,210,432926.065016,62,424465.253099,64,423695.328924,212,420257.412275,66,403761.542799,103,saxophone
5542085.398227,45,4915944.147019,177,4303185.479989,89,3484502.352556,133,1922870.879371,178,1473782.032458,176,1163954.868655,134,920732.788065,222,844258.089011,179,795743.48328,265,767270.787171,88,750557.227513,175,633920.457406,80,625404.402,221,620296.916755,40,615619.107603,180,605627.045895,46,594101.994842,132,592680.143213,44,574257.545535,79,521127.661242,174,493911.269762,135,480525.415516,90,451268.048101,266,443236.743318,131,407802.418581,136,393697.523343,173,386998.075321,181,347488.709317,87,329176.988892,172,324230.419754,220,310396.630586,182,trumpet
2482767.873665,22,2391626.308267,31,2108746.218533,11,2067809.914339,28,2065039.305913,29,1705402.3279,35,1603232.043172,20,1570451.287042,19,1554390.507675,30,1514931.973703,38,1418543.377741,32,1307957.106321,16,1122839.330465,34,1041001.790874,26,1005236.612235,13,996972.215139,25,966315.814358,39,956167.570167,15,936332.75896,41,873508.756676,48,849609.885536,36,756652.095767,43,751768.220444,21,750050.124427,18,748371.415467,57,735243.981321,45,728612.099539,47,719078.052599,42,718641.868644,54,709223.267136,50,700777.324572,53,693252.726174,61,trumpet
6028597.195905,26,4919535.137678,13,2675864.865487,12,2624339.041735,14,2088693.637754,25,1863414.717112,23,1348540.125076,51,1210249.521717,50,1105006.620966,125,1089210.193079,19,1027641.066405,75,990689.011712,27,989451.209378,15,948748.127979,112,918572.59635,20,904850.572147,28,887953.699499,29,879614.133582,113,768478.413231,38,728163.210111,22,620193.830007,150,602479.389833,11,547492.957853,49,519496.369541,18,507801.957021,176,449812.037219,126,442137.328207,16,412445.616649,30,408979.476932,189,391548.499496,63,380493.205207,33,363262.003671,24,piano
6927072.58499,40,3560564.654942,27,2982837.853907,60,1938330.646152,30,1474343.908804,41,1471245.152459,31,1083150.103386,79,1072006.012756,59,1020505.834696,39,940610.931398,53,865186.921006,62,827167.552269,80,812753.169677,119,808974.130528,45,786941.649643,44,642354.344413,54,632163.139468,32,627800.965726,11,621486.468343,38,569277.912252,37,551728.051387,97,547923.342185,34,514531.071081,61,478136.250667,36,455784.778094,26,453407.520505,25,443000.01899,35,439537.563011,89,438046.375656,33,427429.661597,148,427313.433983,178,427019.997545,149,piano
6905189.160997,48,4777969.800611,24,4653564.275109,25,1484119.189554,26,1468501.656841,23,940909.428217,27,912382.464199,71,870056.512415,22,821826.245179,95,799175.350624,72,637980.724451,21,635696.720694,28,510045.722652,29,506825.64948,20,415788.278692,30,397040.412877,19,364143.658271,73,362815.539303,31,360183.299053,70,338607.571716,18,329288.866711,32,324902.232098,142,310210.562597,17,276217.847134,33,274357.863403,47,254348.411819,35,241939.431625,16,238949.945145,34,223682.523406,69,219701.879705,36,217342.534341,39,212044.895618,15,tuba
4985672.371145,60,4827787.992587,31,3369627.295264,90,3145306.000778,61,2848494.985125,30,2257286.82679,89,1415866.814017,62,1182470.986811,34,1149072.198273,148,1071680.443283,119,1059822.025413,149,971213.812338,66,938917.426347,132,924787.272539,100,834512.421632,59,739586.37286,118,687408.84155,63,680332.255868,91,634677.082198,33,625899.558901,36,622505.233754,102,611855.196513,64,599571.562585,29,599138.924709,133,573652.849946,120,570783.468183,65,565091.169974,35,558095.653578,67,548805.521407,88,545554.105055,32,541637.443498,58,522433.543733,165,trumpet
9151060.952489,91,3128550.323892,181,2267646.42424,180,1091267.828102,90,1079228.858109,182,835723.109703,179,672923.128026,92,540471.245683,183,464649.306158,89,424428.735153,178,374289.082666,184,367540.867044,93,352005.258709,177,297279.134591,176,291338.918712,185,267269.7493,186,241539.68299,175,224314.043309,88,185275.272515,86,180326.697048,174,176047.901377,187,175872.036513,95,165907.777491,188,158024.425913,87,155458.813128,94,154464.317081,172,152096.669714,189,148453.321207,173,141639.283694,171,136655.28452,85,128638.546564,271,128107.82923,84,trumpet
4259048.48837,26,3320387.01235,25,3038268.336022,18,2496096.958671,34,2334956.429238,24,1768499.895533,32,1758516.061593,43,1742157.864553,42,1600912.81699,51,1455990.918377,15,1447533.472958,35,1434670.889505,40,1405421.572515,20,1223189.465611,44,1166422.692403,39,1154431.13626,33,1118966.52842,37,990540.80412,45,962528.792695,56,920025.337059,72,889871.153192,76,878920.094423,59,826496.365557,36,808482.940036,53,799712.568067,28,788004.381457,41,779365.413143,17,759009.913222,27,748829.894361,52,720250.690189,23,717172.298139,30,664890.34541,75,tuba
2777953.884759,40,2163927.877291,11,1609218.079495,38,1425338.174058,45,1340429.61789,29,1316574.180025,35,1220953.208282,50,1181686.768068,44,1171774.295244,42,1147510.922304,36,1141169.020536,41,1104394.146834,20,1066185.635026,43,1012130.941341,22,961674.514107,48,941427.297236,24,929480.222658,34,883715.689269,118,872248.443365,17,861950.686256,53,852471.555102,52,840854.055636,30,839383.096316,12,831186.376725,27,804575.358673,13,793948.218639,55,777620.884138,39,761761.456465,32,760990.692765,14,748074.325145,31,735071.529322,130,712536.121232,16,trumpet
8149545.335846,43,2846298.494366,126,2336210.257967,42,1716952.541352,44,1689603.113283,127,1508158.874619,85,1400092.697728,210,1364444.827309,84,1315350.552623,168,1107856.425582,125,1062028.437075,41,881967.387783,45,799875.955096,128,688935.876774,40,669189.501256,124,607054.889112,46,523825.854107,169,500385.773495,39,498427.80206,86,494968.329161,47,450008.836529,129,441185.103622,167,416023.477414,123,384638.90979,335,378677.365502,170,371545.854653,38,363542.473698,48,351237.264691,37,347753.096364,293,340149.741622,87,330419.455103,130,317063.394403,122,trumpet
1315783.139591,164,1249625.327158,149,1208735.930156,126,1197065.211968,125,1142722.436787,63,1108376.905568,114,1105727.505168,162,1104643.34566,154,1103375.780164,237,1096704.734985,217,1082816.804569,179,1066857.981255,160,1065919.603518,167,1044631.882114,115,1029514.460272,248,994063.272158,65,991929.13706,281,991754.961476,11,989225.568151,135,982740.01478,177,970093.913966,178,968747.137716,158,960504.647008,40,958274.955418,129,956568.054473,189,935390.883352,185,934886.379853,97,920318.077401,207,901977.594665,151,899516.861155,239,891517.111851,153,868036.273837,221,trumpet
8834431.019423,95,3090048.978152,94,2908273.084382,48,1610594.069942,142,1106532.064843,47,794368.508339,141,690662.632498,49,568645.364079,93,556291.737307,143,514521.222368,190,476849.086873,92,446931.470254,96,370733.841317,188,349473.690635,189,336842.43632,45,309885.289331,97,308349.635886,191,293388.137426,140,293163.426263,46,268911.092024,236,252007.928631,144,243970.60691,52,240261.087071,187,232727.020015,51,227650.453526,90,226747.466238,50,224944.493063,91,209238.725474,283,180812.246024,145,180355.077956,98,178868.544258,100,178585.389831,146,trumpet
9226951.002862,85,1911967.876534,253,1856794.536456,168,1790545.586331,169,1487597.007113,252,993210.691379,84,875864.277959,167,824882.663749,86,817549.946758,170,748149.495436,83,558395.885777,251,544631.025188,87,462778.297518,171,411340.861179,88,378468.014194,254,370841.328502,166,321066.963095,82,284518.528636,165,279084.704698,89,278937.45427,255,266900.327715,250,258477.800581,81,249630.972779,172,241698.942279,80,239760.898435,164,235158.262928,256,211439.072783,249,195630.290225,90,190835.380753,173,186063.495344,79,176803.139933,257,164055.864562,248,trumpet
5802174.951351,45,5397278.020649,46,3437013.993352,47,2984366.575427,90,2148908.816564,44,2125275.944002,48,1485132.699539,134,1273172.017823,43,895223.417887,42,738800.863999,89,683923.305455,135,680025.787253,41,668219.630925,49,602481.04501,40,563683.169027,51,546075.824812,50,469494.779443,39,455380.220795,133,455108.718738,53,447645.09899,52,410400.541737,38,379214.840918,37,375423.581142,54,360014.373519,88,356486.359047,91,347386.522397,36,309705.65576,55,308895.259296,35,286973.213687,60,277909.156879,34,276419.541117,136,268764.239976,57,saxophone
4050819.203233,58,1968518.763408,64,1815817.65715,136,1573332.475746,28,1549242.569711,60,1459384.762166,29,1457980.610872,62,1360245.060309,49,1343183.972818,59,1289694.437828,129,1283307.20013,89,1248290.531967,77,1216387.120013,160,1212652.145967,161,1200821.468905,30,1197170.470514,55,1160115.843989,133,1146748.522802,63,1084375.984407,126,1011110.259103,152,997730.582123,61,989512.424455,83,985294.435269,171,964563.855224,164,959484.220765,130,905832.216531,105,903977.49531,88,895146.818935,32,856501.450305,78,847601.969526,33,845479.801737,153,844331.653776,90,saxophone
5649001.089953,36,3773345.60731,53,3530783.771762,54,2726247.895951,19,2273122.179313,34,2220517.164471,37,2030458.9033,71,1793311.235865,18,1309189.880191,20,1209336.39672,72,1176411.443415,39,1137533.124293,52,1101809.55708,70,963345.050556,73,956748.96504,107,927746.014074,40,900017.367502,16,815641.87282,33,758936.841257,55,714958.849987,35,711973.918745,89,696607.083056,22,665875.102267,56,631681.276632,50,606320.170116,17,561861.850872,21,554068.688053,58,492494.148423,65,481095.184536,41,480651.312003,24,468704.067002,67,463581.261493,106,tuba
5888464.451787,16,2237518.360187,18,2152694.807316,15,1897639.489806,34,1726736.339364,75,1690497.602142,14,1404494.189303,12,1308788.483459,26,1228553.864085,89,1220892.117208,45,1205740.683634,30,1111366.385803,19,1089115.462959,25,1024033.981198,38,989179.594344,23,952837.163183,29,946753.516181,24,906596.775209,82,800726.544602,33,793466.601622,74,753302.112353,17,697526.417383,22,693727.43939,90,691219.127018,63,679111.573674,105,639061.452257,44,602778.265928,76,595798.630835,62,559142.096354,31,534694.517319,88,527398.697194,59,521833.738935,149,piano
5445703.022945,30,3858439.20784,59,3586019.324499,60,3001456.243624,31,2760807.866401,89,2580302.351158,118,1659840.070701,148,1442676.695288,147,1368064.221322,58,1085922.997865,177,1062473.295084,32,1017111.608333,16,957698.534732,61,928789.739478,29,913396.547629,23,803466.663304,22,800335.982986,236,788770.418167,28,727733.387341,57,708417.371542,20,676092.76501,63,649930.934449,88,537860.558562,33,525885.231731,24,520132.260332,146,476770.306288,19,473651.072581,26,472622.24579,56,472074.835889,64,451901.359111,11,446016.688568,27,424816.922714,17,AG
7858075.651087,71,5476635.798913,141,2191991.211569,142,1879387.26477,211,1059077.934523,72,867450.517572,70,710781.868828,210,582569.711496,212,377422.791154,140,348243.826315,213,341971.785572,69,318103.896127,139,306669.555105,143,279682.131617,209,260566.158983,73,236994.777121,208,227211.64773,215,225061.832734,144,221500.144481,214,208533.33779,281,203611.891971,138,193116.967175,68,165279.096228,145,159506.665942,207,150042.008538,282,145881.478885,75,145379.361458,217,143287.311313,137,138192.711507,351,131991.142316,216,124918.747392,135,113006.374584,146,trumpet
7760238.601847,48,4844377.896584,95,2708743.726309,142,1830698.178965,141,1439820.550575,188,1209112.311688,189,1151071.963005,47,902297.359735,143,744300.510302,96,732727.629909,49,694203.383577,235,689731.226871,190,565466.494275,94,349946.869171,144,342353.641845,191,317371.900278,237,315636.713921,50,313712.842097,236,300984.497278,139,295134.996491,97,290599.006997,282,286137.992449,46,264117.352816,145,206810.974979,45,200703.775073,98,191459.313488,238,185787.948625,93,182239.26806,51,176930.117259,192,176287.819622,186,165529.570645,44,158984.758546,92,trumpet
6632737.078753,112,4849565.044987,56,3893678.17976,57,1980138.138727,111,1771606.871874,55,1391392.018958,113,1270683.872672,58,1207945.992505,167,977101.103839,54,881954.593894,114,862012.702603,59,826330.998189,110,637186.859666,109,624155.094907,53,622341.040865,60,575926.061821,115,561327.873128,61,524846.810199,116,519667.548138,52,472013.035843,107,448686.030509,108,419813.408822,62,413545.16254,117,398383.088541,51,364378.633279,63,350848.029555,50,346940.56727,118,342612.417577,119,330203.057044,106,297356.722131,64,286398.101555,49,281100.236071,105,trumpet
4610509.190883,42,4329773.744005,37,3911102.194751,43,2870632.516478,36,2734111.496335,89,1972393.825653,38,1888298.396192,35,1552485.395433,59,1472130.302032,41,1435935.712558,44,1337640.939792,88,1320693.603807,60,1198756.694532,45,995370.314583,46,970176.330697,90,838376.66618,84,809117.894525,91,779994.869923,39,704317.736806,76,696581.939618,75,675199.762086,72,642313.373698,221,615741.092172,86,603631.178349,149,597473.518378,87,575054.420723,73,525998.811671,58,515809.063188,74,462249.076909,71,450342.631739,106,441479.317991,187,405657.183358,150,AG
5523310.219959,33,4277816.973363,34,2896697.449972,65,2825916.125322,67,2048644.564222,100,1768814.28842,132,1735913.92489,32,1657394.367407,164,1567628.223736,64,1422173.108484,63,1409800.273651,99,1403033.097158,165,1303795.133407,35,1187157.678598,66,1139895.497665,163,1122924.593046,131,1115675.342983,98,988021.907215,102,845233.153679,68,798711.50595,31,760318.07992,130,747303.620935,62,681035.465123,61,592962.858824,97,570418.061479,36,563678.1857,70,562403.943988,95,555533.181908,94,494802.805065,93,452607.73848,96,447442.981816,29,440199.598475,196,trumpet
5510810.244655,51,5407745.655497,150,3593118.650166,100,3101550.334047,101,2127307.367844,50,1422576.609415,200,1333447.013674,99,1329627.224894,151,1263499.682423,149,1240838.941023,52,993092.612282,49,992239.788538,102,751277.558059,53,749610.3109,98,632116.575652,103,548143.585847,48,528771.621483,97,510665.3128,152,499019.745138,54,462439.423313,104,411573.37131,55,408421.26039,96,386723.751932,148,380482.575095,201,366439.101777,47,360180.374164,199,354933.388323,95,346249.034412,56,337870.568268,94,330670.788626,46,326258.267987,105,316739.672893,147,trumpet
6025840.299148,34,5687525.768693,50,3079308.555422,67,2789558.618546,51,1702860.586766,17,1543865.82778,49,1237132.828273,18,1142535.553994,83,1072654.174009,52,869656.062869,48,746607.902432,33,734183.161096,35,726553.478462,66,658227.152087,47,605891.305063,116,588260.543686,68,580702.596616,19,578399.644395,53,557472.44577,100,543510.020149,16,490292.276664,46,472592.104105,54,417647.806776,45,405440.129859,20,387118.287086,69,375487.852304,44,352086.670027,37,352023.913813,55,343808.288815,43,333332.235015,84,318928.500604,21,317262.627132,42,saxophone
3748390.444816,30,2939434.678546,36,2450317.619268,105,2130136.963051,35,2097739.024896,210,2038848.408987,15,1961879.545211,71,1893290.798874,16,1614501.593552,37,1532677.465903,106,1446967.459259,351,1444127.459289,22,1372732.710225,70,1361728.790107,21,1275129.052173,69,1240772.059357,425,1217979.482304,107,1206079.015128,72,1198452.766253,104,1198392.108553,492,1126746.27889,426,1122933.903312,491,1101045.695001,457,1079351.214323,211,1072131.290935,209,1066954.375223,456,1045097.10425,29,1002620.086629,493,994830.989363,421,974963.691324,350,955597.720519,349,913554.5121,18,AG
3023015.223828,25,2293745.643484,43,2051872.929361,36,2011546.484257,22,1980213.490564,15,1965205.710492,20,1955773.568162,21,1947251.97365,18,1912449.224614,40,1808085.844544,44,1768734.074517,50,1647258.384942,19,1641243.272527,33,1629119.000701,32,1619405.031777,34,1605000.734499,49,1555838.185333,28,1527889.69063,26,1478884.877323,42,1452969.630568,16,1433864.34241,47,1386411.615595,57,1338136.507599,14,1330271.385172,39,1328990.699521,11,1327398.359782,29,1229797.393441,24,1064347.838374,51,1035572.25052,41,871074.098992,46,849149.397357,38,797040.502049,35,tuba
5697622.522992,60,5122338.304167,59,5082329.601959,40,1841781.30205,61,1795454.974176,58,1611887.092333,118,1106813.495286,57,1084213.4688,62,807709.949638,56,772033.383511,63,611603.536369,55,606526.525892,98,604777.571559,79,603785.205801,64,583003.544222,20,577028.841766,99,526263.995289,54,522885.392547,21,492794.944211,216,487287.752379,65,465892.027419,138,454950.484914,53,400027.508116,66,389354.808364,235,389170.410284,52,349634.661042,137,348867.961435,67,346058.482234,51,326702.374222,215,318052.236506,50,310096.189,196,306143.096689,68,saxophone
6749993.444337,38,4504183.696197,56,2594415.063626,19,2362140.611209,130,1771186.717288,37,1711290.907967,20,1605754.749014,111,1376337.926245,75,1172105.527153,57,1148466.853624,93,1107793.95338,39,1057188.324723,112,993663.230698,74,824993.297833,36,739263.780635,18,696289.435687,21,672361.356725,55,635478.469045,129,585675.313728,40,573204.740093,58,568330.871704,35,477758.997692,240,456326.612798,167,454641.177991,73,450777.472415,22,439266.439759,110,436828.743215,17,428978.984089,34,419516.37697,222,417454.789265,59,416757.700316,113,384447.318814,131,saxophone
5020792.325023,60,5009941.057934,31,3595978.288334,90,2998576.430066,61,2890487.943483,89,2434123.945939,119,1915616.356104,30,1276057.147124,120,1121614.040062,88,1061396.785588,118,1033388.803819,32,764501.01356,62,739584.552953,91,669408.850647,29,668635.71205,59,643678.73872,87,624905.943787,149,605353.269818,92,561051.349299,63,518208.535935,178,491322.219213,86,474991.178698,179,450906.040368,28,444872.954323,58,429032.648566,117,412264.054898,33,408481.147296,93,382574.255057,27,370295.199785,121,357499.847115,85,333795.667521,26,332901.344798,116,saxophone
5815553.88107,177,4247846.70262,119,4019439.657912,118,2508048.263056,120,2275725.316621,178,2121679.374361,117,1369955.495733,265,1121192.384862,355,1111176.312751,91,1108504.944417,353,1026112.51635,354,981421.452157,89,907090.86975,115,854721.663878,176,747129.985189,266,665293.985744,116,636262.66876,88,595239.383538,179,542613.976062,114,537690.972533,236,532305.156962,90,530570.619842,264,527461.869502,122,501381.011621,181,490290.72203,237,485266.267686,175,483365.147013,92,470520.858912,113,459694.664929,235,447705.338399,357,434109.079064,121,425595.103826,123,trumpet
7609687.257353,24,3572942.096773,25,2273540.440092,23,1820215.22522,48,1665311.260169,26,1425549.843666,27,1004253.724416,22,739311.997351,21,682781.855801,11,670450.51161,29,661231.861718,15,651706.096033,28,650964.197102,18,650040.470914,13,639475.422084,19,577971.428377,31,544035.444514,12,541948.298678,20,517204.769014,14,452244.184366,32,394933.029753,45,391767.34411,36,388986.488639,30,347967.682416,33,341236.041928,39,327621.876289,50,325495.629063,56,306080.780561,40,301263.76866,122,296392.29306,55,295776.709742,88,295514.128912,53,saxophone
5960224.231788,45,3709606.385916,40,3179670.665024,50,2584774.016212,60,2004771.316022,36,1859625.959646,30,1842604.79183,21,1637067.765793,51,1495602.137687,14,1487711.903368,18,1172537.761014,27,1039841.690288,49,951432.679928,31,898096.657231,89,894035.943601,99,853671.284972,100,799787.382004,46,768496.896193,20,725431.153593,61,713385.73687,59,699785.645589,48,685704.894585,62,679443.412727,41,658488.909203,22,651265.196948,52,601354.423736,11,570902.052716,47,561649.382405,200,551450.425425,29,549065.513442,35,543522.455931,88,516943.794743,19,piano
8228598.972861,64,3238850.778956,190,2898169.72806,127,1931435.463256,128,1700817.548379,63,1149919.383604,141,1104085.498504,65,1039210.93619,69,895189.284494,71,792740.956869,139,760225.546914,126,725021.872398,189,688395.683109,62,558390.100087,66,554753.049492,129,534680.19846,125,476493.636942,138,438545.06115,61,426878.6947,142,387600.101198,68,379574.923368,67,376231.339039,135,368962.417209,191,366708.803861,72,364196.44337,131,359784.709048,70,357222.08823,188,338545.810442,60,324822.0666,210,324623.08814,136,317985.012652,134,300087.644065,192,trumpet
5630869.376733,199,4746180.645329,198,3513588.145839,100,2568376.364013,197,2339664.899415,296,2085561.486105,298,1546182.883518,201,1477441.624315,101,1450880.737557,299,1364785.32667,200,1277271.482566,297,1255328.096694,395,923453.297567,196,910308.34836,202,746015.651227,300,720035.565669,397,717094.781898,195,665204.556423,396,599909.88898,194,594572.571914,394,570601.165519,203,535987.918104,99,480985.224638,295,469617.006856,398,465835.779828,393,441442.64522,494,431329.688681,102,422211.665274,178,392855.52394,204,380257.1191,192,375106.44702,193,345150.122914,98,trumpet
6374745.678568,40,3651007.546561,26,2323967.560808,30,1940541.630009,60,1897459.05077,25,1893073.566068,20,1875289.897952,21,1734378.459179,50,1732673.748498,34,1320459.618059,51,1285927.089442,18,1259663.074769,99,1198541.623088,59,1048364.390448,19,964694.523199,39,936183.29116,27,912680.730195,41,898794.85643,67,875487.044198,79,869232.183507,31,809767.086901,24,775000.119498,29,743776.936457,17,714819.57578,28,603368.632923,38,523772.430596,23,507308.175246,83,507235.834981,52,489833.809164,139,488262.431335,22,486064.269444,42,474299.918506,199,piano
6299869.286256,48,3996964.171631,17,2594746.439328,16,2256965.957825,63,2246947.25665,32,2215821.277729,79,2133747.990608,64,1985451.166376,36,1699602.31856,18,1317412.830216,95,1224708.594522,47,953513.922653,15,905304.87506,49,794536.926072,94,776736.611391,35,763430.487488,19,717332.024857,46,673165.98973,65,649076.107905,34,624099.700186,14,572180.929005,67,561412.060328,66,536602.597851,50,502567.086873,62,496421.734728,80,466055.363137,52,450119.325497,13,432692.221836,126,426515.433095,78,416169.474164,98,399289.644704,69,371246.128819,93,tuba
6746252.105451,53,4497142.185411,105,4257124.112361,106,2233718.35213,54,1825261.92096,107,1124508.733318,55,1009828.867057,104,955444.00031,52,921334.399174,108,906280.921655,158,854924.430683,210,841765.448238,159,664913.068064,56,647857.760254,51,646601.319392,109,538204.998284,103,493467.303686,110,459464.070754,209,458469.011523,50,452924.422432,57,378830.38102,111,373448.876776,58,366668.512389,49,363166.023874,102,340655.253604,211,319644.261356,112,315588.820052,101,304141.469135,59,294978.552449,48,279125.039152,113,274129.824349,262,254724.599193,60,saxophone
4090090.67993,45,2869292.585384,41,2674255.723388,26,2610340.554599,46,2528113.936589,27,2166822.41806,47,1828094.045574,43,1720553.456301,40,1654057.494758,34,1633393.735469,28,1476784.738956,36,1317922.200771,65,1264262.204131,24,1237857.284645,42,1187375.305148,29,1158364.413191,25,1152207.829313,32,1100921.597538,66,1035804.716449,37,991215.573325,50,984517.612284,39,900380.237888,22,881972.585352,23,794739.849079,44,749491.492206,19,702060.267895,20,661202.986925,31,650211.589167,158,642929.559322,60,640791.08207,48,609337.110984,117,607469.349461,38,trumpet
6152647.32893,40,5139754.439951,158,3814484.891751,119,1979920.245893,41,1833625.487625,118,1462526.421283,80,1394795.023335,197,1279776.510674,79,1245046.358491,39,826196.753742,42,795131.691274,117,754658.131159,120,634635.380999,38,557111.067175,43,539822.427062,78,510892.811235,157,497041.308159,276,481460.730582,121,466017.353552,116,454388.582358,81,445752.859478,37,440897.493091,44,423827.673536,159,395868.224781,198,386086.5667,275,385067.738678,196,364558.5828,45,343101.80123,115,338459.087935,122,320486.204793,77,319652.393135,36,298303.059453,82,trumpet
5061922.320975,45,3202991.517448,46,2780681.257961,31,2755845.282111,30,2673297.293346,44,2294446.951615,50,2241870.857563,59,2150012.250573,60,1972039.358359,29,1562538.276852,51,1503258.168738,47,1307833.931217,61,1104113.339053,89,1034992.278086,48,978849.996983,43,967358.430449,39,955325.138379,90,950314.198452,32,888974.942639,40,858657.792719,42,856350.845171,58,812916.840942,67,802182.498968,34,780730.989914,88,769156.676414,37,761750.957659,52,752196.781555,23,739662.006228,16,697946.988275,27,683625.110777,63,616162.894498,133,614382.805309,134,piano
1353692.004115,18,931825.545692,66,901023.727235,14,832148.161954,16,828546.836683,11,732342.554605,24,677655.67493,42,674708.316924,35,671278.658735,19,660295.199436,45,637794.838854,29,609377.220419,32,602273.239307,31,562407.710831,23,560450.533096,100,544394.523554,33,526978.673554,17,510605.013126,63,506158.851331,110,502679.076858,58,499262.406634,37,493885.846913,93,488804.273313,15,474802.662404,55,462980.863853,94,462173.816019,43,458212.002708,60,447407.698599,21,430692.709735,65,424648.25563,22,424236.053932,97,416230.2974,48,tuba
5552286.302428,91,4543725.590946,180,3170362.223234,177,2839274.798438,179,2820408.901766,175,1751970.264993,176,1235498.734591,178,1232658.51203,88,1107918.711037,181,946021.521111,265,923155.21252,351,900124.40589,200,864070.23733,199,785225.331688,101,764426.225181,182,739236.978959,100,717018.315292,174,700079.661072,350,694024.867769,264,691840.370444,201,687557.135428,359,681819.816108,269,667268.017352,266,645056.151508,102,632124.696659,198,601500.447379,355,598500.555697,358,592031.515881,93,590573.015403,352,588257.204488,357,586779.389994,185,577782.70733,92,trumpet
8264282.403509,27,2663591.284984,40,2187918.273752,39,2051294.759054,30,1807810.740433,14,1572241.736012,53,1207739.782068,65,1132101.176567,26,998334.665753,59,861709.449452,41,861564.240603,38,837071.283483,117,748239.814134,32,641844.974877,79,558774.443136,52,552470.802635,146,543404.101131,91,539683.087177,147,494802.020521,54,493014.765246,31,491534.050867,37,475016.691042,42,471279.567456,28,469830.347106,22,464454.765808,143,450659.154832,105,438572.934803,176,415970.38523,60,410181.193819,43,408997.746522,106,403849.463367,36,392960.786716,440,AG
9109728.992861,54,2666153.379267,55,2019769.48897,107,1284771.450233,56,1198350.698094,53,1047754.861745,52,798079.502026,40,705086.994929,57,629113.400863,51,578315.063672,108,501778.41522,41,492331.304361,50,489769.704795,80,433557.169516,58,413428.152032,49,409341.152555,105,405930.75022,106,399662.054199,46,382902.913969,48,370977.597375,266,368700.63893,59,367897.216379,160,355674.054338,161,334727.432899,213,309403.354004,267,303052.150613,39,302601.845484,60,295078.963274,109,282013.388497,43,257417.09037,61,253023.059132,47,248448.695862,45,saxophone
5036659.589737,12,3965532.671585,45,3511044.053913,46,3160812.916516,23,3116406.624538,34,2353366.212716,56,2245173.043388,57,1331376.9385,24,1325505.780644,47,1272677.921115,22,1201067.991039,35,1185082.071598,44,1163703.588547,13,966625.065486,79,886372.238435,43,865870.867541,11,834077.499303,25,774644.762063,48,752805.410776,21,696500.251458,59,686837.696735,49,670770.891856,31,661327.986015,55,635692.085386,14,630874.767571,53,625273.012806,36,624862.768092,58,572222.166389,52,557996.961488,51,532126.550384,37,496450.245483,50,464932.971554,42,tuba
1249805.304255,13,1026874.423403,12,685152.066396,11,521172.444987,15,423058.271793,31,402078.511494,21,312975.59637,27,312647.474685,24,294561.232439,14,291630.199336,25,282510.968747,55,254391.576238,30,251053.564253,40,244119.350808,16,243354.843546,19,240301.440838,39,239187.529885,29,214687.150554,36,201115.523473,20,200380.928434,63,199045.10705,23,196687.472308,34,191900.350177,28,183551.851042,62,175052.675633,37,163318.007005,17,162894.538243,35,160204.177173,41,147949.366927,32,147497.753519,26,137288.172546,54,134379.986396,45,piano
2951043.510201,36,2109694.378536,38,1646716.943586,25,1634715.501809,11,1517471.888909,83,1442721.779056,27,1395890.807805,104,1343903.245911,39,1315572.441464,22,1300706.065063,62,1262023.573447,81,1249139.132782,82,1240048.849945,52,1218432.647245,61,1159216.201062,12,1087319.141501,103,1073802.298317,84,1057464.042167,35,1023399.179974,85,992117.663819,130,986153.685832,105,982538.615348,60,960862.669612,29,948790.060974,151,935830.023496,17,931240.982078,144,880862.053421,143,874212.60956,90,873511.89022,145,869077.367888,154,861791.295666,88,858318.802693,128,trumpet
6121144.432689,24,4296155.350962,48,4228640.749982,25,3606101.49172,47,1757339.398769,23,1419136.301108,46,1209109.371165,26,1183551.336442,27,981977.813527,71,877022.648465,21,856311.487778,49,810267.148694,22,747982.520734,50,730546.799936,28,718237.549781,45,567007.97464,53,500662.206024,51,498326.892997,93,488028.748078,44,463750.551431,29,392085.747955,94,374629.623352,43,337645.106279,41,326898.391298,20,324040.230214,30,323165.745527,92,313415.929348,52,298852.054211,35,291754.455442,19,288932.85263,54,286033.634782,31,284031.898216,42,tuba
8454348.433398,48,3700077.243699,24,3134591.79465,25,1227987.575883,71,1217646.802315,23,976366.288377,26,856782.177098,28,667106.267519,22,659148.513842,72,643223.360048,53,617404.429719,54,539676.884194,27,509177.774816,21,427184.417487,29,387567.942036,70,381938.468053,20,364564.342938,52,325842.496108,47,324818.915598,19,303728.076934,30,298462.805433,56,288011.844847,55,277094.851495,18,266594.911455,51,262071.460446,31,245526.335103,17,242086.747632,69,208878.770532,15,208512.073314,79,206348.889153,73,203603.707915,16,200426.36838,50,saxophone
6538584.946578,80,4460979.612685,79,2549434.063345,158,2539916.04667,314,1960392.553616,236,1853654.156818,315,1784403.845947,159,1575984.082362,157,1518879.488465,237,1507123.004245,235,1249541.110092,78,1162161.073255,317,970997.597258,81,934311.657968,238,894964.861213,239,856758.212464,318,673523.809444,313,656947.326769,160,619880.83988,234,559376.01567,156,536024.359736,77,528156.575762,319,431434.361916,316,371928.784564,240,364188.755969,76,316800.26475,161,301521.897631,233,294670.427645,397,280646.510893,155,277790.508746,75,274462.082312,312,259923.854965,477,saxophone
8450030.899613,48,3169539.033091,24,2619324.994454,71,2422118.211276,25,1376356.880849,47,1344526.713447,72,849329.502757,49,842361.913385,23,840937.238772,26,656751.96795,70,626588.547957,118,519918.91373,73,508462.559272,27,498286.63113,46,490517.38193,22,372179.44929,74,345624.276878,28,343998.891521,21,341926.406093,45,308262.452156,119,295817.888032,69,278965.95404,50,278590.224774,29,267734.136994,75,261158.752947,30,259829.45559,142,253117.418188,20,250148.749867,44,236415.89283,117,219613.248267,76,214477.191705,51,210733.350087,19,saxophone
1988868.113406,24,1429243.565784,13,1265970.864751,33,927583.141178,12,896061.910687,18,864680.299003,62,831952.811392,26,771313.736265,56,722984.246882,20,709199.789489,71,699376.274461,80,685711.231629,79,667677.769328,16,643699.279252,87,636554.679389,147,622375.340827,70,604150.21541,155,602079.881789,19,593230.987041,78,592039.853651,140,586314.466139,15,583665.945201,31,573575.493178,98,571806.524478,50,547937.638444,104,533113.064412,28,522299.734692,132,520413.37063,145,506476.415741,156,492478.618269,42,481140.964973,39,475623.520737,11,tuba
6701622.464239,72,4221266.301584,36,3528982.496775,71,2344595.440756,37,1738981.283661,142,1567068.635972,178,1488060.550871,143,1398681.411083,73,1239976.390155,35,1030137.503641,70,977633.130441,141,864960.895189,38,806595.605579,74,694651.394619,69,686221.908757,68,678299.020509,34,613593.644137,177,587783.804671,39,565334.798849,76,537691.541238,144,531287.413062,140,522211.476158,107,521633.711508,67,489396.493375,33,488335.647193,75,464076.567481,213,443284.46555,77,440362.746731,32,423852.373324,106,407994.982093,40,394240.943401,108,389068.781273,66,trumpet
8282743.752218,27,2962458.475394,53,2495401.824231,79,2409999.437827,18,2023253.534327,12,1028469.025653,80,813669.250412,23,795778.784401,54,768883.663216,52,715035.980648,26,707687.830132,28,664647.047003,22,593102.135677,78,589262.533465,36,542669.575292,59,534491.839743,17,525593.11599,14,515728.784948,25,511235.0761,30,501915.341011,81,491612.905725,29,480192.180461,24,474594.356952,427,459545.784789,132,375413.275523,70,367041.643411,11,365747.897037,117,350864.833855,51,349087.152165,35,348598.609994,55,308821.656769,82,300197.283074,77,AG
6911394.0294,60,4294929.651945,40,3703679.396267,11,1866176.120099,59,1698273.706804,61,1306583.393482,178,1024272.77216,119,893691.953866,41,707361.320873,62,692394.259259,79,683929.432976,58,665046.165098,39,643962.230429,57,643435.106673,179,641885.678496,30,614032.980936,149,602055.71777,45,596668.35772,13,595091.629397,63,591905.084087,70,576820.063755,56,564172.716475,80,553596.338363,42,540102.433326,38,527156.551767,12,496910.254088,177,484811.041036,99,476243.592141,20,475654.706499,69,474717.55017,15,449693.626031,64,449140.536293,37,piano
4888803.685358,30,4234156.857519,60,3970759.985867,31,3304016.20062,21,2227612.557815,22,2045099.24754,59,1876328.848055,29,1666817.063404,20,1396434.780687,11,1386788.50353,32,1379506.508541,89,1206580.477273,28,996259.342579,27,914369.638381,61,899826.43935,58,894794.575143,26,811404.08152,62,790840.223042,33,789028.46763,19,764119.942313,147,760829.151838,24,710949.949969,25,667522.146957,148,652517.44646,118,568154.371447,34,478267.01462,17,469204.818496,23,458994.000885,40,444832.186356,64,435189.304286,57,430492.465658,88,404407.179279,18,AG
6972257.682056,23,4067448.139704,22,2402617.148574,21,2384670.777025,30,2157457.623898,45,1986779.48528,60,1845026.407518,59,1690788.712384,24,1374394.296481,31,1026606.597479,25,1026581.365492,89,976668.327038,44,784925.342385,111,696503.243824,20,688993.183508,118,685675.857699,61,685644.9362,29,655029.357456,58,641832.609876,38,636538.171218,43,521913.593206,42,446138.370861,27,416974.563309,67,416498.63531,32,409561.519388,26,359003.782811,28,358657.642996,57,337472.730964,48,328574.840948,133,325613.534897,148,310546.731092,62,303052.760436,34,AG
8410229.86512,95,3820460.711554,189,2967575.116687,142,2065657.085973,48,1032527.755036,94,844273.485992,190,821970.803853,141,722906.417075,49,586040.481603,188,551725.972257,236,473296.925631,47,471587.676515,283,434931.836112,191,416667.224007,97,342145.527328,96,314534.121883,144,314043.840691,192,304125.316467,98,293345.463739,187,257043.111955,145,245622.199488,50,245383.400615,46,242946.051938,93,224026.363729,140,221065.359944,193,185194.843845,185,176355.989552,186,175101.878814,52,174085.929886,284,167238.056878,184,162049.485041,91,154231.436021,137,trumpet
5877398.633867,45,5413850.429445,90,2927647.111404,89,2738920.371547,134,2160096.762115,223,1373139.791294,91,1310597.749501,46,1242273.601033,178,1222248.735745,312,1105780.387566,88,1100752.43812,179,842035.942567,43,808569.632856,92,798841.829032,267,791042.934184,44,696561.844868,47,658538.935386,87,619071.832368,222,617181.839053,311,612653.333554,42,552916.539179,93,527381.962995,135,487683.5716,86,474092.401429,133,441199.09909,48,438481.90034,94,402975.639077,84,379011.747007,177,369059.747545,49,348605.019562,95,334999.877916,41,334884.585778,180,saxophone
4861246.405433,14,4696894.164105,13,3011910.872254,23,2826069.215464,20,2495295.779912,15,1822150.865705,12,1797973.511202,19,1788444.520828,18,1176829.908126,24,1141853.684561,27,1138291.878777,25,925091.157327,21,902599.459153,17,790727.900598,50,693675.673415,112,657685.855317,51,616394.220379,26,599341.896113,32,591762.334047,113,576800.110445,41,537868.517021,114,527991.151707,145,511250.635679,28,485709.396421,184,468587.158902,63,468041.653484,125,441929.956221,170,441558.548057,111,432254.170947,171,419661.865972,52,419040.07568,33,410749.741716,40,piano
5971653.521133,54,3394884.474321,53,3275318.673725,106,3002126.439844,27,2914686.357743,133,2659924.969975,132,1562336.334832,55,1427937.626484,107,1363728.295545,80,1356246.557022,52,1304858.04823,28,1169444.815289,159,983178.19873,131,952044.894603,56,804731.14994,51,739932.868614,105,716032.424399,26,693537.773077,57,651637.249605,108,597740.692097,134,563524.393389,50,506043.709992,58,500100.370694,29,489308.910493,59,434367.689617,25,421498.733089,135,390507.73926,49,387360.28044,60,360349.829685,109,346861.365548,104,345657.644822,136,321623.879161,61,trumpet
7523290.426391,34,4167778.217426,35,2343974.722188,33,1768094.025612,67,1728762.558744,36,1525806.160207,32,1416036.199324,66,1147644.521015,37,1099901.292962,28,1079400.208835,31,984829.894,42,962243.758577,27,956796.100179,68,856915.95983,40,830945.270934,38,676750.019855,69,668088.417113,30,631943.432958,65,593993.713492,39,584414.576442,44,558554.628716,26,497015.068348,49,486118.522231,47,454790.490517,70,448760.704612,45,442796.390893,46,401362.978719,25,342039.676793,22,341447.61153,64,337707.188325,23,325342.852031,24,325094.317916,63,saxophone
5062038.29082,89,3071397.977704,21,2791072.298561,30,2319322.077509,43,2270908.638181,40,2179574.461416,11,2154935.963959,16,1761303.172665,45,1723106.83929,90,1703302.573362,20,1643140.0789,46,1636664.079467,41,1565559.7017,44,1403648.763803,22,1401093.151707,88,1383389.620542,15,1147908.980812,177,1141320.778768,221,1092142.837972,42,954358.137527,31,917431.156285,222,913634.768469,23,867431.75252,60,806214.281051,118,753174.350029,59,721837.739425,19,721822.264449,92,671715.309824,14,667179.317852,26,662827.779781,12,577249.832031,176,556217.763209,87,AG
3341656.52563,158,2942318.600607,160,2187447.386536,159,1926422.829935,41,1918368.571241,161,1776182.057951,30,1771657.645968,38,1595263.550909,39,1555810.11884,31,1533134.400842,32,1501260.629553,115,1441654.923309,35,1440398.925105,79,1424824.736419,25,1391070.549628,17,1362388.717579,11,1348877.400072,49,1306034.766399,116,1189084.121288,37,1177528.160764,240,1166667.199822,12,1109174.328177,239,1106595.919624,42,1102558.015775,81,1082246.546023,87,1063483.361155,21,1005306.829811,48,981476.771119,238,975708.540086,163,961751.315665,36,934768.87213,80,926936.947142,100,trumpet
6803099.081871,54,4620721.248155,106,3056128.659946,107,3012534.357134,53,1888341.9118,55,1532859.203062,105,1274855.924784,108,1225798.291652,52,940401.159753,104,927779.365977,56,807132.784908,51,754269.582335,109,660679.132269,103,630624.894041,57,607924.222762,50,564079.519352,110,554531.915887,159,493843.810513,102,484354.206557,58,462538.596017,49,434706.302758,101,430080.124891,111,415076.089718,48,397558.521897,59,362409.58976,112,349783.837133,100,332668.767943,60,329317.056531,47,312489.130057,46,303398.16638,99,302118.12165,61,293115.850238,113,saxophone
6365544.380023,89,4993600.69695,45,3138860.446846,133,2662074.132242,132,2224141.483917,88,1606308.257475,176,1310184.345849,177,1295307.192356,90,1067282.161626,131,1029808.237717,134,902276.125086,87,809493.855039,91,774084.282432,44,670023.475893,130,643810.005386,46,625846.879136,86,578435.264733,135,541704.421495,92,473319.566121,178,446276.84467,129,441422.723017,175,401148.229263,264,394895.444683,93,385772.424443,136,380951.790113,128,375322.363966,85,373003.32036,220,372370.773157,43,349261.91961,94,332464.658314,174,328895.54054,96,328173.228452,84,trumpet
5685318.230878,40,3771551.817113,80,3423926.204595,79,2735181.147089,14,2262137.073245,60,2109149.774035,27,1539649.630207,53,1483039.166243,45,1480000.190919,30,1456784.789584,81,1207757.329246,41,1122513.484306,59,1089868.925556,78,983382.34887,54,882880.535363,82,788946.607806,11,757316.993925,29,744149.932838,15,723229.137671,39,705554.460705,31,694532.604794,58,646241.734143,21,632421.70117,84,614210.446725,99,611505.00561,55,606979.259868,61,589204.296049,42,577028.637092,73,563131.410177,83,533621.450643,76,530588.63878,43,530349.267384,46,piano
5156986.17522,34,2036940.355975,47,2014623.568806,18,1906664.042855,14,1895402.987766,26,1835124.225523,46,1379674.776257,59,1310673.095374,16,1299636.594051,11,1289954.074065,12,1272163.66813,50,1248291.793597,19,1190791.894906,37,1129168.553815,173,1128326.451205,22,1098606.571118,49,1093362.763139,35,1056762.208501,17,1049888.115208,23,1028995.744148,60,1006316.445872,36,994879.083374,71,990717.978619,30,971245.932599,33,945506.767923,29,941617.086546,42,934078.481382,48,898671.355722,13,898092.591112,53,856303.114601,43,846088.52195,170,794096.239014,168,tuba
4452618.453457,12,4426728.115283,45,3591044.374998,57,3325168.820019,23,3232506.570144,46,2442855.413561,34,2271891.905619,56,1695119.928251,24,1263323.4356,47,1241050.452111,58,1147248.579885,13,880360.532656,43,874706.249379,22,831305.059955,68,816340.956619,33,810610.589421,44,713033.046123,59,664830.004763,35,622660.951441,48,619362.335496,90,572802.349166,25,567917.580064,60,567892.215656,42,530744.087008,55,473602.882202,11,466642.837502,69,465192.351076,61,434932.770201,41,418861.103824,79,407030.839559,40,398025.771883,62,369736.67814,49,tuba
6145506.722574,60,4161311.680102,31,3515525.006999,30,3330040.924617,89,2595696.240062,90,2324411.290241,119,1494404.129353,32,1196831.778708,148,1181292.930794,59,1057255.512467,118,789252.096559,120,770359.754226,33,765715.825112,91,702631.855536,149,616261.144012,178,550561.829182,62,537017.57188,63,512906.924836,117,469817.051939,34,439036.566246,177,429976.33401,29,402162.492205,35,395888.981868,121,395415.996263,36,379307.514457,28,367888.415191,64,353331.565831,27,342319.015566,147,316422.575623,87,299197.533672,55,297589.042932,93,296504.109263,58,trumpet
6320139.883278,50,5268187.774339,26,4324888.852142,25,1988481.148173,51,1296530.1002,27,1207900.416171,24,1034914.419351,31,928033.035945,99,870944.026632,30,857800.905911,23,756077.801783,123,733375.359044,28,653285.654741,32,652377.535573,29,643053.461268,33,613126.410057,22,604000.673017,124,562976.235384,100,437041.872928,21,426179.780587,197,411682.216034,75,381876.40518,48,358951.899293,20,345228.325364,246,334185.018808,52,318353.003708,49,316454.534538,172,312860.226262,19,304617.084241,121,297675.932172,74,282143.428987,18,280739.716747,173,saxophone
0.0,11,0.0,12,0.0,13,0.0,14,0.0,15,0.0,16,0.0,17,0.0,18,0.0,19,0.0,20,0.0,21,0.0,22,0.0,23,0.0,24,0.0,25,0.0,26,0.0,27,0.0,28,0.0,29,0.0,30,0.0,31,0.0,32,0.0,33,0.0,34,0.0,35,0.0,36,0.0,37,0.0,38,0.0,39,0.0,40,0.0,41,0.0,42,tuba
5910822.167303,48,3532069.614452,32,3473341.500082,47,2552346.314679,46,2238792.265992,17,2234109.248927,16,1755996.68798,94,1633194.310729,63,1558030.312431,49,1444762.729712,45,1275935.515213,31,1232344.973124,79,1195365.523398,78,980280.791205,64,923210.523464,44,847707.320007,50,824705.148386,15,769770.099935,12,750781.694477,18,725887.955877,33,680190.372667,51,604201.36906,36,592600.955586,93,564211.539197,34,550345.098916,42,533482.543161,41,508254.274117,77,479312.263368,30,479150.136219,39,470698.922026,35,462845.289348,25,459347.468265,52,tuba
4901204.206926,30,4110346.50347,440,2867809.309582,437,2839302.070964,27,2680340.895311,16,1889763.08237,438,1825688.241726,351,1575088.387846,59,1347336.118962,469,1294177.37792,322,1218734.965855,17,1202062.422676,439,1201091.467068,117,1092777.275282,31,1004105.418209,205,886978.450161,26,861039.311613,18,847976.481725,118,827550.13947,32,805851.470342,23,778310.653057,146,769739.104923,24,739290.217218,292,702078.195823,60,684189.627387,204,670012.640878,116,648766.518159,147,645668.429538,293,643104.025454,451,632183.510994,176,625609.241608,25,588144.106163,29,AG
6446528.389162,56,5251306.352387,112,3531961.59141,57,2470845.911257,111,1730232.968697,55,1315367.312614,58,1178046.008798,113,1131489.062568,167,1033808.096591,54,993065.446383,110,818210.719044,59,705843.948189,53,699371.382528,114,624914.725261,109,577248.932907,52,558872.392911,60,480695.589382,115,455889.693559,51,449351.692214,61,429303.641702,222,418251.147827,116,410782.661796,108,391085.190741,50,374166.495116,107,356879.83156,62,347236.701446,223,327976.303028,49,326574.681034,117,315473.857993,48,295776.698707,63,290407.421558,47,274399.368433,106,trumpet
1297974.947656,43,1229269.344492,40,1049099.208794,582,988586.255431,283,964410.249224,38,953109.698515,31,929386.570456,193,918607.98036,56,889744.497944,45,863940.248005,658,861015.896089,668,798580.936829,33,779152.804797,111,766678.602643,683,763139.089042,284,763046.571446,669,759005.605319,533,743880.241888,110,743453.218666,202,742298.472396,212,737997.369331,19,733237.331417,580,723781.666949,36,720136.864637,563,709586.672494,654,709089.402402,801,704202.175581,583,702243.532561,32,699743.962868,66,697300.404668,685,696730.561206,24,692109.041772,568,trumpet
6179036.816249,40,4387932.487167,50,2393598.071522,45,2342429.435889,51,2110539.206449,60,1981245.142207,29,1729096.569219,30,1038498.844375,49,1028776.475919,52,977245.656361,47,972233.041588,39,967826.023869,11,858943.061804,41,848012.394066,20,731875.038856,100,729314.339619,59,699129.732713,119,679028.889406,19,660423.800145,57,650809.909877,79,617713.863184,53,565441.491928,38,538374.982728,89,514169.315357,61,489893.714554,12,479008.887143,56,474930.372834,58,451387.241514,21,444777.918292,54,439186.729395,103,433203.03512,37,429172.781611,48,piano
6709128.579068,63,5015846.981615,125,3161803.683683,64,1872701.938483,126,1720060.49698,59,1413869.535781,62,1394656.386077,60,1109575.07258,58,919456.194232,65,867435.450342,66,841472.932868,118,830832.89858,124,776874.338239,122,773519.994092,187,762649.980297,119,700100.891409,67,665315.599274,121,662003.343681,250,633311.538382,127,536952.682635,123,516590.194711,117,503956.051321,68,501824.279426,185,491945.023747,57,487894.707772,128,451580.841165,178,437426.951294,69,391177.761978,177,363537.111614,70,361389.542686,186,361385.045594,71,354342.741059,179,trumpet
2744272.760786,14,2426316.503473,32,2334650.03476,22,2243798.840443,23,2231422.788876,28,2227613.771089,21,2071525.175103,46,1912565.317531,31,1855751.099427,43,1838674.570675,25,1773914.146874,15,1689132.089547,38,1672732.787917,24,1672447.330462,50,1668865.767224,42,1630400.840429,33,1622160.166117,40,1619660.655315,16,1507640.858117,47,1464420.892431,45,1455732.70404,20,1386016.340106,17,1370682.961724,39,1062349.070046,19,1014823.176572,18,1008577.957403,11,942588.471253,53,940903.717338,27,917725.850292,34,884398.959196,51,805638.473732,52,805203.139875,30,tuba
3751225.349615,54,3083902.681233,30,2574933.943831,53,2355924.656129,55,2206755.734322,34,2077053.574082,40,1900625.271197,80,1695488.046476,14,1543700.943154,11,1524869.965336,119,1478952.507877,13,1411155.429216,18,1339317.516351,120,1317460.819605,31,1246547.560886,118,1242123.336242,81,1196723.092355,79,1164648.368292,43,1153071.229976,20,1111060.486582,41,1094580.933604,67,1053221.265772,51,955736.66026,19,953865.304625,16,908473.92176,22,892370.76852,29,888666.413504,21,885029.378284,66,884711.62752,52,831763.547766,12,811249.008503,83,807268.809618,32,AG
9451271.117433,34,2878830.332918,67,2050940.429806,100,1067230.693142,133,841779.939523,166,407568.505183,199,253467.875663,66,213641.521531,68,197200.681425,232,189480.176734,33,188455.2144,35,178537.766399,101,171210.959179,167,162578.803266,134,150494.388882,99,133288.890002,65,127281.826181,165,125681.403288,298,111092.700755,200,105020.530835,132,104471.84409,32,98233.895186,36,93211.042979,69,83646.75878,102,82654.211415,64,81657.754309,98,78185.605706,135,75202.791269,31,74147.648124,131,72916.858139,70,71334.59307,168,66535.260135,164,saxophone
7885343.004417,95,4671785.937358,48,2074280.164742,189,1994003.085495,94,1916094.587387,142,1588473.811132,49,1116262.122718,96,985088.341471,47,972851.594629,143,780153.810382,141,773987.602636,190,414300.878428,93,345351.289458,236,334103.173901,52,310079.124171,144,303189.198606,139,297067.130644,188,296294.544856,145,267169.774382,50,241266.602338,97,229669.90241,91,229063.539515,45,219749.528043,92,215555.329912,99,213432.444831,191,213265.621112,98,192185.185297,146,183465.406163,46,162585.336302,138,142369.733457,44,138157.484547,51,123055.099674,136,trumpet
6245094.948173,94,3457010.752386,93,2767345.549165,44,2757787.913759,43,2533001.702197,47,2366682.65877,95,1737809.608857,48,1451689.784684,42,1328719.794357,46,1289900.104638,49,1173367.145926,141,1169697.46814,186,1126947.078854,92,923413.612947,128,880794.745945,139,858265.735261,140,852963.091021,187,769854.810912,45,761386.059786,127,717392.25577,142,660700.488523,50,642059.181758,98,552496.934138,185,551694.4395,90,530455.631715,51,526737.621879,91,514281.447378,41,500277.050612,126,492211.930815,234,457569.115641,96,454286.775971,104,449867.904119,88,trumpet
5201240.532299,91,4975215.846923,177,3984501.346801,179,3607562.578679,90,2696035.49261,89,2199264.421687,178,1230361.962521,180,1134233.022408,176,969297.928307,92,944062.011001,93,783225.172608,266,767791.042552,87,762453.471316,88,711215.861606,174,612104.471247,173,553217.282521,175,527167.890325,267,521048.52807,85,507504.994532,94,452658.0203,95,451222.186961,86,428548.35723,96,379738.445139,97,355108.359214,171,338320.577342,172,333563.475435,84,311482.697467,98,303501.041981,83,260877.466929,82,247954.352547,169,242119.987282,170,239615.105595,264,trumpet
9536591.56356,45,2112826.751958,46,1050578.004579,47,1042997.846159,33,795082.122758,44,752218.127492,31,733253.203214,48,711632.5005,30,662095.525117,32,615556.561954,16,505316.019395,34,469975.7281,43,468322.325403,35,459060.386752,49,446866.555915,15,408136.007969,18,372455.668124,60,349861.858822,29,346290.760295,89,341355.588178,66,331608.603568,51,328643.993128,42,318786.008901,28,280658.437045,67,275662.379979,104,275539.752613,52,263077.097457,19,254253.359934,50,251110.983836,59,236010.431728,27,229825.722045,41,225355.179226,65,saxophone
5327813.001801,18,4223203.432479,24,4195238.607681,12,3885263.167723,13,2204768.897782,70,2165298.020023,19,1612838.411245,14,1347299.819363,71,1248442.450095,15,883972.075944,11,865741.763047,16,803681.468587,20,699999.525819,36,636546.249364,69,620077.646763,23,620033.66727,17,616323.994103,25,612872.611342,163,568457.574841,47,557664.0747,21,548815.831492,72,538498.470262,140,409737.789385,117,392996.437057,35,359236.963515,26,359040.43804,53,336829.355448,187,332095.218554,93,327361.276829,67,312247.574559,68,303091.991581,73,270480.275494,66,AG
8735712.371847,36,3077487.716089,106,1906497.060843,71,1670593.834919,107,1638334.684348,37,1381029.098985,141,936632.74043,35,922463.367966,105,893980.797955,34,850984.756019,142,791016.204606,67,686993.725625,108,547860.560561,38,496451.583591,104,431401.87004,109,402019.934923,140,396644.160742,31,372644.70821,70,367953.104866,66,324667.83314,39,320938.445107,110,307660.196046,103,259146.090266,111,255598.853916,139,246879.078375,143,240194.04448,102,224454.55724,32,220639.961737,40,218632.04498,41,212480.201737,29,207923.906429,112,206922.638906,65,saxophone
2358692.059164,211,1909232.898609,286,1831342.806098,285,1675706.901215,212,1571378.57219,35,1523860.941113,205,1341488.911164,159,1323788.541953,209,1309502.525661,271,1300200.037128,177,1269665.571442,215,1259176.093001,142,1244613.689899,216,1235679.359188,52,1223949.686272,204,1142717.718589,54,1124131.614794,182,1106723.034458,200,1105890.033137,278,1093292.753558,210,1079012.246096,282,1062763.957867,276,1050652.026531,178,1026644.639226,158,973006.144608,41,944076.550305,256,937348.314964,49,937049.547683,175,936870.499115,43,932031.144889,152,931362.253392,222,923790.766048,38,trumpet
6729377.059971,100,3640189.863319,149,3221938.354915,150,3195873.504487,50,2528360.168153,51,2444767.284089,199,1509393.187589,148,982042.9855,49,973353.656754,151,910154.924139,147,837999.739422,52,791568.891958,248,749019.297219,99,596942.653152,152,594254.033837,146,565567.858711,48,553616.51846,298,534392.143699,249,523620.369516,53,474917.542635,153,451164.346822,145,406995.217075,47,406300.883718,247,383681.461075,54,371835.163083,154,365901.145934,144,315247.744058,155,309302.775739,55,292420.019939,46,292116.606351,143,291005.87548,200,290161.653342,98,trumpet
4740025.756118,56,3874377.191512,99,3582056.135996,100,2630689.162804,67,2336511.712933,84,2259030.845233,28,2170958.986396,29,1412188.71218,66,1366741.755667,98,1300926.735986,12,1268539.876417,57,1242445.254972,55,1217128.931588,21,1217027.136752,132,1207001.044579,22,1128853.02224,101,1052695.617296,24,875763.0699,330,838199.636041,30,808195.798654,112,806877.941059,54,752101.194708,34,742979.396825,97,710588.781316,111,688265.16823,68,659903.1011,25,637745.813585,27,637423.424138,102,613607.426837,31,593096.156356,167,591197.836219,89,578337.933446,59,AG
3827381.823893,12,1945212.794461,11,1530145.255752,15,1403883.702486,14,1287477.235742,20,1083898.188148,18,618875.754946,19,616149.115732,13,606509.728456,16,538639.03039,25,532343.057653,24,396926.259344,22,364763.388081,28,292215.060986,31,275743.976039,30,267886.906656,32,229303.229843,39,210903.556809,36,203552.320555,44,202789.29001,41,187224.881417,34,186132.071701,29,180829.069448,27,172958.999944,51,163640.071116,35,151952.09179,45,147092.184082,21,137699.196088,52,135769.492908,48,125010.323822,38,123953.880762,37,119953.699843,69,saxophone
0.0,11,0.0,12,0.0,13,0.0,14,0.0,15,0.0,16,0.0,17,0.0,18,0.0,19,0.0,20,0.0,21,0.0,22,0.0,23,0.0,24,0.0,25,0.0,26,0.0,27,0.0,28,0.0,29,0.0,30,0.0,31,0.0,32,0.0,33,0.0,34,0.0,35,0.0,36,0.0,37,0.0,38,0.0,39,0.0,40,0.0,41,0.0,42,tuba
3500938.737309,16,3089766.201715,17,2747668.395613,23,2293026.975571,22,1903063.431631,18,1882345.409171,15,1478794.051571,769,1323412.709378,52,1310870.089128,54,1287292.937668,33,1273561.029513,21,1263642.225548,13,1153073.368694,24,1107877.771985,51,1048524.509204,38,979458.4894,53,956857.699097,64,941076.35953,65,925288.724697,39,908350.091497,76,888528.526672,735,886724.084481,20,878241.169611,14,857961.502956,744,829933.096949,34,814300.663748,25,804700.861093,36,803397.354315,37,800269.898005,29,781626.243201,12,770145.578214,32,732543.976784,19,trumpet
7795696.752668,40,4145456.312381,79,1565510.920604,21,1540267.794595,41,1453594.859505,118,1324763.434625,158,1089384.237178,80,1005475.333219,39,923657.64361,42,918541.852019,119,887608.754499,81,876479.942887,197,861301.382195,14,838967.68531,78,836034.935912,11,781969.388658,20,692278.18508,38,632181.021972,157,631390.910299,315,592479.116203,159,549632.35852,99,506103.475306,75,503157.772208,29,499463.31284,117,497368.31546,43,487796.278576,77,477450.00875,98,475929.008214,53,468952.977638,236,460166.081728,18,432739.081023,120,431854.99676,83,AG
5946455.404635,36,4134665.72103,35,2980642.628987,37,2013045.296035,42,1779926.776719,106,1729313.180204,105,1667394.363004,38,1252451.592658,41,1194367.345445,107,1146195.278709,43,1134940.097215,34,1095453.078062,176,1006525.497665,175,1004106.281257,70,984479.195934,71,979133.166126,119,977799.996714,118,962770.175183,104,908475.436948,140,830566.253122,177,756316.301593,141,741870.636256,80,724723.918432,139,714608.755297,120,695087.444441,33,687888.12844,44,668136.648497,46,656611.264669,54,602249.66821,45,572541.193423,72,548846.43631,174,547157.289376,211,saxophone
6959315.860084,41,4262317.749375,44,3295540.058423,43,3197210.539861,40,1676634.615123,42,1586691.037854,39,1116697.135146,38,1051762.035284,82,935482.020845,46,849018.329927,83,841177.84918,37,682821.708112,119,649248.613875,87,610499.090315,45,564599.137426,47,541460.634365,36,520442.394238,85,504681.651332,35,496905.015322,122,428246.200385,120,427613.268232,86,399549.639804,34,398067.381633,123,379966.782059,54,377264.422229,84,365824.866491,80,364811.903806,32,350967.183749,48,349334.083033,49,309972.799595,30,291694.022847,31,283050.268838,55,trumpet
6579004.72668,30,3156090.97714,32,2859186.30156,63,2007735.299228,16,1671877.699811,31,1633926.028933,94,1508492.345808,466,1488959.057448,468,1447423.887334,187,1400048.241386,60,1319984.191605,469,1215258.233761,59,1036237.655691,467,1013722.400614,29,993975.556927,156,978652.718659,218,956408.646858,17,855722.701961,61,828428.199886,343,766692.167938,27,754041.137118,186,740366.547444,25,690328.018505,33,683199.727282,23,641853.76517,28,637612.888038,217,589339.874869,34,574894.354543,374,551233.09239,21,550446.00953,26,532529.66309,89,524381.007163,24,AG
6575422.726621,54,3191063.829607,133,3008403.437251,106,2922428.12565,27,2869145.878739,53,2107115.036995,107,1527476.115172,80,1383710.920388,28,1317167.791663,132,1273763.661728,52,1194594.21838,55,984738.461576,159,942171.119664,105,849752.464576,26,772887.786238,51,717812.287164,56,636114.055578,131,581519.952503,50,578897.868649,108,531492.120533,57,514511.763777,29,507862.184811,104,502459.735427,25,473740.905599,134,470290.056375,34,432537.811163,109,427093.221849,49,387481.840615,135,380808.317006,24,379978.669314,48,374318.839574,103,368154.04966,59,trumpet
2942507.47814,35,2894570.850995,70,2600066.645933,68,2487672.687985,33,2267545.906563,36,2176954.472568,71,2135056.20381,54,1976463.110126,69,1932562.594814,34,1909524.226288,26,1854700.251265,25,1556318.97009,102,1527319.328269,67,1399955.958187,66,1375717.100346,55,1370959.123952,99,1294907.890539,139,1285967.764724,65,1268766.57128,105,1255159.969304,98,1233927.786241,56,1180306.1232,106,1179334.883743,141,1172358.012527,72,1144943.741072,104,1130352.524371,140,1057909.696211,37,1004025.576403,100,983898.021267,57,893077.356655,28,861912.962289,103,835720.139441,93,trumpet
4217909.135502,39,2944291.244752,13,2240789.925092,53,2237976.710913,38,2002290.312942,54,1755280.982683,24,1694024.174456,105,1638750.004339,20,1571235.784875,55,1258172.212507,104,1240650.365527,12,1204492.217899,25,1077138.662454,21,966529.770301,107,964203.803723,36,899769.869256,37,873376.501112,49,860545.876833,177,851022.452614,19,802082.061897,14,796423.040437,60,782737.100305,11,737341.663191,41,703802.754894,28,700649.632982,27,673900.129833,26,668909.173112,156,665518.140073,102,637863.159839,190,635457.580277,101,610765.991634,17,603555.033912,56,trumpet
4024605.538829,39,3114547.243309,23,2683679.441398,40,2336065.487153,20,2153463.080635,25,1901428.960239,37,1883356.164416,19,1874797.540524,46,1819871.205798,21,1813863.241386,29,1575441.261641,32,1503531.887551,24,1419337.906275,18,1383747.842599,17,1242240.807763,33,1199831.679709,12,1185389.674621,47,1181625.653655,16,1064515.609455,11,1005036.123903,41,980715.227036,27,962006.655937,43,898939.828051,22,894060.43312,14,862809.356792,48,858983.897523,53,856502.216821,31,830808.624345,58,793280.150332,38,788004.351565,57,699542.142739,45,663678.72056,36,tuba
4027439.373344,119,3741048.007531,178,3693087.31527,120,3440932.056643,179,3088949.826827,118,2477656.034641,181,2331005.405309,121,2144189.84709,92,1699119.163958,91,1676431.09527,180,1569853.0202,90,1429596.998073,117,1348313.23186,182,1257227.504262,89,865519.299882,183,743871.748278,122,674260.953131,124,670973.612021,267,646317.170719,354,592049.631839,177,568629.236237,355,563841.454002,353,534594.755644,115,503730.335915,112,456556.359665,356,430245.296689,184,417122.940555,237,390662.513182,352,379141.513716,175,377487.042301,123,368725.900775,93,366782.050868,238,trumpet
6636130.295048,54,5296643.497002,53,2279818.794832,55,2200650.323291,52,1938530.034402,159,1448891.406256,106,1437727.905429,105,1269442.967628,56,1251212.102777,51,1034800.641522,160,903983.065795,57,861775.174418,50,801040.107048,211,773987.366519,58,721615.31639,49,680677.535344,104,638335.59696,210,599065.038268,59,560559.060672,48,518553.805825,107,486161.190554,60,478902.47705,212,468791.083883,158,462307.538943,61,460567.150628,47,456720.042071,103,405636.057054,108,397094.284995,62,395060.459918,46,357470.295366,63,355130.199459,45,322858.409142,64,trumpet
7590853.613935,54,3632638.518862,53,3566940.222531,106,2082198.513451,55,1717110.503856,107,1532183.592054,52,1267435.695262,159,1069191.646012,105,1050598.97391,56,922998.520974,51,757526.072789,108,745781.2999,57,649596.342552,50,617678.030694,104,527049.591338,58,525112.441964,160,514537.189662,49,466062.82619,109,433016.101975,59,428817.412171,48,375684.923632,103,371467.1706,47,361537.527084,60,348943.478471,110,340374.165112,158,320397.429496,46,312707.887612,61,285596.556141,45,282983.795089,102,281587.115668,111,273766.143094,62,264461.375368,161,saxophone
5377770.533625,100,4985976.418462,26,3704850.634612,75,2911071.435084,50,2645364.089998,51,1763049.888393,149,1682568.038736,25,1442740.212987,150,1106362.685447,27,1083862.373584,76,1021565.017406,49,1007619.200847,174,838463.242632,199,838458.5353,52,709000.290718,74,687516.550742,48,666611.692949,28,631688.275541,24,566348.489261,125,527831.123663,148,495368.650709,77,493595.733067,47,466483.450639,29,463723.032589,151,457104.542166,53,440694.610435,23,436528.818565,46,393274.931722,30,388736.035237,99,383921.528628,78,367923.281844,73,331828.604219,45,trumpet
9307226.010505,43,2239523.809196,85,1971541.719661,127,1082924.268812,168,1061567.307494,169,1001574.8435,126,772299.502521,167,670343.680005,125,656116.713845,210,616327.238323,170,577838.697155,84,569916.596158,42,534293.125489,44,473919.731375,252,461971.040633,209,420482.753825,251,414516.281533,86,392306.168742,211,378361.802127,41,334188.892105,212,319546.955938,166,294637.630267,124,287824.532101,254,279913.843095,172,265045.026459,293,264946.207174,294,261289.247735,250,227761.921527,253,217115.452675,171,215443.306251,40,191941.676952,208,184388.590512,128,trumpet
6810973.0097,32,5375695.557308,63,3518993.4905,125,3065698.977901,156,1448082.260805,94,995582.242785,155,915057.386029,124,569808.480342,157,552316.233236,187,538718.275846,62,525337.288548,127,522573.104803,31,427751.793406,123,416180.495281,64,357700.290444,93,317600.819619,33,304888.048139,154,304218.52382,61,291548.551348,186,277180.643929,95,257946.950281,30,218159.816804,152,216009.573978,158,209737.109812,92,201716.834987,34,198738.105046,188,163656.635797,65,160739.48692,128,149772.506373,159,147786.003279,122,142125.778885,50,141469.176354,218,trumpet
6648542.580782,45,5384720.139522,133,3279529.35605,89,2298339.732297,134,1574267.097122,177,1313534.836153,132,1161766.988679,178,930981.178002,135,882733.112626,221,765419.322015,222,708176.184088,90,695560.794533,46,653128.115402,131,652392.513036,44,644779.657257,266,579564.106247,136,521552.23113,88,512456.134484,265,474941.22093,130,432153.676989,179,415250.096379,91,401670.804701,176,388966.093951,137,381099.969727,129,329685.441092,138,312710.381763,180,302847.397613,47,287111.787701,128,285726.376756,139,276902.397982,220,268008.74734,87,264783.524807,127,trumpet
7239546.998172,56,3939199.718337,29,2996593.482754,84,2135116.779198,28,1913241.460107,55,1757162.608313,57,1536779.877778,139,1477019.543053,58,1028531.830915,83,1011721.945979,54,931289.426149,138,904443.64119,59,692711.708874,53,680316.977725,85,615150.054052,30,602538.69606,60,576651.753873,27,573468.049943,52,563645.882752,167,529663.062188,61,484912.238031,51,479833.148603,168,462506.668388,31,443819.989855,62,388703.12995,194,374216.483488,63,371269.260731,166,365916.028531,26,361664.266702,137,356396.165611,49,331386.920174,64,322309.520404,50,trumpet
5161183.47828,68,5033759.376341,69,2887165.423237,61,2750544.172061,136,2297054.545525,62,2241995.449361,60,2093167.633236,135,1980549.185889,203,1838010.059926,67,1255353.687881,270,1115551.08224,71,1050505.911775,59,1033972.914989,271,948712.148764,65,846194.396122,64,830573.845046,137,798054.314239,66,700243.572951,63,579888.571971,204,553516.732184,180,538662.244631,121,534690.670534,133,530420.521589,70,508960.485356,120,490322.80763,269,457305.730597,181,417906.024989,179,408748.863749,138,370906.675729,74,362766.192772,72,351408.187841,122,351041.102904,119,saxophone
0.0,11,0.0,12,0.0,13,0.0,14,0.0,15,0.0,16,0.0,17,0.0,18,0.0,19,0.0,20,0.0,21,0.0,22,0.0,23,0.0,24,0.0,25,0.0,26,0.0,27,0.0,28,0.0,29,0.0,30,0.0,31,0.0,32,0.0,33,0.0,34,0.0,35,0.0,36,0.0,37,0.0,38,0.0,39,0.0,40,0.0,41,0.0,42,tuba
6222879.684579,34,4145658.605726,67,4140704.766403,100,4001071.641462,133,2318135.428109,132,1226150.808898,99,1014686.311637,66,914823.088361,165,901533.110446,134,795725.884186,166,691657.321609,131,640046.885808,68,626266.610612,33,563186.764953,101,466493.951223,98,458916.184211,135,456029.180647,130,454853.480363,65,383361.389677,136,358176.742529,129,347044.627056,35,312465.546382,199,309887.867837,64,298185.781493,137,291174.451697,97,286952.786851,32,253832.058152,102,242978.017233,128,236463.883197,61,234833.588023,60,232503.508503,63,226484.436673,198,trumpet
5080408.106975,60,3437314.604028,26,3270835.019787,59,2174151.885609,13,1828810.65047,61,1755809.503084,25,1579282.288832,209,1310679.133817,15,1303330.657977,27,1293403.682558,75,1169870.702239,58,1138783.057498,45,1100431.65942,44,1092919.876554,38,1060421.602244,12,1039339.690653,30,1007351.180811,35,981645.518983,62,971552.995799,41,970184.216547,89,961805.147268,16,874478.216597,19,855504.413426,29,851710.132873,31,849254.859333,28,845528.427291,149,825834.500504,22,814310.413946,57,756420.938708,11,734682.579896,104,723244.087072,18,709836.385194,64,piano
5343127.060415,22,4814471.560537,42,4180369.829426,63,4100444.200638,43,1819277.531468,41,1515463.493139,64,1361274.303269,44,1337504.144843,21,1187916.685855,126,778323.016241,65,734847.920133,23,730344.694565,61,648933.727683,20,647186.494349,84,575189.817373,62,554892.341428,45,518017.12297,105,510707.116819,125,496055.960848,24,447685.394609,59,438610.625989,18,420874.919821,66,418370.366912,58,393543.195578,46,351580.829737,25,336535.119024,47,335611.823702,19,328379.853762,60,315464.134657,67,285839.598942,40,276386.940359,26,275581.210841,48,saxophone
5610183.406973,100,4469319.063364,26,3395266.140387,51,3203471.695485,75,2588410.294356,50,1925353.846162,125,1768180.669084,150,1666129.304715,76,1423205.828714,25,1093878.701334,149,1090120.735023,52,870095.621495,49,848633.159746,74,821741.795084,27,735888.69496,77,723402.790541,101,651538.321656,24,638050.996705,53,616721.873358,99,541893.921141,151,527211.556743,48,502085.124415,73,483022.593385,174,453158.26367,23,446224.033767,54,420381.051538,78,397475.535614,28,396186.585556,98,394084.30424,102,393287.463364,55,369301.101671,47,364338.851739,72,trumpet
6186816.496932,50,3708081.454493,45,3266935.814662,51,2785920.736084,26,2224433.476444,60,1939313.68377,100,1745747.956545,49,1511861.800887,29,1398951.338179,52,1262120.80552,200,1236714.163737,28,1189369.031971,25,1104168.120945,48,1036161.779511,53,1027236.681943,30,1017894.439661,56,960988.638945,34,899024.632079,27,894449.721872,31,675980.18462,47,632352.756497,54,594412.520549,46,566342.653583,61,538262.997555,59,509318.793113,55,491915.466803,57,488435.584984,12,484523.442339,32,472671.737636,41,458899.626401,44,455802.09973,40,412987.110441,42,piano
2421584.768903,11,1995127.684039,35,1568853.776861,22,1528832.036529,12,1508237.525142,31,1457143.831326,28,1444887.803079,21,1441478.492419,56,1348155.67619,42,1315632.821278,14,1236507.127747,24,1222800.826414,19,1188081.041944,36,987267.07826,27,974146.98819,30,971353.000155,38,955883.64852,47,907271.837162,17,870217.250046,40,862506.101124,39,796280.577618,13,774211.807163,60,742444.86478,37,730256.704561,50,710573.497428,62,632257.020744,34,594847.645476,33,581008.315509,45,555001.408408,78,551844.524029,49,546734.148986,15,529944.060591,54,trumpet
5951739.012016,22,5695196.884976,43,3458249.497532,42,2846028.125056,21,1858150.248846,12,1450230.775012,33,1280564.959158,53,975296.604478,23,919112.650677,41,845677.707578,54,834676.034992,24,810204.709711,16,795975.551281,19,786731.475931,48,718792.402313,15,711510.643409,11,707805.440202,13,605984.188525,37,593603.501685,17,584517.421155,35,579709.541381,55,570731.860587,49,569373.015767,32,536540.329484,31,518874.4805,39,485066.573999,64,483082.825104,44,473705.80979,34,449036.628519,38,444028.629982,36,422743.121835,14,388697.921971,52,trumpet
0.0,11,0.0,12,0.0,13,0.0,14,0.0,15,0.0,16,0.0,17,0.0,18,0.0,19,0.0,20,0.0,21,0.0,22,0.0,23,0.0,24,0.0,25,0.0,26,0.0,27,0.0,28,0.0,29,0.0,30,0.0,31,0.0,32,0.0,33,0.0,34,0.0,35,0.0,36,0.0,37,0.0,38,0.0,39,0.0,40,0.0,41,0.0,42,tuba
6181027.314081,45,4059830.173658,40,2669760.859218,50,2272785.006604,30,1960235.402108,60,1740721.364036,36,1593162.496086,51,1498257.821985,14,1430427.96824,21,1296043.284993,20,1065482.754958,18,1052803.997205,39,987314.893158,99,980299.70425,59,974168.699589,38,960150.49496,42,951740.880542,19,812135.986505,43,742480.034607,100,729473.314242,49,697901.274884,27,688593.124144,22,661950.9242,31,649742.763143,52,633363.492355,11,617495.734695,29,610512.238109,37,589743.010668,41,580143.496136,35,565338.959651,58,564065.131941,54,557323.973197,88,piano
6799216.701293,51,5330888.289114,101,3141718.417366,151,1594905.283868,150,1428984.306102,149,1221490.341024,100,1127476.069354,152,1079848.310697,148,1010387.574364,52,1008251.052674,102,835365.782901,103,765098.065364,49,753448.175247,50,745414.152385,200,613534.077876,201,590816.647563,147,567769.99305,153,551732.995015,99,549536.706899,104,538604.535812,154,513272.299981,53,481458.843295,199,466972.22623,146,441871.832186,98,401852.752875,48,384854.026564,105,370753.989046,155,357935.483617,106,350708.170527,145,338507.44502,96,315201.222554,97,304270.207167,157,trumpet
5745917.935554,21,4722997.086987,60,3921547.712835,41,3535778.568875,61,2066340.371086,40,1585771.571939,59,1260946.958139,42,1234646.760548,62,1112117.198882,20,939453.256434,58,867985.533647,22,755705.518677,80,746681.995594,63,733870.876044,64,729975.322751,43,724756.309994,39,680878.935346,57,583473.270464,56,557631.200494,19,525669.57853,38,522556.066652,65,513371.951744,44,487061.178018,23,486072.220132,55,479563.2773,49,438012.956069,52,427797.390551,45,416401.82364,54,407706.810212,50,395565.866545,18,378935.733307,37,376304.041967,46,saxophone
6383084.097565,45,6145589.203532,89,3718164.858531,177,2195730.694186,133,1202746.905152,134,1072201.878684,178,900997.264556,90,764629.480615,176,529927.34411,265,473138.016221,46,472437.204506,221,463091.47572,179,460829.049934,88,423595.166976,175,359947.465287,135,287193.513929,91,280139.109208,180,269622.892763,266,269257.289834,136,266548.817004,181,265830.159288,174,221878.818217,182,220411.328695,87,220232.999763,47,212223.914594,44,205069.900573,264,198158.830596,310,179516.816419,172,167133.605612,173,164891.19363,222,162803.24398,131,162424.173673,92,trumpet
5199605.632234,46,5087978.347069,12,2911065.594892,57,2867106.357947,23,2658293.605386,45,2650652.873852,34,1658737.610324,13,1295173.03146,56,1094292.306669,79,1080960.740942,44,1060431.620103,24,1033200.20594,35,1020395.431188,47,1010306.816975,36,870395.50326,15,749340.371374,14,748158.402542,58,701590.510964,16,687352.748267,33,673001.587754,11,650672.580696,43,649850.398007,20,622020.683594,68,599668.459361,19,582900.977784,48,580181.415278,42,547434.859039,17,530171.182135,49,476820.065891,50,428366.557573,32,424774.033326,18,422567.844514,67,tuba
4677725.1302,30,3243780.113102,60,3152107.616369,26,3015160.699411,13,2985813.143683,31,2877454.719072,40,2118922.971202,25,1886165.357277,59,1650202.47157,21,1511398.890271,119,1180821.741506,14,1149745.719576,38,1109528.070608,24,1105691.818093,32,1051400.098446,20,1036042.882321,178,1006694.878813,29,960677.024194,27,939473.041669,61,827552.167166,23,804538.618317,33,799933.419658,148,778846.252622,22,751552.94547,12,716553.988751,149,712138.416007,89,623068.478062,34,618991.321171,11,618793.33368,28,607320.971589,57,590910.538807,118,554809.722122,58,piano
8350209.514152,40,2914871.512986,12,1580170.140544,67,1497331.047236,17,1461754.143686,41,1389915.615837,34,1315227.455117,18,1240545.676174,79,1142598.421726,39,1120115.233714,100,1022528.050849,50,885253.546477,84,767406.875342,167,743827.886844,83,736008.790007,38,693627.193555,42,628393.853844,119,628083.102496,43,594167.141661,16,584150.00697,11,570776.221285,78,569929.163443,49,565459.427938,23,557306.701189,80,500666.967291,45,484508.115854,30,461849.767436,44,452320.978108,56,420231.563317,133,417938.581708,15,408956.552095,19,406080.534933,48,piano
8097285.463015,32,3492561.642013,63,2520217.606021,64,2511251.020317,33,1865149.074352,31,1263953.242489,94,1075062.797762,34,962972.563039,30,749836.831294,157,734238.863519,35,712567.12349,62,692337.57431,29,636103.324199,65,608657.567514,95,513053.18515,36,512632.950645,28,486056.230913,158,459727.13658,61,421858.117228,27,419370.274835,37,410051.501746,66,348895.530091,26,345506.037286,38,329220.008943,60,307910.505797,25,279905.060387,39,277278.179852,67,273624.476438,40,271449.986175,59,260565.465643,24,240519.525078,126,239618.914398,41,saxophone
5073517.74622,23,4094769.8196,18,3773399.057317,34,3170944.08845,17,1671760.454121,26,1612310.942879,13,1481019.999222,22,1407819.718144,28,1365437.655607,19,1146663.07608,84,1133302.031388,20,1006334.798474,32,952845.576675,35,909231.798718,79,886583.9963,29,825966.224839,78,822047.287569,12,766805.769005,21,746599.237491,176,726301.599496,33,722145.960468,63,719641.498556,95,710858.610251,123,698108.070396,118,676167.070069,167,634260.835912,51,633149.6815,14,622985.885406,164,621444.688089,38,583248.232802,150,569794.354048,129,552561.092851,156,piano
7705787.285739,40,3873916.501585,27,2723267.317813,60,2190361.74614,53,1482186.163913,31,1466453.338661,30,1402236.562359,41,1239585.433455,29,1108360.959231,26,926674.504714,39,911277.263213,13,862567.68288,38,757597.01998,54,660310.05644,28,649839.506982,42,551637.674547,119,489943.812637,79,468252.032382,52,434796.909607,37,427962.320581,62,411846.000864,14,406608.655745,59,391456.602849,33,391023.059954,34,349629.525953,106,338724.065312,32,331467.789097,118,326794.316191,51,325475.113885,148,318977.293259,36,317756.808703,50,306252.257993,58,piano
5769266.574785,20,4452329.71074,19,2767649.542576,38,1869085.405291,21,1610177.403831,18,1520838.829636,11,1459865.542379,47,1338242.089881,29,1189644.7454,56,1085096.064615,57,1060451.394237,17,1027630.312393,66,901523.772017,39,783022.654592,41,768670.81338,12,700720.604327,26,665639.867373,16,661830.865145,37,652041.52948,15,651472.609486,50,611357.925751,23,576789.713198,22,567837.875785,13,566874.432344,24,544287.354004,65,532906.816196,14,525394.337479,32,515853.672682,27,486032.587648,34,459635.770157,30,443768.758217,51,417603.470374,55,tuba
4647794.130214,91,4579423.608785,180,3331261.06491,179,3075427.878145,178,2248367.211458,89,2053317.622797,177,1683005.722698,194,1620294.789216,98,1565109.752294,97,1322155.944772,290,1246934.505144,88,957724.166399,357,942448.712264,193,919593.071628,87,916030.559029,181,887891.616675,292,881472.776377,291,863253.029111,92,841082.882334,268,834814.959557,182,819038.29194,191,788872.751973,269,777676.731185,446,754951.61299,266,752139.39416,99,721579.648419,293,688193.85361,358,665624.864169,195,635907.94965,267,606966.067518,447,581930.375614,95,566884.750329,187,trumpet
7906059.192244,40,2939942.468411,118,2524781.988727,157,2499507.805134,79,1517943.392532,39,1350184.221224,119,1312665.880359,117,1263357.984303,158,1259548.542287,132,1111479.643807,131,1020887.726402,44,918918.957653,80,864326.995295,41,721843.129799,78,713972.798658,196,695123.196286,120,662368.091066,43,567653.609682,159,549595.803672,77,540061.62901,156,495147.644961,38,475721.295677,81,468488.983127,42,467868.218109,88,430643.610995,175,404326.570699,45,396989.684361,176,368632.973876,76,360207.044392,37,351320.102017,87,338529.884887,197,318044.083758,121,trumpet
3517795.373944,39,3483984.123441,38,3284486.506557,40,3131245.863283,37,2907578.315017,41,2583028.782092,36,2504102.390037,42,2105026.258433,43,2042565.221356,35,1728057.390676,44,1604283.986826,34,1405252.845782,45,1278277.464095,33,1157582.661214,46,1046998.131701,32,962272.665732,47,908391.246953,31,838409.739456,30,814172.185636,48,773851.740735,29,712311.620678,49,699660.084578,28,650987.08786,27,635215.095843,50,633972.439062,26,596387.657835,25,577008.103519,51,560632.391979,24,531303.88485,52,519617.091531,115,518055.007078,23,517061.17574,116,saxophone
5919445.975818,149,3911750.854732,38,3851295.843126,75,2689634.415431,40,2019824.993785,112,1748493.947763,119,1590511.894037,21,1494649.430215,186,1393767.431125,80,1343869.290269,260,1204299.734413,11,938523.130686,74,906101.509132,223,887295.534389,14,858743.005903,20,844095.306496,372,800601.693942,79,762618.607552,76,659126.276258,42,577604.746113,447,571554.632285,99,565006.312223,41,554386.430996,150,548085.829249,23,544491.452335,39,481437.673788,22,469303.625604,73,464587.871127,81,441805.391764,37,411023.028392,446,410045.207035,43,388522.09217,187,AG
5318082.844109,26,4683660.949185,51,4275597.295253,76,2685534.615207,100,2578533.685732,101,2182038.452249,75,1276212.83726,150,1271438.836574,125,1215243.594638,77,1068667.91503,50,981392.567409,151,932973.494215,102,924248.992515,52,906995.149209,149,762912.16748,74,692301.780366,99,639525.215304,49,626311.311609,103,569189.204621,27,554999.240613,78,475123.234186,152,475050.825107,95,435141.513032,73,421026.809993,199,401027.425858,104,396124.569179,124,394520.478548,47,386903.948758,48,370696.953664,53,368291.100427,79,354255.421012,94,349234.787237,174,trumpet
5608143.055797,24,4109456.993222,30,3011574.867026,20,2584507.582971,70,2176467.430919,18,2022617.820667,11,1759200.129371,25,1617490.862859,71,1474839.076734,47,1289983.062711,163,1114805.35073,69,1094189.782518,59,1025911.30292,93,867951.501513,117,832885.426905,19,827300.704234,94,814413.231848,14,768374.614047,140,751095.711156,88,723984.085976,26,712567.599994,72,696441.117564,36,629901.288294,12,599000.603921,48,557948.984487,440,553948.270861,118,498672.964474,22,493607.267114,116,472865.582694,31,464045.854599,210,451375.860642,27,438536.293338,73,AG
5123278.406481,46,4958438.104148,48,4922978.125446,47,2228191.313673,49,2208184.307363,44,1891848.889999,45,1103985.750321,90,1046797.241425,142,1005341.686202,141,978339.756963,91,968760.677651,133,926832.026009,50,820143.657298,51,819684.272934,134,819439.987881,89,778630.915649,43,645930.64185,143,619872.753472,135,603060.990422,52,561833.137693,42,550728.288657,93,545009.1211,88,530206.219201,53,477596.843605,41,474269.998391,188,461484.911361,189,451147.305627,54,411761.232777,40,392002.003814,55,373160.53852,92,370683.20116,140,359600.627604,56,saxophone
7473362.238782,91,3982512.087948,180,3005963.472989,90,2816875.354178,92,2336113.511902,181,1190118.917868,182,1103799.988275,93,945692.526283,89,778929.756046,178,737096.121533,179,710768.524368,94,658701.410021,88,650183.704067,183,586429.999033,87,505374.469676,86,495038.193039,95,451965.766134,177,424051.877987,96,392608.608788,184,381332.317878,270,369095.067431,360,361447.156536,271,360476.332584,85,314822.865464,97,306586.665091,185,282153.286064,84,280203.471432,98,263384.648707,272,259064.787489,186,256681.428099,83,244095.761265,176,238133.789476,269,trumpet
2439877.84381,11,1917424.592864,43,1818121.904225,29,1812897.234026,28,1763387.282484,20,1745180.458492,36,1507302.141226,31,1492439.868985,22,1254136.833265,25,1216577.769706,34,1186397.913253,33,1153414.205856,58,1127168.797386,38,1082088.532661,21,1024815.628085,53,991777.422091,17,981725.05706,19,961631.999381,52,940019.082065,65,928815.359806,39,926805.153787,56,896589.414446,27,874950.224863,14,871638.025228,45,813534.362539,13,798609.508413,32,795520.255927,37,779601.626025,42,778407.834794,40,769551.019462,59,716974.190671,30,685812.790906,15,trumpet
4848290.284765,26,4513506.615146,51,3635269.949478,76,3345333.88042,75,3006979.462169,100,1979749.475166,150,1925352.039424,50,1788038.623177,101,1160240.556432,74,1156622.748865,77,1147281.080538,52,1072904.790564,125,942558.502332,99,908481.886909,25,771403.965236,49,741973.744954,73,719597.842743,53,691215.21127,102,617819.176293,78,617191.808249,27,551651.929533,98,549847.075869,72,538259.247292,126,537346.309934,54,466140.987937,79,451533.974373,48,448179.807515,24,429612.761783,55,407721.987336,71,401041.562997,103,396705.28305,70,373165.89724,97,trumpet
3905486.256491,18,2635391.547306,17,2610220.925899,36,2569519.358802,34,2557102.332914,51,2442597.667176,35,2348944.518306,117,2244330.84518,67,2137110.926491,19,1747532.101941,26,1697963.630353,13,1618565.371677,68,1494601.893712,16,1206135.491746,50,1158605.985808,167,1140562.807466,22,1077415.57342,201,1003045.824292,52,971646.920644,118,961070.87501,12,949027.386372,23,861029.976069,184,803498.867223,38,787169.815159,20,758067.9146,33,757826.618158,100,745757.430184,32,738739.331292,116,738443.998575,69,737085.722012,11,726211.907464,30,715128.04808,185,piano
4609960.116191,225,3984142.363768,76,3516772.075532,151,3174378.140913,150,3174014.842352,75,2567159.467884,224,2513960.774526,160,1932313.474914,77,1699543.815892,152,1422231.278439,159,1406297.347171,299,883620.225861,239,852290.010664,161,834671.432575,153,819555.836561,74,747093.604575,298,726223.796333,222,703640.410723,149,680734.207341,158,671022.674541,154,638107.188236,80,617195.294562,155,552516.072762,78,525111.955469,223,521014.18876,157,505430.222773,227,496113.637594,79,494435.528413,156,487771.283331,226,479866.360391,373,456768.905862,374,444516.809072,81,trumpet
7833292.673915,30,4390890.240689,18,2057603.35918,12,2038660.779092,13,1445036.518834,59,1181698.551704,88,957744.347825,17,935954.717231,31,922217.082563,117,864286.757277,11,860799.31495,14,817001.154538,24,740657.281171,19,696448.69631,35,672328.247077,15,671712.315126,36,607774.164243,89,588769.307166,16,547565.939925,70,536092.507002,118,485191.308084,29,471617.321778,47,370386.933454,32,369806.592598,60,361142.39343,34,354150.810567,176,334554.007659,20,324164.383783,33,320281.67173,140,311772.278554,22,292008.0361,116,288795.397654,90,AG
8583962.500624,32,2717800.157793,63,2324612.056553,33,2133121.932647,36,1995189.290909,95,1240187.579023,94,1170698.612184,64,875310.084518,65,841928.526178,34,748191.217278,30,630746.138976,35,606170.82018,71,530574.770592,31,503555.896711,66,454614.882051,67,430015.656811,72,418654.847191,157,410664.001043,62,406644.937255,29,375925.750009,96,367036.518678,93,328882.860235,28,273457.747005,27,253983.927157,61,253247.606082,26,244235.815218,92,240296.344562,68,234315.800059,97,228191.22619,39,227508.557499,91,215680.840078,126,213765.467431,25,saxophone
1604495.187957,28,1443096.243098,22,1295514.151165,42,1243630.938311,36,1186704.655961,40,1147084.458343,38,1040088.366066,112,1029050.463497,19,1021699.081505,37,988517.418899,32,967069.503113,17,963106.775398,39,958952.022857,115,957209.897234,122,911214.738658,109,894252.442958,13,879174.926537,20,844543.111726,23,821665.029121,47,807049.729045,120,799384.748298,49,791299.43714,16,789618.993874,113,785294.53649,35,781494.283163,119,779121.050227,117,777364.38684,31,740192.196928,24,739315.705204,107,727522.457865,14,725603.225809,55,692742.241181,58,trumpet
6605182.286969,40,4787653.87861,60,3502430.841918,59,1678805.962418,39,1616270.484902,118,1488758.941058,14,1363539.978889,119,1337429.602583,41,1281209.386413,21,1229926.66009,99,1070106.056419,61,1046886.156744,27,964428.963509,58,768184.959587,138,760745.11462,38,673093.818305,62,658090.891705,42,627491.117499,13,624748.075464,177,602534.933627,28,559845.817119,79,548813.576605,80,548796.155984,57,461655.741428,63,443079.338511,37,394575.754595,56,382933.446064,120,380731.46764,236,373289.777036,64,351134.967586,53,346770.933605,117,334870.918775,22,saxophone
2853682.231871,138,2071878.387691,139,1735503.613412,48,1592065.015695,49,1408138.035964,43,1320612.629226,38,1293733.888635,171,1275793.347248,112,1235495.674637,87,1103592.091622,369,1078753.039556,74,1067580.307356,57,1050437.384338,137,1011885.653968,58,1006110.454516,37,1005081.593132,39,1003046.484813,86,988645.999768,142,966781.695643,184,966587.603154,32,936619.097021,68,927159.764572,143,926633.343039,395,923199.431812,368,919147.571707,105,916431.215147,52,915659.266842,209,872326.91279,396,859982.91267,115,841458.393679,151,836577.472969,71,831554.101692,40,trumpet
7243641.653994,27,4838445.520071,53,2478063.364234,54,2051259.553894,28,1782338.409031,132,1665045.631979,80,1198522.046771,26,1086797.540012,52,1021019.305953,106,850071.633341,29,786456.055855,55,767703.053405,81,709461.586477,158,681644.766728,51,633345.183869,79,613119.625255,25,593114.57168,30,581922.083599,78,494620.858609,50,469987.038809,56,419051.16553,82,416811.831675,49,404466.481963,131,399610.196852,31,391915.036615,77,379957.994692,24,371992.610379,32,346348.478853,48,323917.295665,33,312229.509158,83,302406.628923,57,302088.052081,47,saxophone
5350084.118848,26,2529081.841985,14,1993262.437027,23,1815081.512275,50,1689505.639748,18,1658311.377867,51,1590680.226736,17,1524382.099713,24,1365390.251843,16,1355460.570364,13,1325696.580389,12,1292695.336819,11,1251673.888066,21,1188727.030472,125,1086955.404184,28,1084421.77157,19,1059113.395235,35,1024335.531468,88,1014773.817133,63,1005413.106868,150,982949.622246,32,975280.846042,82,972755.424651,20,948811.17168,15,943690.742137,25,931561.141643,41,927217.909319,57,864904.994953,151,863580.832228,69,847153.472303,38,837026.761653,176,808682.521648,37,piano
5193319.292108,12,4494427.456329,40,3178409.341893,46,3002179.485769,45,2931950.555555,23,2830181.262361,57,1595974.737863,34,1524553.307583,51,1236392.736783,56,985351.400625,47,965216.459988,29,964116.658683,79,943347.967045,44,867652.88314,17,753725.145628,13,740504.937777,11,686892.681178,58,685985.162116,68,667915.772335,24,656470.897294,43,638448.35429,22,568173.121431,42,566253.502926,48,551761.34652,16,476195.169949,41,458927.197665,55,456444.239005,18,431793.877403,39,417234.044652,15,385212.416868,32,367790.459603,59,357171.98963,14,tuba
6143310.174947,63,3962865.096544,188,3612813.236084,125,3324526.754255,187,2337880.525658,126,1842350.356581,250,1783656.065638,64,1332375.008744,189,1207211.913704,62,1118618.869423,186,980386.535462,124,909322.344616,127,776380.787693,190,769140.021703,65,719734.116596,249,669474.690941,185,668687.427276,61,566537.634544,123,535350.699659,191,518244.126063,251,518104.156186,128,498754.848378,312,468117.782866,60,458240.646918,66,447005.30252,184,403188.329295,122,394063.767424,192,392727.672515,129,374791.872913,59,362862.188904,67,325249.681499,193,321591.61273,58,trumpet
5694558.867198,27,5121435.243215,32,3238169.364789,63,2466320.809663,14,2040481.360599,21,1910640.148095,40,1520422.371045,39,1440840.234645,94,1168911.173588,23,1099948.234954,31,1084071.851582,28,1026052.464631,62,1016880.440694,22,980919.463193,79,959075.709955,53,829291.100807,80,717871.037456,19,705964.875662,93,682828.812768,41,566112.693545,26,559594.11718,38,542344.180126,24,540254.702678,54,493145.903484,64,454394.152242,25,409157.296291,15,402601.449308,60,394114.147594,13,393811.78168,78,392406.032422,29,387823.405553,33,382522.114604,16,AG
6233549.363991,60,4197973.94388,118,3217945.734604,119,2917961.309444,177,2710587.255913,117,1921739.377548,178,1829872.532543,176,1739926.628887,61,1399167.407521,59,1113720.1746,120,895053.14718,179,888582.278138,58,716325.250238,62,652257.716157,121,607120.132569,236,601194.372157,175,601030.796425,116,574989.984394,57,520595.248892,63,496805.336309,293,475198.059891,122,429777.909462,56,401061.138349,180,384036.741483,235,380876.145015,64,371853.99726,115,347276.84615,234,341757.783895,55,337025.383653,123,312374.251434,54,302960.005594,65,298454.521982,114,trumpet
6009560.263456,100,2781353.616562,31,2387223.347026,98,2277267.016745,101,1843016.1911,61,1576068.462591,58,1517741.897486,36,1511613.746405,35,1483712.26188,59,1126276.20333,62,1114122.181794,33,1107444.179218,97,1079889.944794,88,1040175.39369,23,996013.149032,34,987687.602566,89,972005.404279,99,911319.297587,57,857980.361787,67,857684.423401,231,841722.793846,22,817082.709296,29,802170.615955,30,767934.327184,20,760118.525212,102,739763.426666,63,710474.92518,90,667000.294992,60,660498.173758,66,625921.326907,68,618387.888925,38,609951.101566,232,AG
4794722.298096,40,3702752.910768,20,3194191.413965,21,3179764.92769,39,2732332.733583,16,2473365.322547,17,2096890.993408,42,2023802.612992,43,1932387.605494,41,1710056.080715,23,1672260.600962,47,1587278.092712,59,1442256.123503,18,1263332.308872,60,1217906.676459,19,1020060.556847,58,984264.315523,48,709099.257465,46,647268.785732,36,631313.311371,15,612179.769016,25,552401.363963,37,487305.641053,22,486580.022982,79,468894.973301,78,430371.113358,38,422223.096467,57,410383.34026,45,409835.227488,34,406067.242738,31,397005.741476,61,346051.824639,27,tuba
6031477.914088,177,5526585.546032,45,4463708.437865,89,3747520.586185,133,860022.762003,221,857768.755238,265,515532.668928,178,340907.490017,309,340076.715925,134,301562.015267,80,257543.214809,132,255594.423375,79,255028.494713,90,249989.436639,222,231404.889649,46,227863.770279,158,203567.97253,176,201574.940543,266,188985.298628,353,136249.430242,88,129825.996882,179,114123.866367,135,114102.208949,131,113879.014499,40,109853.533647,41,98386.883635,181,91304.56313,81,88269.124655,264,86694.224824,47,84424.209163,175,84197.598123,78,83781.442942,43,trumpet
1348150.931881,12,893174.195549,13,876543.202804,11,666115.424646,14,512629.456256,25,507626.245592,17,468786.083753,16,414489.776899,23,381249.518772,19,364503.117476,26,341405.432831,18,326418.270565,21,309136.515546,28,305548.866727,15,263147.111688,30,238964.320001,31,237428.924321,22,236785.004618,33,221785.837901,24,214885.935162,38,191632.265655,32,188158.227177,20,185066.206984,40,182519.332711,51,173903.762096,64,169223.715373,48,167981.567388,27,164188.510274,61,158831.935474,35,156606.759255,47,153090.03743,55,150174.343391,29,piano
0.0,11,0.0,12,0.0,13,0.0,14,0.0,15,0.0,16,0.0,17,0.0,18,0.0,19,0.0,20,0.0,21,0.0,22,0.0,23,0.0,24,0.0,25,0.0,26,0.0,27,0.0,28,0.0,29,0.0,30,0.0,31,0.0,32,0.0,33,0.0,34,0.0,35,0.0,36,0.0,37,0.0,38,0.0,39,0.0,40,0.0,41,0.0,42,tuba
6584925.509956,76,4138392.750438,38,3281789.800025,75,2696464.973807,113,2254406.134977,39,2137453.794774,150,1575813.238721,77,1390575.229762,74,1079529.683682,151,995730.260069,37,909197.528585,40,907002.73588,78,898623.809221,73,728209.002649,188,626088.390522,72,618328.244202,79,591021.041481,149,574501.732737,41,560864.120426,36,554274.102388,71,490116.619736,80,466193.107944,70,441895.961103,152,424958.188994,42,409759.578171,43,380393.66852,69,367160.902397,148,358191.33414,35,337477.218543,81,333058.983067,44,326055.320963,225,323919.208237,68,trumpet
6271969.002167,133,5573881.864671,45,4138809.420829,89,2534883.11954,177,1530961.828426,50,1150370.143818,149,1047001.664873,221,843481.676316,88,754691.459956,100,681046.160991,99,674556.680145,51,634976.57252,132,552528.654641,150,504571.248894,147,415256.081273,44,397333.814639,49,385722.215823,146,381481.65105,176,381213.970338,130,378697.723075,148,290288.302837,134,285476.265778,48,275863.944756,87,275307.984594,175,245508.483451,98,240144.97373,145,229787.648215,46,218842.645825,131,204533.542122,52,202798.315052,199,196407.527959,195,191761.290245,198,trumpet
6486712.562863,100,4534524.354608,51,2950269.309217,50,2709077.796565,150,2091376.090062,101,1480972.971119,151,1449636.049933,200,1287760.969189,99,1226417.370586,52,1222984.238333,199,1147987.183172,149,1033752.059059,49,844380.595207,102,746069.516103,53,689891.118682,152,655317.293924,98,631095.506941,133,627398.885556,48,613085.884122,148,561385.705795,54,551767.300782,103,525381.142641,97,501775.392858,47,474442.435617,55,460943.491338,249,426487.263879,104,425293.992079,132,421233.496153,153,398300.766549,198,386420.065861,201,380643.359249,96,353952.393931,147,trumpet
4239073.613664,12,3629420.30596,18,3468068.468033,20,3256370.034907,34,2477275.49235,17,2197996.477205,21,1986552.724471,16,1731846.897607,26,1336102.309334,22,1309874.222219,19,1283375.308278,23,1212264.069792,15,1113117.300742,28,1071646.26277,24,931018.499801,29,892957.091407,39,834731.080941,38,824919.431967,14,789912.34845,62,716119.793647,47,675094.471972,61,665690.829,56,651642.679168,66,645633.690511,45,638198.938598,27,635835.934279,11,617632.22641,67,615295.45449,51,585514.622675,129,575226.946342,25,570836.47296,31,518751.878241,30,piano
4970848.606434,26,4205863.382468,12,4121976.449162,13,3676029.760643,14,1865969.720625,23,1621645.381746,25,1603707.617024,27,1413216.382471,112,1307772.064635,22,1143090.834054,11,1115123.628317,15,1018252.659251,28,897209.984614,188,805761.057629,18,770120.984489,50,764305.728704,176,759970.380569,37,758310.467865,16,691847.007826,45,688658.5241,20,681559.526223,17,664294.930686,19,662900.511757,35,635695.151465,76,599045.424096,63,572735.887828,189,569838.421328,113,568374.033967,36,553144.172275,125,545138.34883,151,529244.017675,51,516182.954734,21,piano
6944468.147075,23,3109857.404166,75,3001800.782896,45,2786913.984016,30,2469262.823061,38,1625716.018765,16,1436520.171522,29,1335112.826101,22,1299055.67315,112,1157122.607388,24,1082993.894109,111,1049677.011465,89,934628.422802,15,908266.3945,31,904993.090328,20,868393.573624,104,847582.124773,103,748836.847961,223,740709.179158,118,716318.007595,59,639082.940616,25,534673.738486,27,530599.863973,12,518144.829716,37,509563.948965,28,495113.987747,17,463394.756711,42,461032.69295,60,460765.258548,11,451228.636106,41,449019.538962,74,441409.016462,40,AG
5788195.187567,16,3070818.039499,15,2554499.035566,75,2388183.209652,14,2339915.931507,89,2330974.037107,31,2211151.674227,26,2204079.89259,45,2143872.63744,30,1417135.730133,23,1334562.751776,13,1230723.261233,12,1132026.589446,90,1076847.422425,88,964592.120223,59,952679.036046,29,913908.069669,74,882756.269693,22,821292.805021,149,803025.520091,60,705565.237066,32,691353.249369,104,687023.762498,105,638882.111649,27,590804.428346,50,553069.304782,24,482261.763883,209,480951.93416,224,477995.076685,225,473705.45356,148,460602.828812,36,454967.699385,35,piano
1167701.856385,142,1114004.253194,156,962396.64891,290,925450.969347,140,914180.152568,231,906121.02489,38,870408.08445,308,838584.925283,307,836934.874376,166,832334.360566,143,809499.21096,167,756817.903555,165,755331.882034,47,748025.604939,362,745805.653984,168,729357.603053,157,727728.137043,132,727100.300604,291,716991.302724,263,712758.771898,264,708155.949527,417,704239.180828,391,699437.021322,213,694389.259994,275,691686.902171,155,690675.474754,172,665268.507157,235,664635.775043,137,656320.791681,36,652782.194833,363,651880.199837,309,649766.978382,232,trumpet
7155422.045908,40,5460237.580476,41,1999846.00592,39,1885612.111222,42,1187618.169029,38,1038799.221808,43,907746.738409,80,846242.406923,45,788278.009266,44,786272.503905,37,617359.36302,36,531015.961199,119,528237.032502,126,519986.816288,35,518468.835931,79,480751.000719,33,478985.914818,47,474722.307206,34,455267.87376,124,423709.147345,121,414296.128552,139,409654.106455,138,404865.844351,32,402914.492459,125,393081.55713,48,391493.699917,137,388365.845245,159,382826.051734,57,357696.287753,46,355804.799043,81,348732.168367,49,337829.227195,71,saxophone
5559095.949423,59,5352659.469554,60,5175599.277413,40,1751106.653504,58,1741790.101467,61,1373518.209985,118,1066519.305371,57,1048341.359407,62,774170.378182,56,744739.011535,63,740767.041465,79,619877.937554,98,601901.258117,55,577293.950626,64,550768.985456,20,529061.605077,99,502395.385023,54,468724.64288,65,445299.975186,21,433708.817714,53,428761.480325,215,397510.189073,216,392360.306805,66,387538.527425,137,380164.143806,235,377928.303031,52,370833.616134,138,337489.98093,67,328482.683427,51,305268.919244,50,297240.342104,68,277076.642032,157,saxophone
7506725.413,40,3470449.91658,79,2789969.32264,157,2023519.352065,118,1970409.048561,78,1901549.151906,117,1586116.637089,39,1381025.820284,119,1256298.989291,116,1250640.714633,156,1135744.835845,41,755566.201742,38,652909.387319,120,649664.888601,115,613060.033867,158,611037.099197,155,553847.394376,233,510511.504382,77,510489.270575,37,496645.158033,121,492602.623082,42,486089.648069,80,460614.007647,196,451368.884503,114,398645.780199,195,373225.312537,122,357124.875954,36,342506.05824,43,331211.244633,159,323664.772011,35,306905.879003,123,304985.888724,113,trumpet
4370619.545042,32,4319071.925324,17,4039662.323918,63,3404906.992357,16,2847823.600499,48,2705670.120121,64,2064295.246157,79,1359006.288823,18,1278521.396473,19,1209933.665883,15,1073294.707667,33,1042911.338666,94,992000.345626,65,922143.780188,62,832068.79484,47,751773.351239,14,689645.918718,36,664141.463056,20,592359.527921,61,590746.187427,126,573875.409014,66,566801.821646,13,556026.602719,49,554221.284614,95,483087.653312,67,469918.592771,60,441715.046388,31,428909.48502,44,400368.864305,46,397476.307954,80,392446.329204,110,386200.080052,42,tuba
1935360.934629,31,1595939.285413,11,1590735.779532,42,1457282.496816,43,1399023.734647,16,1363252.146819,29,1313302.604759,23,1175850.606641,41,1154938.990734,20,1139198.713632,38,1135872.026988,17,1034879.488516,36,1027142.539684,25,998227.386163,39,968770.425331,33,950013.876157,53,888192.07025,57,817212.788535,47,816027.378351,176,810208.199723,32,805553.464208,30,764524.791434,46,754995.740621,22,753213.810226,27,725913.161852,35,722134.694137,56,704508.882107,49,695489.463435,34,685536.444815,58,671916.967492,18,664260.936232,190,662874.207809,191,trumpet
7692566.810776,48,4510850.954377,95,2187448.790469,142,1563839.106946,141,1470702.332855,47,1385832.380285,143,1363473.579707,96,1351067.341854,94,1158790.931972,49,1130369.499076,190,915723.509451,140,865888.033443,237,785721.28009,189,722011.495775,139,599677.038405,46,537084.553925,138,527677.75367,188,527069.571383,284,524498.666643,93,487465.806723,97,470839.148285,285,411914.063272,45,385027.713463,238,376382.960578,50,365456.881697,137,349775.816245,191,346022.977125,187,327747.890795,186,301207.67702,44,297798.109796,185,280123.580188,184,272199.007295,92,trumpet
5617520.004641,54,5330658.501389,53,4319645.089304,106,2173872.727308,105,2094543.938623,55,2017277.308539,52,1187079.611002,51,1139748.609761,56,886811.546374,104,852284.788537,50,795911.646948,57,699573.284719,40,624856.698622,49,599043.951081,58,553875.943493,211,542895.144603,210,519283.314374,48,506795.68319,107,504973.702382,263,479996.800319,59,473079.785591,47,462823.316376,103,457069.563086,158,447039.371001,108,422035.191864,262,401187.702562,159,395292.681264,60,373027.511225,46,337584.384346,61,335489.417699,45,330491.698721,109,320986.14172,110,saxophone
2954934.807935,14,2864053.106506,13,2729816.773018,15,2494632.288168,12,2379287.261264,25,2358607.056992,16,2295077.83483,24,2240493.46842,26,2060755.558328,23,1985510.571695,11,1891126.243435,27,1875536.616364,17,1682866.775845,22,1437044.33829,28,1273347.29527,18,1121904.978704,21,1071340.958177,50,1023787.363115,49,1004042.493964,51,985026.838394,29,880342.458385,48,860758.700301,52,716308.030202,19,715284.640705,124,707692.032865,125,674324.491567,53,655694.025776,47,647828.421995,123,629725.741499,126,622380.974028,114,611087.378601,20,609366.671369,115,piano
8579946.581986,41,3376821.739522,40,1847629.824209,120,1771217.406858,160,1762364.690592,42,1461258.886604,39,994626.258971,43,938946.884841,38,713656.410965,44,693524.187179,37,529925.298135,119,524992.134837,80,514859.61535,45,463644.406268,239,443915.207115,46,425449.188639,81,419400.771744,36,404903.211999,35,388418.479513,121,372076.901903,159,367033.76023,47,355969.626377,240,346909.29719,34,341036.398227,48,306753.569313,33,297446.336473,49,273530.229825,32,258168.31327,50,244274.777592,31,238454.304,200,236125.865106,82,232104.507563,51,trumpet
4298885.451444,28,3893854.218366,27,3425969.943061,54,1899190.419096,53,1895769.939158,160,1800540.119388,55,1752886.59591,34,1614513.46592,108,1578680.989648,107,1536052.075047,29,1528001.794429,25,1424261.199967,69,1309969.254314,68,1268549.716733,26,1244315.47706,161,1210191.531458,56,1176021.337063,33,1150676.636673,35,1029756.006157,70,1002565.863595,187,971393.235033,58,958666.43622,67,939151.622914,186,913033.003383,134,912611.847196,81,881435.124954,240,792137.986923,36,779047.089093,31,778543.844399,159,744835.585505,135,731667.96317,102,728698.202673,213,trumpet
6068032.969876,63,5101610.461267,64,4015340.503355,126,1901346.652899,127,1895051.024278,188,1761579.819921,62,1577483.579527,65,1541951.969639,125,1167537.311373,187,1006648.794535,66,918465.009993,61,849087.4903,124,806725.240419,189,738875.344871,128,709194.491377,67,666585.126341,60,565681.072214,68,523505.489954,59,454587.013484,69,453506.523545,129,442922.735786,58,399717.581246,70,379102.627808,130,355111.246963,57,346279.621088,71,327612.656895,131,320096.362775,56,312530.283327,186,303338.275478,72,292740.065905,123,284070.359011,251,269433.338835,55,trumpet
5817348.850093,112,5306209.285954,56,4372411.360314,111,2485606.010458,57,1939984.415091,167,1414844.488424,113,1136470.252035,110,1122952.135659,114,1021308.891961,55,1007541.734713,109,829523.337524,54,706031.231957,58,668133.428112,59,575847.081678,115,540429.216279,116,512237.507029,108,472468.68466,166,461750.607727,117,419242.725643,53,413342.851189,107,400111.048401,106,388304.201724,119,375321.558696,52,369921.148571,60,358299.653896,51,332838.38775,118,295329.875027,62,283195.478425,104,276962.532353,168,268439.576837,122,263448.291034,121,260561.744117,49,trumpet
1715027.877218,11,1516582.599061,25,1377046.852007,43,1365549.626429,29,1283069.680653,20,1243627.706138,34,1240440.019155,13,1175933.309518,75,1172366.495272,124,1140580.513424,118,1128016.002492,33,1105134.29441,40,1044439.334438,42,1044081.91421,82,1005364.735255,45,951322.636538,117,949098.105931,98,939497.61228,144,931555.900329,30,924087.091599,52,917945.663172,107,916267.903788,120,916185.643276,38,903201.754335,136,870384.392206,148,835066.952381,132,829626.923742,137,820144.646224,187,811187.88318,22,811186.486738,102,810507.498905,60,797281.684092,109,trumpet
6017782.056205,34,3194639.197267,45,3009538.286456,57,2917819.806834,46,2788195.257971,24,1834273.692568,35,1643039.237367,23,1632753.82325,13,1506601.417497,33,1396013.511317,12,1339407.238181,14,1202513.230885,22,1157883.291582,25,1079595.495428,79,1040805.970386,58,1036051.870467,11,1010672.370467,55,944421.204258,56,935217.414758,44,806776.862553,68,780305.579764,43,749321.193264,36,719659.730922,42,624755.450487,78,596332.607941,32,591084.554056,59,580708.29653,21,575221.897193,90,564464.791327,41,560028.296027,38,510293.321886,39,489557.678578,54,tuba
8407329.313153,40,2681514.804028,60,2549935.035483,45,2192115.775747,41,1395550.207549,79,1115620.668549,39,1030845.518857,59,982917.065318,20,982279.288763,42,825225.339538,119,810502.260371,30,767211.709799,21,732570.025527,29,721224.416938,99,694446.883373,80,598563.704811,37,582928.843717,61,575994.683341,58,509528.311328,43,494790.412373,57,373514.841256,44,349062.437754,38,340743.00121,198,340264.738063,81,329812.018254,36,327363.482073,78,315087.874367,11,306298.799461,82,296962.661823,62,280948.18696,46,272034.367826,31,266439.885381,279,piano
6956867.990227,40,3843568.640297,27,3363867.255629,30,2689458.084194,60,1989549.773841,53,1855065.502399,31,1312168.440456,41,1097849.655907,13,955738.440802,28,944996.83963,59,935815.347516,29,905908.145722,38,861272.437269,54,789195.487051,25,738275.009497,39,708081.333638,119,656629.516227,42,610665.617215,79,579274.721636,80,574087.472455,32,528856.203079,43,512097.890423,52,499871.43676,89,468700.990715,14,426667.497204,61,401222.376252,58,392482.586503,148,384236.243284,149,383307.083469,62,356627.497165,12,348944.146587,24,345741.788203,26,piano
5416743.712496,40,3313331.544413,31,3256281.206324,30,3052095.299675,41,2899531.834007,59,2628878.87909,60,1936826.935189,58,1732317.079515,39,1559714.888249,80,1237759.425499,45,1068694.347979,32,1003633.018751,44,955064.429466,79,944492.067802,42,912396.835635,50,837206.63153,61,779338.342314,38,755363.400511,48,751546.121682,119,744507.434774,148,711409.162127,36,682858.882364,29,621808.909648,46,618620.757847,78,596064.223281,53,590645.770446,52,584918.230598,147,561238.707118,90,558145.956153,49,549254.433557,35,523274.29519,33,519010.829743,81,saxophone
7508129.175098,30,5063116.035885,31,2127525.394471,29,1947141.910807,32,1639777.128569,60,1230217.589764,28,1188610.014414,33,975962.382348,27,881541.283299,26,880120.222851,34,778539.484092,89,698198.409109,35,572871.112502,36,534904.194037,25,493462.722632,24,487918.112479,37,467041.498493,59,423363.896652,38,418407.843353,61,406199.001376,119,385108.018399,23,373070.377913,39,362975.658854,22,334148.320598,40,314285.882932,21,313222.883778,53,301099.061114,41,295053.564122,20,277562.3597,62,275347.507906,42,271484.8657,19,255385.347432,43,saxophone
6448057.824355,19,3935189.962571,20,2610101.530228,13,2322098.753066,26,2081450.502769,14,1901095.846415,28,1185120.978003,29,1079779.155556,21,1009457.01953,35,971156.701251,16,910705.481752,12,895239.418059,22,891701.092398,131,844980.853675,63,841191.778242,11,790587.065056,57,758458.460952,27,745418.556241,25,683397.812399,113,662489.388657,94,660226.786414,198,608570.481112,132,540849.193354,32,522253.119831,41,519510.138017,199,491106.221647,30,464282.693333,171,463811.366522,145,452049.271718,17,446890.07774,56,446030.493817,122,439270.603603,82,piano
2133385.473271,11,1757437.478089,23,1707824.660327,16,1462093.958884,39,1459526.133447,27,1382142.568912,28,1334101.377031,33,1330822.223371,22,1162770.244159,41,1115321.048525,30,1080068.100185,43,1066076.781625,54,1065106.176733,29,1033897.289826,40,969228.75236,63,960514.847026,35,953916.643045,38,921372.574399,20,878282.544409,34,876274.21248,47,871300.609714,237,864918.730637,19,857641.538689,18,853734.68483,186,829421.692975,37,828416.952992,25,799190.037018,87,799075.839835,26,783903.90676,24,779445.913707,48,778662.048551,236,774748.893589,365,trumpet
5543458.789175,33,3171536.825793,38,2459428.727902,47,2307525.078004,32,2042793.303364,22,2017576.308824,45,1982843.673259,40,1964223.90558,41,1885053.4184,46,1792576.708911,30,1406768.87834,39,1295775.870831,44,1243098.684064,21,1176810.051201,35,1162292.328462,16,1158258.096691,49,1095427.767085,36,1067528.792204,42,1035133.242049,23,943589.826513,37,841810.338806,25,833955.466285,14,833101.360411,34,823951.810515,65,697977.644713,28,679068.779481,61,671251.818881,24,662538.849823,29,602373.601006,48,560259.593417,43,536714.879109,19,520187.594712,67,trumpet
1908887.666224,11,1860046.208802,43,1613995.181903,48,1518593.20511,47,1500427.096642,39,1412233.825677,37,1386116.852759,41,1255139.821253,29,1251117.849806,30,1232151.705951,78,1216853.368846,33,1199558.445617,34,1169618.463377,40,1101266.201596,99,1082409.685665,61,1026281.413364,83,988940.984678,28,969277.377038,100,947679.056011,16,933317.329621,56,915222.26398,79,914725.676638,51,904884.969994,65,892707.099607,15,885044.108492,113,871622.955718,121,867493.633775,97,865174.706692,52,854920.414553,101,848905.381693,115,838415.58997,23,829551.221563,72,trumpet
6277453.81277,27,5647925.899393,28,3438444.765549,54,3252854.258333,53,1603877.862553,80,994998.988081,81,939430.687556,106,872761.199849,29,817093.7354,26,700714.119985,30,636782.020387,25,586872.673706,79,573694.502432,107,515478.88583,31,455354.374198,52,438471.539088,32,428223.601926,24,426997.939019,105,420161.032219,40,410712.512173,51,350279.872483,56,335335.410132,23,333377.720643,39,325081.343159,55,283107.342391,50,268509.264512,22,262463.790147,36,250353.630116,49,247774.087491,35,224688.677081,48,224483.174059,21,219284.191684,33,saxophone
