5392675.052796,105,4620975.157879,71,3872668.103827,106,3335308.222492,70,2286752.293589,140,1684379.360542,107,1623960.451019,141,1526961.994392,104,1256833.279384,72,1209193.8577,69,1179188.906895,36,908893.728472,73,899149.204695,108,858480.86772,103,745769.973504,68,686528.418973,175,666918.845518,109,658301.479343,67,632928.532231,102,579024.230747,139,578188.56528,74,566521.992039,142,492250.407671,110,424831.316505,143,407182.457675,66,383177.124264,111,366675.257506,101,347599.036347,112,343104.412255,100,325252.143279,113,314060.794435,35,313294.622916,144,trumpet
8222500.978352,27,3813707.025327,14,3126687.58437,53,1511097.37957,41,1436856.528221,40,1000050.062731,66,989006.473502,39,783341.62979,54,737950.116228,42,706918.135475,28,679034.029091,26,591100.974409,67,591058.605564,15,534141.336297,38,526897.531478,29,450115.619552,79,450067.365135,52,449270.597402,25,428702.40018,37,425814.477722,55,399278.911345,43,349640.168537,16,332810.352294,45,319515.996465,17,314473.242117,36,306339.03448,68,294875.105399,24,285269.538782,35,283854.098158,44,271618.100283,30,251492.177655,46,230767.170028,18,tuba
5830563.441028,120,4580487.935465,81,3705429.632142,121,2839385.850506,82,2617373.312179,80,1874703.819631,119,1286564.338376,83,1200112.439814,41,1176443.968594,79,1130315.852465,160,1094283.184053,122,1005313.374324,78,763182.957279,84,723531.104741,77,662120.11595,85,641514.512325,123,622236.109138,40,566940.614878,158,553133.917899,118,543483.773328,199,535339.789203,198,452268.797927,161,449045.411451,87,448125.381311,86,416491.25375,76,411839.330201,125,396387.238614,116,392385.599757,39,380524.011602,159,362608.7098,42,352174.813904,117,344199.476147,88,trumpet
5672098.743134,22,4398750.132882,84,3700854.377947,63,2688569.804486,146,2393336.164684,42,1958193.725591,64,1936293.715009,43,1409025.923637,21,1301815.500058,105,1194448.52255,147,1174346.241753,145,1067623.574048,62,879295.47281,41,840406.685948,126,824270.92893,167,642360.730412,103,637116.39444,125,608332.464077,85,596614.076076,20,593026.30204,44,563999.416455,83,542253.815273,23,498892.390506,40,420815.010645,65,414297.787651,148,398181.113168,70,397495.936087,45,396359.419022,61,372259.641272,24,370277.535095,38,363140.507731,47,360192.398361,92,trumpet
5859212.525891,14,4543628.889015,60,3667487.79287,30,1996043.808531,31,1620002.956529,59,1432950.564973,41,1275914.727855,47,1261091.80176,15,1236896.832087,28,1188586.495533,61,1151688.123322,17,1148185.391816,40,1083499.772768,29,973716.80322,26,957937.337711,32,918510.883129,16,881240.829961,73,857300.293659,13,828599.610615,25,824094.566359,119,755317.4515,53,731313.756399,50,688593.381479,148,679147.129745,21,677266.486904,58,663255.877599,12,627400.368461,34,593146.760039,178,592657.258974,89,554839.555653,62,535810.947366,22,530220.652886,149,piano
7990770.169592,14,3150619.688671,27,2710418.544541,40,2161532.657414,41,1819602.258469,15,1386925.874564,32,1318536.942067,43,1288467.332908,28,1085208.197302,53,1017900.889656,13,961982.159754,39,921668.345287,16,755131.15322,17,697430.202043,12,637906.818013,54,571290.49351,44,545940.984726,29,525664.871901,30,514514.452894,24,457350.350132,11,454554.190194,26,430945.350257,18,395079.867398,23,385833.879665,33,353804.866801,38,338366.877815,45,336285.921555,31,329208.412739,19,319581.497653,56,311549.140632,37,307641.577915,21,303954.067693,22,tuba
1705370.18857,39,1696996.774223,21,1517722.528985,42,1413808.419631,11,1410635.406339,49,1282948.025439,51,1193420.380097,13,1171326.25796,26,1091030.040832,45,1062300.962423,28,983280.662945,14,978624.314444,38,968129.070252,25,961639.965499,34,940541.651872,33,919679.547714,17,907050.808219,32,904956.694145,12,893276.889989,18,870353.611073,31,865812.882316,41,863935.828274,30,811791.673566,40,695085.067131,24,677634.636307,50,655966.165337,27,644277.259275,44,612550.802148,59,582879.389954,35,555660.590119,60,530460.840767,29,517314.657842,23,trumpet
4400064.051402,11,2933432.726638,16,2382022.02261,25,2328834.92821,24,2111423.886024,48,2057678.169746,12,1851179.058193,13,1763063.624094,32,1504721.210943,36,1355813.878969,21,1337294.552668,22,1179548.314189,17,1171933.246259,174,1169006.700754,18,1147791.889458,83,1138556.839659,20,1130562.430127,15,1076388.119239,206,1063849.196738,71,977770.833235,23,955389.743273,276,905429.684453,79,792883.662273,35,788439.021626,19,758119.647193,166,746155.746438,200,743693.240496,94,716548.748706,158,657964.826851,222,653176.235852,47,641900.482667,154,629432.438643,95,piano
5083991.176448,21,3848960.987054,20,2935682.33893,11,2138858.804073,12,1996902.974796,39,1907943.481253,19,1906836.473345,22,1772580.47729,41,1725987.962503,32,1644049.094989,40,1593117.184862,28,1440381.702527,37,1431741.639742,49,1430626.536072,38,1424225.718476,48,1321497.122349,33,1241705.02627,42,1166101.964274,50,1009550.287988,29,970557.533675,26,964218.151064,52,931924.723271,23,929800.55251,16,919521.872071,24,810605.006072,15,807792.968078,25,760619.670074,53,756995.718332,30,720918.550754,59,664382.651647,57,647332.602336,47,629361.978213,31,tuba
7446349.480986,63,4482511.205587,64,3173150.655943,32,2022244.298551,62,1701267.506499,65,1316234.301891,157,1247905.66247,61,1077064.293633,66,857111.032752,60,773273.176538,67,648502.100492,59,639845.133495,33,608954.44684,68,568265.441646,31,554068.899719,58,528373.157658,95,490620.787475,69,466566.234341,126,437069.62706,57,420703.420041,70,398577.668493,56,382913.690827,34,354093.472478,71,351907.083981,55,326379.471632,188,310366.353899,54,298838.623634,72,298474.281942,35,295161.366039,53,283624.099622,30,269856.642507,73,267809.179998,52,saxophone
1945309.222302,20,1935866.643708,28,1924584.90876,16,1614256.284396,11,1446935.642542,14,1302207.400405,12,1218357.273582,22,1118366.185851,39,1108176.809719,43,1102917.934106,36,1004333.962266,49,960669.850774,42,911990.865196,34,892988.668957,44,874905.457342,46,869573.196656,38,854659.938112,18,850949.129018,27,829879.11122,37,807413.982091,25,778557.601034,64,775260.898856,32,763470.697402,41,749634.372296,30,725158.008135,13,700955.084297,15,692974.102045,24,673095.563051,17,661819.997479,19,660326.720098,33,658497.28653,31,627847.13729,69,trumpet
6224595.722566,142,3947934.270043,143,3620522.174114,189,3291689.472172,190,2461282.573989,95,1728187.355577,141,1665051.925332,144,1083211.546665,191,1062040.227317,145,1057843.210368,140,1044995.317325,188,1000310.884296,237,794488.303974,146,741981.253043,139,655009.655715,187,639332.297401,192,613907.00027,236,612935.933593,147,555220.066615,138,483772.140151,148,475956.790597,186,460323.050047,193,435707.320635,137,410404.088517,96,397544.559281,149,383776.62685,185,374905.171593,150,374582.971123,136,368226.072935,284,365561.575638,94,352143.910358,194,346932.755194,152,trumpet
5845735.657511,22,5694222.488067,23,3415800.201637,12,2367838.564859,11,1794968.647947,17,1768354.268127,21,1529944.466484,24,1005950.340045,66,975495.787851,20,875919.415069,44,731389.771979,33,703370.196864,446,700141.298109,13,669293.104405,26,663000.572514,19,539892.847193,25,525308.762354,18,498381.156668,45,436338.458617,27,410743.915706,422,358431.646794,14,338088.357416,28,313607.334931,15,303115.96141,29,276742.176754,74,260163.561818,30,257385.271627,16,253471.189591,40,251545.10117,73,248875.866239,31,248407.749636,32,240442.365882,153,AG
2802320.01329,24,2056523.974645,79,1789429.827296,32,1156977.300838,25,875735.313906,26,843553.625062,12,822836.504426,17,815052.673277,48,808651.46139,111,777252.719129,23,773196.652284,40,704975.717786,71,702448.324521,87,700281.851013,95,643456.442118,167,640359.83788,158,624392.672573,103,588720.986131,11,546323.123891,21,539181.390687,142,531588.415862,56,517208.98121,55,501033.746524,63,479563.559692,94,468100.166695,165,446274.593561,30,444708.245581,15,443435.277718,222,416287.461124,118,409416.15748,110,402513.45038,22,401136.709881,216,piano
6955725.694579,60,4326612.921704,40,3215149.432084,27,2330382.466823,59,1354869.761821,73,1312357.92931,61,1257973.229388,53,1170866.196708,30,1119037.677343,47,1093782.04001,58,958357.41157,119,803146.031281,41,774177.76618,14,748289.279764,18,688638.180043,21,661181.457868,62,640151.537959,17,597865.502188,34,586441.82066,20,544792.720942,31,544006.54406,178,535713.35635,28,508362.876387,93,507728.419062,39,507419.399569,56,497603.025861,52,496193.641248,79,493667.472463,63,483687.961033,57,462657.619707,100,458360.283685,42,456617.027231,45,piano
5323788.776611,50,4537571.133626,60,3255357.484097,51,2928666.954996,30,2261067.133667,26,1916617.753694,100,1849682.351653,59,1665539.752726,49,1505011.935662,31,1389793.985698,45,1351752.748176,52,1045679.055616,58,1037956.107909,200,920879.968843,53,909848.853849,57,909662.938997,27,884766.163932,61,882999.902782,48,855749.735172,25,833703.676125,54,827365.374618,40,825503.704481,29,701077.425011,28,657966.138516,56,639153.614604,55,579980.305491,149,571507.633047,119,566167.336635,11,535990.716,148,523478.675329,24,511240.295929,32,506697.285567,21,piano
8955840.436379,32,2712473.24805,33,2100973.826058,63,2046963.760204,64,1312040.805614,126,1039984.09095,95,881810.975397,31,759269.468666,34,639352.926379,65,502175.359642,30,498083.146568,157,472441.135544,94,461016.075922,35,432325.537185,61,375037.628035,66,373848.84567,96,352261.115966,36,348229.990612,60,328658.279278,220,316643.333366,158,305796.735876,29,298595.01569,125,260330.24543,67,255949.513844,28,251067.038414,37,236098.814874,127,218919.820777,252,201602.152134,38,200485.856377,27,194205.316352,59,188163.060884,39,175584.134763,26,saxophone
6105282.347162,43,5674243.121298,42,2426281.546446,167,2143201.446504,84,2083288.417732,44,1927780.645256,41,1786103.75292,126,1369120.238017,125,1244721.250486,45,1219007.071305,40,883755.818658,46,870228.791919,39,650210.412928,47,606333.398499,38,536165.629165,48,518384.952862,168,517699.858732,37,501196.498762,127,493215.646362,208,482784.618584,36,460389.077321,85,458232.607893,333,453768.7856,49,422316.820872,292,414399.378196,35,399214.542663,50,372316.702741,124,362414.24247,34,361519.751404,51,327634.107215,33,326830.485607,291,305784.922938,52,trumpet
6361978.587314,63,5822392.633508,64,2817804.404402,32,2456719.440653,33,1679009.598302,65,1671873.985685,62,1048229.279267,61,1035962.175213,31,978266.393597,66,878285.694294,34,761948.022357,157,717549.665493,67,674676.790109,60,611990.592089,59,553840.113242,35,535797.653075,68,520339.693286,30,475902.599785,58,414666.542446,69,402985.828392,57,396666.256518,36,391038.11245,95,379031.626285,70,363097.795963,56,362567.116338,29,350999.35137,126,347421.82117,55,330858.908408,71,329206.358829,37,297749.494833,72,289452.627848,156,278263.085808,54,saxophone
5029319.768177,22,3786438.661503,26,2771075.217998,23,2063861.843435,27,1778811.959206,156,1634896.655333,11,1502747.792149,416,1381416.804385,155,1261274.054951,24,1213662.742361,104,1194701.626543,442,1166660.234194,105,1118877.150625,337,1086494.442128,441,1036088.351091,439,1028679.960418,33,1024955.437128,52,1005373.508674,284,1000769.247124,20,992664.36399,50,925415.202043,45,841836.852766,30,836193.604266,336,821305.540916,259,794528.603952,66,786559.247574,29,785809.29014,285,735772.60287,181,724484.760083,389,717063.354601,25,689209.496825,28,660557.824706,51,AG
2739263.733641,14,1840440.771547,15,1776938.193602,27,1755219.676763,11,1639873.749788,16,1627995.938274,13,1446715.476827,26,1180365.96977,12,1167363.187748,28,1119605.726415,20,1092391.986406,19,1009243.144099,18,984676.604002,23,980544.960655,17,940944.06698,40,882238.459265,22,834298.035106,24,707844.271789,25,671117.723913,57,572048.365324,55,544239.770451,61,501966.017761,56,486733.892733,54,482245.581782,29,476662.545584,116,476242.300976,45,467398.343097,76,459986.352238,52,458540.217334,41,454252.055218,39,450938.078587,49,447412.566748,66,trumpet
4884747.095022,47,4738554.277226,41,4575850.604233,48,3196097.997742,40,2377756.674837,39,2088258.647786,49,1488516.694289,43,1376178.005769,46,1148078.233477,45,1083963.646312,42,884900.684983,50,869858.0712,38,792225.023985,141,768020.203224,140,687912.296568,37,639268.097166,51,571304.110109,44,555788.071764,81,535892.081067,36,535034.697889,142,521409.895042,35,514519.217898,52,450252.171942,79,433234.333373,34,430105.849815,80,426932.239234,53,412479.01601,139,396428.408562,33,380461.36121,54,370401.594346,158,367284.271033,32,352677.254004,93,saxophone
5900273.621159,38,4307334.930207,40,2638326.633342,26,2613099.229406,60,1824746.170292,45,1643239.410894,29,1582297.370887,30,1548319.174797,50,1246862.283118,19,1238345.865256,25,1156630.05921,31,878549.176608,59,874012.203768,28,854630.203165,20,810567.764864,51,792311.600444,27,743674.54134,39,667275.260925,47,606503.056913,61,574429.175044,32,563777.639582,24,551775.889849,75,537914.999655,58,525028.168337,41,518593.532882,112,505231.175946,11,492809.372093,57,458166.832968,18,443965.782257,66,422417.179877,36,405707.913155,49,369721.603769,23,piano
3914276.548921,100,2812459.688532,33,2369297.397911,67,2345228.277141,29,2309651.789804,31,2216203.432357,32,2064971.03372,30,1959271.563914,99,1952597.881379,28,1908256.955556,60,1796752.787776,27,1766004.086615,14,1702458.312015,61,1666879.23683,66,1543757.452771,57,1413986.583044,59,1379733.377955,58,1318063.359272,56,1309364.100944,62,1288033.507323,26,1002810.288101,63,1000861.766895,25,931279.485653,24,923895.153711,55,871983.825946,64,869689.193121,106,812355.246525,90,772954.112805,68,742227.248667,132,737838.13172,54,716511.874552,89,701478.300486,19,AG
8060968.22037,48,2736593.489077,94,2444330.999796,141,2160646.891289,47,2100135.280238,49,1946827.265667,187,1322819.162026,140,1063772.019699,234,1005060.589305,93,894789.152128,46,882764.360141,186,860697.595748,50,833524.713878,236,773891.083999,233,728227.024199,95,720827.407072,235,680390.932004,188,601824.242887,45,570739.111297,51,467150.10359,44,422549.919662,96,420306.639008,280,417678.743048,237,399024.857215,52,363154.19288,139,350323.941922,43,341768.055454,92,337757.782805,142,329358.619937,53,313193.571936,42,298665.664464,143,278106.082592,189,saxophone
1969491.967227,18,1709171.442606,19,1627082.397092,14,1591118.843823,16,1481433.984408,32,1449079.892111,12,1418505.731555,36,1312549.760943,34,1202365.223586,23,906001.651999,15,897409.247343,27,858544.323846,61,826639.069083,29,820351.685582,37,764735.109196,13,761584.547447,60,749889.97663,17,735190.281966,38,713433.293586,50,711708.243606,28,692510.322523,45,688425.462756,55,686126.174656,62,680613.867744,47,661261.05014,24,655658.303011,25,653416.475986,31,616630.069822,68,614596.830415,64,603083.996473,33,577014.799714,51,565076.100772,72,tuba
5011506.6184,60,4083904.964342,30,3663251.96669,119,3018132.334117,31,2555099.93062,90,2544756.587925,41,2236255.61673,89,1907869.996694,149,1493371.148657,148,1330378.549486,40,1102974.480385,178,890750.714532,29,798460.27418,39,772148.608148,88,759198.40402,91,655117.318581,118,633623.256009,43,633506.047596,32,618145.595941,207,614608.109899,237,612391.984991,42,561748.864077,38,555469.357503,267,541227.716124,58,529700.902144,150,518628.639328,28,481238.247576,33,468944.941319,147,457006.039194,92,456812.567541,61,444788.117539,44,440561.309045,27,saxophone
4980811.420572,22,3018543.044855,43,2921838.546825,21,2786722.418122,42,2620607.722431,84,2254268.268134,146,2133750.88321,105,1803889.392227,104,1738292.033628,63,1434710.957823,20,1365682.384626,23,1322756.679895,64,1267134.026832,85,1243937.210829,19,1102211.158354,38,1052688.226228,83,983333.27178,147,932599.797337,93,915914.332312,144,887454.523088,109,876843.494049,106,863821.327926,24,819319.472413,41,805189.117584,111,784867.622574,148,782324.324508,126,778183.870475,125,730054.232008,92,724059.767016,18,695727.171882,127,693763.869525,167,646639.933653,56,trumpet
8230170.712863,36,3371693.577065,37,2670681.591775,38,1895349.139627,35,1615421.767106,39,1416087.554689,41,1264245.847283,40,1139583.776509,106,1108513.958092,42,981528.23637,34,967060.727505,107,639559.393426,33,629988.116004,43,483686.038698,32,409403.305939,71,368691.415831,31,293176.286403,177,290314.335154,50,283067.170919,119,277352.406533,46,274272.010542,105,264224.640472,142,264175.674695,29,263304.921672,125,262795.822148,120,256956.400567,55,254817.474415,72,248452.276252,30,243815.009619,141,238874.93623,118,232723.039861,44,228160.609082,45,saxophone
5726517.20709,17,5256523.061837,48,3996267.842186,32,2808159.101621,16,2234555.85196,33,1439876.874593,18,1326909.860509,64,1166125.061449,15,1009737.343317,31,993826.806028,34,906383.005552,63,850055.014829,49,760078.372918,19,733937.826623,14,628481.990452,35,537302.616501,13,511984.658996,20,507502.98062,30,468380.648195,37,454164.302867,36,440132.423003,50,408107.913597,21,390925.997666,62,384485.907975,12,384449.924591,11,382306.153191,29,381304.658193,79,374772.569614,39,353406.120372,95,335933.279616,28,303389.771783,22,290113.737135,38,tuba
6213296.484038,27,5770952.323803,14,4592832.047351,40,1681236.719568,28,1511210.199866,41,1190954.987089,26,721596.581344,29,589275.828821,15,582017.55745,38,576459.119418,39,535354.135921,30,514692.262575,25,500831.600783,13,404473.024291,31,390071.20112,43,385504.573787,32,348204.008678,24,333399.072258,37,323812.2292,33,308608.63952,34,300193.426975,44,298890.820509,35,296212.734866,66,291616.562178,55,275594.452586,23,270976.971301,36,270239.464155,53,268649.236258,12,247641.071755,42,204126.433435,22,203971.076873,16,198795.892128,11,tuba
6902685.984735,17,3655235.450123,48,3174268.249049,32,2724660.742598,16,2698402.055048,33,2138430.991807,49,1454751.373091,18,1281359.063601,64,1182579.785205,15,992118.166431,31,830424.160178,14,802793.544512,19,796883.416885,34,667766.582383,47,642750.206287,13,619150.145,12,598810.15572,63,502496.881339,20,487278.981258,30,466308.136,11,427870.809089,35,420761.575767,21,364255.689706,29,359459.118786,46,322267.584901,36,298865.891752,45,292076.219521,22,277821.134723,65,274470.065525,28,274235.891076,50,273974.584855,37,264930.608163,23,tuba
3379247.45091,100,3167136.939713,89,3108244.519289,67,3027331.514252,31,2904247.223348,40,2679427.272071,99,2640957.209799,30,2022556.877071,60,1970440.757439,29,1819459.305424,59,1761112.524963,21,1733046.455398,20,1378974.063231,66,1344224.288057,32,1138305.952092,101,1105511.699426,27,1037497.601397,33,1019009.735892,98,1015846.918322,34,891669.965743,25,860505.823415,24,793367.718259,119,785562.21417,28,772980.124024,118,736715.717453,68,706373.86285,23,691022.141921,61,633533.116419,65,626270.814888,102,596031.136031,22,592607.835714,63,583838.039251,177,AG
3439429.278707,14,2717639.160218,36,2429532.018254,27,2335809.157503,19,1933716.43523,12,1759407.121685,20,1530361.376659,17,1492278.518899,21,1472457.204408,18,1438006.726918,174,1354564.515014,25,1242897.279187,32,1231256.684651,34,1187029.578602,48,1169153.779931,83,1165179.92082,276,1025256.88961,40,988815.530553,13,933252.030364,16,909263.560946,15,838070.775922,137,830252.666448,37,804003.526382,73,794436.279192,35,765781.309382,155,765711.270479,173,743609.271974,209,738748.369998,202,729597.513507,23,723481.655423,231,720548.644419,140,713625.688904,79,piano
4347784.046699,19,3377585.659985,26,3204639.948235,23,2882041.532294,45,2773174.028149,18,2718500.111355,20,2189603.31934,25,1865104.085321,89,1730296.126562,38,1699762.359945,43,1462861.560952,51,1404056.722483,17,1390392.345818,42,1185686.686096,67,1163496.606194,75,1063036.436602,21,1011584.958904,84,1003094.971895,32,927316.621752,22,833809.757099,27,812546.748834,28,796277.567219,16,780926.461256,125,682406.242089,100,643981.546934,15,632350.003078,33,627198.567117,41,579552.893067,111,546879.888235,63,543659.466968,85,512910.670865,57,491077.309351,64,piano
6091260.006959,60,4254884.013166,59,3604142.456168,118,2493272.432052,119,2397422.673793,117,2071847.318141,176,1710624.726154,120,1604875.710164,58,1252710.469399,177,1209785.500444,61,1052094.59815,116,997931.59075,121,899408.780661,57,844515.479453,115,780742.136991,62,696888.43387,175,644347.03053,56,562378.744421,63,557830.162374,55,522040.406752,64,511680.082825,178,510250.017784,123,441974.554033,114,436098.228409,113,423831.695552,54,415522.192718,122,402958.313415,179,389026.162955,65,382547.777658,53,370395.692058,174,353841.778808,234,349033.311543,66,trumpet
4060667.004329,63,3894369.7094,64,3497923.863922,62,3163956.572114,65,2559699.10093,61,2105223.052643,66,1867583.571646,60,1387250.933601,59,1257506.490632,67,1219903.306089,189,1209707.023642,190,1136358.67927,191,1101130.646433,188,1088734.675947,58,1085643.60574,70,1004126.903575,192,1002910.139835,69,995863.402722,187,941434.245063,57,935324.82937,71,899264.153545,193,892071.052035,68,861954.459503,186,800750.851556,72,794071.946353,194,753836.163391,185,729991.882491,56,679846.130573,195,666053.312173,55,645665.241292,184,632013.961979,129,629074.410135,54,saxophone
7098630.085433,64,3746088.986179,33,3067369.958201,32,2844312.71339,95,1922433.37903,31,1711318.977808,63,1596707.748102,94,1362564.927192,34,945672.072581,158,927365.864184,65,884096.562286,30,844242.052025,35,811658.893059,157,743507.163465,62,671154.575607,36,634118.177068,61,621186.674068,96,611650.802046,29,526517.821305,60,497023.25913,125,485792.604524,37,441601.896293,38,432374.041859,28,430994.172047,66,407196.630803,93,396753.0072,252,382486.285134,39,354697.371148,67,353682.017815,59,343697.755303,27,316158.465517,189,307264.629805,97,saxophone
8152057.672545,30,3565963.151066,20,2072196.784664,146,1327542.07614,439,1246954.760488,59,1120483.953355,117,1112034.335171,292,1086658.885603,26,979483.860765,88,877493.406666,15,845459.090892,29,808520.672369,23,799844.227594,39,743325.964108,31,645045.908543,25,643010.840229,417,630209.715987,438,620782.893624,27,604908.976454,147,557185.221393,22,543238.973739,40,533242.54717,321,505945.511126,175,494459.577975,440,491759.638591,21,482325.228448,416,466021.820841,558,428746.496207,19,398278.822742,14,394773.428636,16,393016.292895,233,387116.199555,145,AG
4111159.135498,32,3337440.352516,18,3145467.119491,80,2879610.897432,19,2841678.869905,79,2636390.23227,33,2015797.832379,48,2009578.360416,54,1740239.304984,17,1667125.557957,31,1538605.912889,63,1441330.671396,36,1429882.845911,72,1382455.204798,16,1343107.172943,35,1315923.26919,64,1056396.604368,20,968167.765871,37,939449.564658,68,886171.720138,21,851662.151139,51,775714.998825,71,775311.639637,67,750465.636973,69,738860.477583,30,735912.378726,106,723147.812152,81,718672.434253,124,662732.997203,22,613777.355214,34,591118.052175,52,576505.465524,108,saxophone
5128003.267305,19,4442516.666168,93,4256661.325011,38,2939475.625373,20,2607270.163079,148,1494710.773937,37,1473191.636243,74,1280985.5769,18,1191621.366355,21,1132688.962344,56,1065173.100539,75,1059111.058155,92,1038259.462826,39,1006265.024965,130,882929.528275,111,855573.03067,129,823040.627743,57,708317.59308,17,702319.500179,22,637768.596584,36,630326.226356,166,594386.722572,91,569282.436726,147,562844.042668,23,552513.738553,40,540136.098312,16,512454.139553,94,508330.284398,203,497628.956529,112,463744.53704,55,449294.499249,149,442352.925329,73,trumpet
2901946.214387,14,2203478.199741,16,1766595.964141,24,1607233.371982,48,1300772.957448,23,1171163.573085,17,1015232.014482,32,923726.623109,25,908038.853981,11,872987.062801,12,833639.383559,79,805227.588523,19,801941.439339,27,730050.505753,15,720660.977147,47,690613.667932,36,659697.250387,20,657844.947939,13,594347.379226,82,582217.552912,63,560046.323058,83,552989.810768,34,551666.077056,87,538011.604478,30,536980.446501,165,528889.750231,52,522527.858412,38,477772.838805,56,473626.785616,167,473032.167401,40,465381.958718,111,463602.249265,158,piano
9042982.179242,53,2940589.584896,105,1728141.26031,54,1296507.532249,52,997457.300421,157,972847.032694,104,911813.037206,51,802994.080361,106,729491.786791,103,672386.788341,208,669969.370383,56,537136.828381,156,500894.099097,101,481825.262247,57,476650.816015,58,454844.739549,55,431138.78745,107,403105.596702,313,392636.883215,100,378119.988322,59,375974.556743,158,370883.285479,50,367075.402659,312,356427.798976,48,354848.598957,49,343737.667128,102,297731.316619,47,283906.085591,45,275474.231799,62,271670.38998,154,261829.260759,60,254564.604478,99,trumpet
9777052.625098,23,1778421.290715,67,986605.966804,30,868594.085047,38,795508.869106,45,496173.18175,66,493043.916931,146,483696.826568,15,416981.741354,21,391056.206586,22,381247.14118,68,357088.053891,24,340847.944986,37,297701.982729,111,276584.711757,65,275559.815915,450,263291.743624,155,242448.587185,39,240112.434218,40,231510.4384,25,223526.959893,44,209585.00982,185,208669.047995,89,202537.596577,14,195272.006003,16,191492.05793,27,187541.42959,26,186412.926572,451,181771.636967,64,174644.716986,292,174100.644317,438,170783.97574,69,AG
7039123.636292,142,4753841.357477,71,3615864.607218,141,2336058.033148,72,1551370.973292,143,1379395.396817,140,1087457.687257,70,989525.681377,73,863799.799367,139,796520.459832,144,640184.391068,138,623214.860231,145,614476.861422,69,596515.401284,74,587052.565705,137,534996.006004,146,473293.165118,75,451074.785066,136,434616.47492,147,412084.001276,68,410788.417875,76,377226.349476,67,356644.726336,148,342005.576367,135,341357.899374,212,339364.891726,77,295962.268846,134,290828.935737,133,288131.145328,66,268422.980006,78,236582.386234,149,236571.363182,150,trumpet
7248717.407242,40,3165256.911015,41,2891464.626108,60,2841077.575689,30,2275984.659694,45,1740764.139949,26,1249976.626737,42,1230575.8305,67,1226123.791351,31,1133066.331335,59,897235.167309,37,865590.912531,50,800433.43091,29,785390.922393,23,718369.52989,61,716759.79819,38,679855.809311,79,679553.693668,27,632814.210599,11,630301.242053,39,603197.695547,58,573954.663696,89,562559.913254,51,551144.980929,111,551064.993868,80,501610.810267,28,448313.890694,99,437908.854323,20,424158.682545,32,412685.783598,43,407221.353729,62,358812.309183,44,piano
5078002.533194,26,3673165.150568,42,3350887.919932,34,3108763.414211,50,2564135.933597,17,2457666.070949,33,2448744.53187,25,1673388.840605,18,1630116.227191,27,1539904.456413,67,1388695.387985,51,1078745.281682,66,973013.832652,35,935311.221681,28,934929.086347,16,879107.801113,24,843101.611548,29,819692.267483,59,790317.052899,43,709331.290634,32,687646.499844,15,635970.114908,58,612004.860542,75,598066.740944,36,589081.616599,14,577579.842536,31,561377.586435,23,554915.551185,52,545542.295245,49,543253.598434,38,493667.101383,13,484652.526819,12,tuba
3912831.579183,11,2687059.279982,17,2520199.8084,16,2251793.456015,24,1509775.30692,15,1148737.36296,48,1033639.886166,20,1023658.17308,32,969810.168304,26,956548.853287,21,943197.503754,79,893839.308367,18,867454.878377,35,810346.017297,19,801693.674485,25,797145.240575,63,771795.511342,47,762852.422915,33,735819.145359,23,645703.684667,22,629311.196504,40,589906.551792,34,553346.531838,142,531693.891422,200,508957.6295,222,494115.215886,46,489907.246631,71,478370.603731,64,472416.384892,14,459345.784719,27,452633.424789,190,443017.866152,55,piano
5314566.249079,15,3173286.266231,30,3161586.33568,16,2606248.673271,29,2205162.892326,27,2095739.245739,28,2038120.141782,13,1905613.679144,44,1620209.87264,17,1539362.789409,12,1340151.308423,14,1086572.883373,19,934404.888629,18,848900.841979,45,700669.224152,22,600141.645253,26,576165.643792,32,562895.551122,21,550116.791581,25,418383.885262,11,410344.116164,20,399908.954673,24,393257.085437,53,370053.41482,48,365675.909478,47,361921.906963,31,354148.723934,72,329680.561673,57,325155.134832,46,323021.835235,59,304211.607874,36,299169.386696,23,saxophone
2249491.24118,24,1756618.988291,32,1422674.217446,22,1375225.32171,30,1342778.731718,28,1332884.940498,34,1267188.817576,26,1168785.079944,25,1122393.325772,16,939826.884785,23,886920.356934,21,836790.697354,53,831709.317256,45,805220.299059,60,771029.538375,18,755930.910195,40,735264.240594,29,715840.198997,27,711184.216804,19,698877.9487,55,671988.29099,14,644447.438565,57,626577.144426,15,611275.478285,56,600080.331096,54,589818.173631,20,587321.556874,41,569496.863741,68,567661.109193,67,563114.664924,35,552788.624699,38,535855.543213,11,tuba
4669302.083305,84,3941265.82831,168,3030491.40415,166,2953265.094286,85,2921988.042735,167,2454931.739675,253,2224683.843434,169,2076330.114285,165,1542836.679762,83,1539261.260042,418,1504546.525215,170,1259674.673224,250,1212309.150929,251,1162672.537604,86,1156691.703807,252,932239.691261,164,843569.905746,171,714161.834998,335,690270.323933,336,689117.817878,419,605504.23638,254,597388.321355,503,565413.825598,502,559449.949477,172,538951.724824,255,528030.619318,247,516824.040923,337,478556.484207,248,459929.608895,82,458942.424213,246,444431.23288,173,426037.301829,334,trumpet
7184219.441872,187,2671235.258243,140,2288713.595539,234,2216679.909672,47,1965968.001093,141,1897540.705011,142,1673354.145876,233,1559795.167121,280,1556850.833387,139,1403719.594962,188,1278310.399627,281,1188701.193645,49,1152041.48619,232,1107469.898397,48,1076836.241973,95,998593.581477,46,963130.592029,327,961712.434913,235,904290.057126,186,811349.427391,189,773540.583744,93,763879.516299,94,655854.875707,326,635678.747065,236,525742.802732,92,483381.032712,190,470281.513345,230,423697.440611,185,417352.636199,237,410598.536903,144,401287.256367,278,379382.794399,51,trumpet
5422361.874451,16,4066880.666525,27,3677274.808919,40,3332521.174709,28,1925758.528779,15,1917317.887326,29,1786644.797941,13,1520793.614744,53,1490995.818497,30,1366052.115767,45,1281181.162715,38,1156275.087851,17,1155281.592329,39,1144364.160727,26,913777.87182,12,913701.441286,31,818583.838551,14,713133.026973,50,711648.044522,41,674661.421516,48,668771.362395,42,663082.830653,37,654625.591777,18,626034.705924,46,616615.368854,19,582211.251595,34,542616.712703,43,531625.885588,59,517089.503597,11,496360.477516,55,493240.927219,20,485534.461726,58,tuba
2812123.944682,40,1993043.886348,13,1884536.091084,37,1791709.533604,18,1604781.505069,43,1529308.202405,11,1482013.415027,19,1475987.473706,20,1419048.335542,38,1315503.285654,26,1203197.290422,35,1191672.294008,28,1108147.762969,30,1050367.377025,23,928824.332862,25,912933.052872,21,876365.046698,22,848038.405896,34,840522.691488,50,814575.614353,12,810453.030778,31,759394.449116,17,663378.643763,51,656666.75704,16,649557.833542,41,631003.795179,78,591174.854463,49,545946.486257,45,529055.171409,14,505576.788811,29,493904.465941,74,489738.294083,58,trumpet
6702466.354177,30,2798256.997681,16,2415545.614689,29,2382074.018285,44,2167909.153752,15,2136895.258045,25,2031716.212297,31,1754369.473984,45,1718666.402825,18,1530568.970921,17,1393049.532079,58,1176573.479524,59,1068547.006604,22,1010217.577576,60,863111.185071,21,823828.496146,13,745480.843066,27,734449.433273,117,637905.496559,14,608719.67708,12,594097.293562,43,581412.793956,28,558589.666964,11,545509.838127,32,532250.499071,39,532034.610105,26,515385.777622,33,486505.604483,38,485833.292059,24,471749.317079,20,435167.034787,160,435096.356636,102,AG
5027306.563252,36,4879230.80178,88,3263920.414576,19,3227301.278558,18,1814336.0766,87,1633136.001094,35,1559438.996406,53,1555818.457815,37,1475766.09385,89,1232713.166315,54,1110117.007383,122,1104770.330639,123,1101611.0022,17,1035514.48407,20,1003330.677753,71,925510.65357,105,923168.239402,86,868291.852379,38,837040.185554,106,764855.051429,90,730667.939179,16,694085.726722,52,640656.584503,39,632447.796171,104,623819.298448,34,611090.269801,70,597784.419981,85,563203.766246,15,532510.717935,157,485068.525078,51,477405.28547,91,460892.057276,72,trumpet
4537927.636718,27,4070560.961028,30,3735565.864421,53,3655863.994913,40,2435315.098848,52,2357120.414838,14,1914829.751679,45,1826850.188468,26,1653653.336661,44,1253284.152758,43,1153137.426417,54,1105846.588194,65,1030432.610428,66,1011423.268478,29,967208.446229,59,926468.127086,31,923669.56301,51,874533.855,39,861638.631886,38,858471.966896,42,748804.568372,50,704505.361715,33,686057.678171,16,683530.451303,41,616972.228426,25,581376.116838,73,579859.044572,56,545613.618046,37,483679.329687,68,480467.313955,24,458327.627374,23,432846.426045,32,tuba
6949732.166784,167,3967591.150931,84,3860804.618529,166,2170406.813973,83,1886208.863421,85,1314258.900839,82,1267236.953859,249,1227717.206802,332,1071595.82775,333,1066819.058692,165,999386.245741,168,888523.286946,164,751726.321156,415,682848.016817,248,661380.381683,87,606817.291661,163,573631.834449,79,569950.229839,169,544880.099456,331,528025.379305,86,503917.389629,334,487602.023869,162,480811.548698,80,461667.656561,250,454009.830094,330,442224.533247,416,430579.577538,251,415598.133757,498,397750.859796,161,390652.821028,247,361608.645202,335,361316.364924,88,trumpet
4970975.859229,27,4159823.851165,19,3609187.226987,18,2839115.338293,36,2331002.872126,28,1667937.327911,37,1357458.214542,45,1200904.470445,20,1053313.363721,16,935765.898123,29,921549.060693,17,908970.803741,63,857219.067985,24,818518.006786,46,797263.739518,21,712636.414311,54,676853.22557,39,672350.081371,11,658215.405521,22,571811.305775,47,540168.018838,35,538519.876199,25,523448.281656,56,521625.371854,64,515334.435397,62,492495.143093,12,474738.540824,15,455485.997756,42,455278.448173,31,430236.507092,58,424012.641993,60,423340.674694,30,tuba
6126494.477228,141,5068579.797379,211,4241578.759539,71,2891379.919461,142,2682402.213569,140,1101398.369482,139,912509.592982,212,912473.422504,72,852531.063212,143,698605.328845,144,629049.24686,138,520764.94787,145,468664.97504,70,428754.681649,282,420504.09415,137,410437.553418,146,398519.242703,136,343533.525974,135,295201.985975,134,269212.257959,209,263778.899815,147,253851.392192,213,246404.997523,148,234743.794101,133,226835.178894,149,224970.30636,132,211282.19982,214,208893.833746,73,203097.836865,150,198301.571022,74,186505.506177,130,186062.87514,151,trumpet
5544307.565328,27,4387699.368989,14,2087616.340415,13,1627859.35822,29,1592929.341231,41,1586707.004848,53,1440633.84642,28,1423644.379356,11,1339850.77659,18,1287223.816392,34,1245880.093506,22,1218996.151439,54,1217643.759149,38,1213630.784753,26,1064526.51204,15,1036584.17216,59,1014528.189593,20,980042.105313,60,976313.512995,16,923412.116815,21,922813.512602,51,915043.583874,49,902025.306374,35,900212.04244,17,887779.148565,42,878720.863803,61,834949.527249,37,722055.34864,70,716631.696967,56,714103.980424,58,711896.367792,68,679259.299805,85,tuba
5682707.846284,71,3571616.007487,36,3265535.541777,106,2940757.107765,142,2246285.798865,72,1827147.080441,104,1821405.095021,141,1597146.16472,105,1491430.812752,175,1425188.392695,176,1358785.884666,140,1269868.991527,143,1249311.358158,107,1213765.652257,139,1109022.646085,212,1051631.654342,213,1011193.50607,138,994475.955362,70,817950.883177,136,742375.105991,37,693564.595097,211,692365.328011,73,687821.468622,210,666851.992312,144,642837.031159,137,609407.747082,102,608042.553822,174,572592.874096,177,522363.01579,103,499712.197382,248,494933.645394,209,472260.804429,247,trumpet
5508354.507039,25,3858509.849744,12,3503381.57234,13,2562433.025908,14,2081750.989549,24,1963708.589264,26,1797365.638931,23,1691730.620255,11,1626746.025699,36,1428151.548122,15,1370955.646433,37,1204189.335179,49,1149278.441223,48,1120475.202554,27,1100529.11304,39,1080386.928681,35,1028827.768724,38,865327.437407,29,862930.546521,42,706598.099767,28,696970.878078,60,687186.601477,41,676909.990241,33,647579.920531,18,564578.800209,40,563669.019728,50,550840.498475,17,526008.19472,16,514987.376921,34,421504.796304,30,393169.904109,43,388664.739023,54,tuba
5792004.799028,79,4873918.928976,80,3008220.830398,60,2517229.144832,34,2454174.159066,89,2138544.16029,78,1927676.052691,81,1583160.534144,14,1511949.868877,67,1104230.105527,59,1009769.856095,82,981629.317183,77,878643.485894,73,872170.223638,83,814776.000262,76,638774.669113,84,619711.061813,75,576093.230231,61,563815.245638,47,529853.761034,119,520474.721598,62,510371.201154,27,504935.281127,74,501973.336377,85,489863.402663,86,485307.199486,72,464400.366431,90,433087.489589,71,428782.763484,68,395521.827142,40,373597.737812,70,368849.506739,17,piano
7918875.502828,64,3686730.548569,95,3289518.977688,33,1660516.968666,63,1652170.077588,32,1337106.572438,31,1299057.725054,94,1073465.927616,34,865575.779064,96,812444.087415,65,808209.255213,158,700389.982366,30,643063.864367,35,596944.782224,62,516708.975986,93,482946.150316,29,479536.554862,66,447546.61036,36,383554.96795,28,377024.290959,67,327841.394318,61,324867.453227,91,320238.849481,37,316192.03039,68,304687.404184,27,299995.114264,38,299203.067506,60,270159.620986,26,263499.63038,69,258928.485932,189,258232.939627,92,237581.758424,39,saxophone
1922876.932822,20,1808530.680027,26,1555195.930308,43,1516995.804027,22,1303332.610867,42,1283661.091512,11,1226209.540924,16,1158716.81852,31,1122954.927164,35,1107146.553093,14,1060510.325619,52,1048272.348008,38,1019350.372255,17,975579.604,40,950505.261003,53,945646.690727,24,868700.405552,25,842833.467928,34,795468.335072,33,794076.439552,30,774586.726878,180,767229.559382,48,746974.543299,49,723253.357925,18,718127.71352,27,717855.850711,23,716247.581107,19,705971.887339,192,705607.327348,44,702822.237897,186,695917.947038,21,695059.059343,56,trumpet
7667894.552191,60,2764070.308964,27,2469516.316615,59,2395927.918436,30,1566535.272123,53,1513578.284126,40,1502690.585176,31,1470835.907467,34,1358509.636619,61,1291531.406993,178,1098201.782387,58,1090533.572309,28,930258.944071,29,819645.89717,57,804270.525375,54,794704.717132,80,783122.536434,67,722815.51747,79,672932.741618,56,625588.384551,149,602201.037802,119,594805.445052,62,587717.727426,148,580418.393798,179,524067.021716,55,521692.433583,32,446530.480234,106,445459.264244,63,442317.802291,52,422143.359923,41,392495.651892,64,369996.347729,132,piano
1029090.492079,15,639762.991976,22,572427.84163,12,530972.233505,27,507906.798003,21,482149.150115,23,445713.902355,14,376956.190543,11,366891.17025,19,361612.518948,13,204781.117157,16,203059.080877,17,192167.980102,28,188434.742951,32,174425.387464,20,164623.977161,26,157217.927491,25,130442.569723,18,119776.936957,29,105212.430184,34,97354.015435,48,93248.772882,41,92501.630145,39,79968.221083,37,74651.063244,33,67086.763122,40,59330.854918,36,56306.364868,360,51165.110723,30,48563.292013,72,48370.671647,38,45776.432108,31,saxophone
1471122.883593,29,1444570.879143,20,1349310.038453,40,1293287.941712,31,1187692.87054,36,1183611.511025,35,1129186.00294,32,1104845.906244,30,1062258.552495,38,1002668.425274,11,981943.047413,12,975663.264692,15,933202.923462,58,930061.389623,34,923944.846239,16,906894.204905,43,884983.909005,52,834728.603718,17,818210.915142,44,795673.598635,23,776394.539305,24,727108.646881,13,715293.700946,18,708828.220652,33,706366.650347,55,704865.126251,41,670415.451946,42,644443.076475,25,602129.70091,61,564179.16999,46,503781.426878,28,501239.973957,22,trumpet
7634078.349336,85,4471130.510833,169,3178481.672013,168,1848695.11195,84,1574757.063286,86,1323894.539845,253,1263330.002089,170,1001313.541527,167,918097.44746,252,697321.817257,83,586524.542443,87,585515.879783,171,500025.970534,166,486506.824134,165,472638.141908,337,469598.857197,82,416941.153918,172,370835.812019,336,359150.801409,88,324392.473031,80,322981.085826,164,283183.485815,81,280988.697502,173,279902.973693,90,265751.883072,174,253493.620833,420,251482.288719,91,245720.056637,163,232310.138128,505,222643.406952,162,220360.066634,175,207074.927758,79,trumpet
2785299.598814,14,2716216.149401,11,2699932.376971,12,2623490.064431,20,2425566.2316,17,2405501.945112,18,2149068.419326,19,1769646.217564,15,1760832.472758,25,1474636.42167,16,1243054.152215,48,1241100.573114,31,1144704.838716,21,1071611.025591,26,971746.108561,27,931220.708447,13,908028.651858,40,897254.271487,42,894131.037399,22,850173.259659,39,739118.643291,62,733531.748346,46,726231.363428,23,715449.599056,24,673679.411496,32,664028.69138,38,656166.473811,59,616964.753474,60,615818.460333,50,562264.633454,57,553036.871523,28,532425.319342,58,tuba
5952526.536768,23,4999800.069216,22,2577382.991812,45,2355166.938767,24,2200675.252537,21,1990270.418546,26,1301786.578874,155,1293765.853033,156,1288070.928807,133,1223477.566418,67,1194577.915084,25,1170405.744481,44,1082702.202409,200,977648.285859,134,937014.575852,46,923463.217225,201,836732.034641,20,652571.014161,68,647548.517961,314,601383.117324,111,577901.135809,42,545506.052986,337,532218.047078,313,516475.414233,199,507960.492101,66,487001.445868,43,468512.540909,223,467659.001932,11,445485.291151,132,423862.630424,56,421910.662385,110,417055.262018,47,AG
2440865.35223,14,1580942.049214,32,1423768.230984,214,1371978.542047,29,1276203.535274,25,1144910.870949,17,946662.968241,23,924369.494271,215,921897.102451,18,852106.708771,11,846250.911992,24,837276.483524,38,815625.61816,118,808697.216088,22,806244.254126,59,774523.171229,28,770177.431293,20,761507.009167,67,756545.663322,54,752054.744143,41,736734.451775,35,702067.892772,117,694583.33988,586,685310.393806,19,672005.26362,12,653333.884183,72,650453.649774,30,616537.312351,107,603122.510084,121,591876.193397,40,591021.658859,179,590237.769726,212,tuba
5598045.835182,23,5593377.585229,19,3362310.888874,28,3343567.387302,22,1253057.390399,24,1052115.849695,45,1047992.989051,21,1043701.213416,15,1011738.743593,66,935570.897306,20,911895.293681,44,890721.362847,27,802366.302346,26,791687.984987,29,764442.962968,67,707357.015024,25,651917.724646,30,634660.942456,110,554807.796016,16,502250.381589,154,494075.215901,194,475221.325246,74,462792.096843,55,458006.250038,132,398821.415898,73,382988.762698,50,372396.635656,49,359397.4246,37,328819.320628,424,327169.27731,14,325130.629326,47,300646.392422,98,AG
2916083.215957,17,2452530.231913,23,2237410.791322,26,1902853.614076,13,1825884.302615,19,1764720.914968,15,1417592.107971,18,1350789.981665,24,1338558.660145,27,1328643.573178,21,1177336.568946,20,1109310.058388,11,1067601.426081,14,904224.725976,34,876191.88207,32,830395.228203,25,823358.731949,16,713488.077033,12,599255.944072,22,578065.085642,57,567054.011152,33,489385.564638,31,486184.544311,35,457019.043589,69,452939.051638,30,427026.677757,29,426479.161512,73,411801.760981,109,406437.828254,56,383233.195804,49,370681.096024,121,359757.092861,111,trumpet
5227846.400466,20,3936971.483799,11,3431515.686172,34,3302768.06278,21,3271568.047524,10,2972251.448765,612,2928769.915492,18,2797089.711723,954,2749663.352017,19,2731523.827801,37,2722611.930608,666,2419714.039819,1103,2419000.881584,970,2404735.392588,606,2389840.305333,9,2358021.573545,605,2319596.268991,35,2316069.325774,809,2305951.411612,22,2237418.136433,613,2212505.553125,808,2203933.398253,1090,2199296.999898,1004,2156798.116003,942,2141625.589029,624,2101751.669336,15,2067964.93911,48,2037633.884806,33,2033702.954716,1085,2023464.556198,24,2010312.832025,1046,2006273.550073,576,saxophone
5085974.186396,42,4649767.842278,21,4466483.929648,25,3663399.171464,22,1964794.321236,18,1842783.010448,20,1494130.432307,26,1289641.099115,19,1111619.190867,17,1062637.906715,16,1027653.812534,24,1016490.882222,23,888618.280742,62,753727.048348,34,695771.304744,27,668850.173728,63,546905.395742,98,545789.871594,74,542179.114966,73,537466.136647,33,501201.721325,14,470529.729282,11,468274.477302,15,462284.099105,124,407279.131801,28,381597.407572,13,376142.454111,146,366123.464605,65,364947.086288,44,364882.34529,49,361867.949368,31,359835.647807,29,AG
2419164.612384,60,1845566.404672,122,1653867.88723,72,1639819.856167,117,1623762.516571,67,1594335.492845,54,1483358.358386,45,1478962.589712,22,1422075.993588,118,1385152.016692,121,1383145.913161,26,1349383.587904,75,1327859.842193,116,1318390.19545,65,1297612.14031,125,1292355.35858,52,1282916.501923,154,1266795.339249,110,1263023.80019,38,1200526.934561,29,1144845.257639,21,1127689.423908,47,1105840.001785,107,1098224.319088,39,1075583.881515,27,1059082.157061,34,1022509.908258,111,1012354.506283,123,994294.54451,98,980012.589274,136,968868.892892,109,951111.166625,37,tuba
5591434.009885,23,4252538.177291,30,3535143.250478,26,3389375.224628,45,2486347.502103,31,1899769.414241,21,1741468.986042,25,1641114.56689,16,1264657.228711,11,1244161.678524,67,984989.000803,15,981767.62767,29,972963.285906,89,927062.787248,155,874035.495957,32,726445.139195,22,701810.938789,200,701493.915427,20,682642.153842,111,670189.073452,133,639482.065721,24,603290.77458,33,571799.170883,44,550056.417938,46,503393.381887,12,451802.720303,17,448366.292194,19,428327.685859,34,414149.709759,18,412950.864976,66,387492.971561,13,364162.861538,14,AG
6019039.876613,25,3189864.991713,49,2431050.288002,17,2416652.979543,16,2194374.03905,18,1961866.314251,73,1940990.780763,50,1866829.13782,74,1832500.406843,34,1749908.418423,33,1372350.887303,414,1256069.929882,15,1211859.378974,98,1028555.361732,19,1003275.389769,48,934452.808524,51,835855.74901,14,792133.566834,99,748364.598874,32,747761.433855,20,741870.975116,35,705396.410374,97,676335.176259,22,663700.271894,72,656962.820758,115,635047.384966,75,606118.048274,52,593136.972744,11,587763.789196,41,576951.955223,26,572722.323168,12,568273.933642,146,AG
5779291.119395,47,4997925.240259,48,2852579.201334,39,2599145.498577,41,2421375.312201,49,2322974.224952,46,2152574.696978,43,1846749.351617,45,1318306.369089,50,1114554.850126,36,1062692.700122,37,904414.065493,51,827042.101789,35,801623.51167,72,715284.567712,40,678872.943564,52,645004.45689,107,627792.533706,70,584051.051196,71,513093.890148,53,476168.768248,108,452963.091287,44,417784.739711,54,394717.143981,105,386547.326308,109,385924.745187,74,359481.543165,55,355284.156677,68,336503.918233,106,324328.629298,69,319911.525627,38,309956.410209,143,saxophone
5445715.305259,24,4391914.338435,32,3133475.125425,16,2706630.751354,17,2487948.82517,25,1504664.457532,48,1449172.178729,40,1295310.453266,23,1214204.671852,15,1147641.534313,26,1115108.839957,63,870249.242719,18,830786.712632,27,821962.202536,47,792109.545242,14,729559.865411,13,712415.242156,49,701114.32537,33,690429.541665,11,688379.103831,12,625363.066411,22,547052.415515,31,540098.793405,34,461797.700285,28,458220.256948,39,438250.369114,36,431738.866026,29,426245.29762,35,422686.133425,50,384211.44003,46,377021.074004,71,364751.039994,19,tuba
6224650.032709,43,3555633.108873,42,2576396.274095,63,2459598.687595,11,1867658.652727,22,1658723.171548,84,1550824.511807,64,1489336.946321,41,1454262.847101,26,1389862.925106,12,1248070.925812,44,1174742.967856,126,1098711.472421,85,995613.226053,40,956855.315745,148,937193.812109,21,834951.047827,180,823137.671781,33,802989.94509,105,788030.606296,190,763432.52351,39,705341.290671,38,694740.022526,27,690017.493542,65,644115.745945,32,616432.463943,67,605221.660558,191,602939.301934,137,590208.212443,28,583761.309534,46,578937.721979,20,573956.979494,147,piano
5250514.338816,71,4598489.231379,105,3859512.746782,140,3387148.838572,106,3108086.12553,70,1512695.317556,72,1289204.45973,104,1217509.705055,36,1208445.599566,107,1121129.509402,69,953176.745336,73,872741.886114,141,855981.898859,139,777843.55845,175,766817.074222,103,762128.399045,108,731203.577053,74,719025.615278,68,608138.18932,102,561630.501864,67,535975.49266,109,530102.570263,75,498262.781571,110,436022.119036,210,419253.607495,76,413822.892694,138,401220.918847,142,387201.21914,66,385154.332595,100,383976.961852,111,377910.486395,101,359938.06573,77,trumpet
1891010.427233,11,1639257.278106,13,1490493.507816,40,1405352.307063,35,1334851.152535,55,1322231.933352,37,1315035.325658,16,1265748.280444,25,1173257.606852,12,1114481.433916,48,1102906.515065,28,1048456.139052,32,1031595.250398,20,990814.928624,19,947670.178027,34,928305.786178,64,927047.893223,26,845083.505394,57,837064.87171,24,817198.001658,38,768602.440424,23,722942.979728,49,713051.247162,52,705289.719427,33,704467.267406,15,689873.120548,45,687016.925784,17,667130.458925,46,667050.034943,44,582070.607876,42,577964.952963,29,571351.306393,39,trumpet
5389126.241072,106,4932399.601689,158,3731441.63324,105,3017479.592171,53,2804770.590135,157,2453195.17315,54,1386366.112069,210,1298518.428638,55,1281192.777348,104,1123155.67924,156,805647.824733,209,680000.194314,52,649298.793187,56,635234.659935,160,609630.611551,211,597215.325455,103,580927.628708,108,560110.841893,155,500745.337445,107,429750.81078,102,426342.172435,109,425338.927247,101,398133.266622,100,393722.806136,50,381447.994815,57,373208.247385,49,357573.907745,51,354185.465691,110,313764.161637,154,307560.25433,58,306365.477362,162,293745.048824,161,trumpet
4635005.421826,26,4545212.800028,38,4362781.490015,30,2692229.723277,31,2137548.327815,16,2027013.666573,29,1911946.823879,112,1856040.780187,75,1736614.878476,45,1480365.324687,27,1442825.891268,28,1298728.689952,11,1079407.870226,32,1043736.230068,15,803044.582121,21,796616.644538,25,792495.727358,17,703514.042173,22,622241.108811,89,620623.996873,23,617992.71194,18,597534.095557,19,553921.979914,186,534047.835783,20,515856.133441,74,497812.235657,37,467009.16819,33,387410.167902,34,377946.784125,39,368122.094648,111,366114.437663,67,357298.840619,76,AG
1969319.882514,136,1835477.033667,115,1810712.445203,66,1626934.891788,72,1590226.004218,73,1572767.046198,138,1498941.450781,137,1484553.666525,106,1370856.056835,171,1296225.499983,76,1266015.603485,123,1227074.78532,128,1226858.971682,119,1217269.849368,122,1200102.755049,32,1094350.438126,112,1092491.443474,120,1065837.139802,118,1058968.294178,67,1058856.489775,20,1045357.709767,55,1040874.690358,111,1040379.231012,195,1034442.689597,77,1022586.953965,172,982877.456972,88,978526.164345,105,978508.434599,22,976163.264671,41,956786.562707,249,952484.826705,70,940712.834353,42,tuba
5784553.38277,26,3627140.277918,22,3342314.055599,25,2904783.332284,23,2697500.487756,75,2168879.024246,21,1913692.973218,24,1710612.761841,125,1555279.486932,20,1405419.017123,51,1328915.948673,76,1273751.818779,100,1070042.670071,200,1030808.336937,50,893929.80649,124,831258.952852,27,820994.615236,175,688925.233757,150,647861.330527,123,570543.221631,30,555052.240664,11,482026.33046,224,466656.806422,77,440342.266933,19,417179.541789,29,377461.101086,101,377337.920919,49,376031.86464,45,369776.177848,174,365872.077089,52,362693.56828,222,356881.360766,13,AG
8762332.211176,48,3737279.017573,47,1924055.610092,49,1286186.98012,141,1164430.289621,46,1062054.185804,50,997706.743698,43,802304.038267,45,722041.414774,51,626500.466686,44,548422.784321,52,472721.121012,42,455899.87851,53,406482.37023,41,393786.743047,40,377964.525706,54,334900.139297,39,327037.118988,55,319340.917434,38,288557.160667,56,283623.843538,37,271945.411036,142,259891.053468,36,257441.859654,57,243811.392689,94,239777.4032,35,221865.16986,34,215563.561399,58,212333.077122,33,206773.90991,32,193540.659401,59,192202.856143,60,saxophone
3042840.998976,16,2706866.626444,24,2643813.7887,127,2105852.363438,18,2097868.329038,14,2010383.132831,12,1786000.361432,128,1642914.463,13,1589953.394063,17,1332083.818286,27,1285091.518804,11,1263662.03678,23,1211191.217183,129,1157102.410384,25,990526.955884,239,962085.965781,29,952399.547548,45,918093.135537,15,890292.584725,19,882452.040265,56,805714.103003,28,801556.998827,21,792316.758514,126,785419.877204,33,752487.029031,114,725351.783919,38,692374.162788,111,678753.783668,43,676861.749407,34,665187.340019,107,649511.025912,41,641439.24785,40,trumpet
4052641.600133,14,2799654.972901,36,2653452.001066,27,2624594.567276,53,1909144.7146,54,1762454.530389,71,1599697.621229,12,1584757.680149,18,1584534.673689,21,1540158.329796,19,1220352.471772,47,1203692.197067,20,1072317.108656,40,943987.775257,106,929754.488411,35,916732.637523,154,849283.426245,52,834500.207465,202,784329.322506,186,757368.947248,195,717625.290064,13,716077.449073,73,708199.17582,93,690581.393173,209,686382.869699,210,671351.015518,55,666776.188894,140,659035.218911,26,634024.044499,34,593113.785124,62,566167.357746,267,557796.792942,25,piano
3882671.637401,38,3113531.299006,75,2647966.568804,41,2554771.06226,59,2311062.910984,79,2121031.62818,40,1948719.644137,60,1909876.981967,37,1906180.185037,14,1755405.341306,78,1746244.288321,61,1706420.346285,39,1642378.509544,58,1619941.501942,80,1394268.378629,42,1327175.268531,81,1310507.452289,62,1239069.054817,77,1075447.771989,76,1017847.233338,30,1010719.131397,20,1008819.850952,31,983075.988424,67,888850.732895,84,804828.455241,74,797681.526992,89,791816.865945,19,784790.882717,73,781308.976705,29,776494.392631,57,767447.204683,34,744395.023982,88,piano
6126287.065277,100,4822623.427122,99,3300217.760558,34,1902738.983036,101,1866910.336296,67,1549097.248921,40,1538347.984178,98,1343676.687221,132,1255024.683178,231,1141451.216044,133,1081997.984505,102,1004090.938325,97,968978.310431,30,805644.88345,103,790447.020813,66,742602.946496,35,734366.796455,165,715138.104682,96,641238.383678,21,618373.863004,166,587230.926935,95,584131.977658,14,547849.655306,104,513048.510367,198,511650.694139,94,503069.932163,232,498165.087488,89,493568.588461,20,475273.65119,11,443221.253029,131,429169.056912,264,428979.939841,22,AG
2464061.292835,20,2040906.776594,11,1862842.159812,40,1368340.563265,12,1362948.032776,35,1340063.502309,28,1310920.413486,16,1270729.877588,36,1225661.865462,49,1225430.779724,41,1190178.658026,15,1111740.333971,26,1083294.054709,22,1052839.05664,14,1025721.008185,13,989689.946931,23,956564.390144,34,899472.077768,19,890950.7281,42,842235.907916,21,838744.288611,58,837738.115966,18,826622.551735,56,824541.805323,65,803865.049147,64,800214.752644,37,745090.852838,39,686015.067973,50,680406.074032,55,656593.032089,31,653271.615095,29,642202.407731,32,trumpet
6868232.80435,42,4533704.876663,43,3848559.692112,41,2714599.429555,126,2277428.553653,40,1411941.678381,125,1070799.048161,39,884180.867451,127,799625.450138,121,764855.79662,120,711605.512556,124,597177.938146,119,552065.422232,122,551622.776475,168,507495.095393,128,431216.423731,84,404870.633896,44,397340.56148,118,341824.923397,167,339816.714303,45,335115.728447,209,329330.937335,251,300951.94321,38,296644.802908,85,253832.875187,46,229532.198918,199,219237.230545,36,218171.603988,123,218024.002857,210,215711.154952,200,214266.690616,293,198656.364963,47,saxophone
6892789.840372,23,5167292.453346,22,3079302.294345,21,2778717.549891,26,1864477.89587,24,1307130.067835,25,1292545.487923,20,1066863.849972,45,769863.796043,12,677772.948012,27,636831.401727,11,615633.953119,67,472569.709254,28,441882.689624,17,420277.938749,18,409915.910798,19,408557.003597,56,399437.982443,34,391663.627679,111,383175.510705,155,365364.801131,29,316534.264184,30,285925.458389,133,283322.704717,43,279349.288116,42,276331.358444,200,256222.585072,47,237014.807326,156,236142.801986,33,203265.237527,44,203011.15899,100,201348.607359,50,AG
8763670.847452,27,3594772.450513,14,2035458.774422,39,1351618.136899,15,1289435.770877,41,984437.621284,16,900487.060005,13,801346.841646,40,703878.748555,38,648723.25821,37,516630.785773,23,515910.911768,24,507199.917051,42,472804.230686,28,465114.704223,25,451380.866293,26,420878.301065,17,381161.510755,19,365021.515278,12,350723.895733,21,349726.539933,43,327536.221278,34,303016.236678,20,297822.352788,30,296804.593483,53,289157.610059,18,282384.156959,11,267337.7799,48,250545.320273,47,243180.198286,44,237910.406878,45,210225.435116,54,tuba
6522335.080343,126,3548318.936692,63,2642767.833407,438,2549709.695449,64,2180057.33447,188,2052688.101339,375,1723492.830552,313,1457816.685857,252,1440267.663118,437,1348165.101398,125,1261162.053221,376,1224200.598136,250,1224138.796,127,1152508.725349,62,1137717.662929,65,891351.485697,189,772246.711221,377,743638.708983,187,712554.459231,439,701469.911416,61,605633.076573,66,529654.900501,190,527538.644848,253,508841.236114,60,477711.054776,128,473375.899145,67,423649.667012,251,409005.030462,59,398753.087515,191,392682.604722,500,378401.237247,373,373754.325409,129,trumpet
8921207.160015,64,3172432.03566,65,2156648.333335,63,1516225.694858,66,1085831.36714,62,888004.413249,61,834642.938721,127,711970.471303,128,646757.17118,67,603296.579882,60,549034.990252,68,512122.057142,59,462075.108349,69,395641.899548,58,390714.208235,253,375193.473784,70,358411.324097,57,324915.343963,190,313056.177124,56,306652.848523,254,287861.714682,73,285866.288089,71,278722.694953,129,275573.814607,189,274721.247096,55,269154.890457,316,267162.077966,74,235875.33119,54,226789.27346,191,226707.484076,252,222392.365701,53,207961.836337,75,saxophone
6082473.024397,14,3120485.746357,43,2783970.484746,15,2630064.713981,13,2151319.787334,44,1526274.474924,42,1371699.50719,12,1285767.998754,16,1241644.445036,26,1210710.356566,89,1145440.997256,29,1144854.047808,30,1085890.464229,53,1082417.083683,45,993745.064133,23,964753.415985,24,846608.008043,88,840072.96841,41,823736.659692,80,802494.36757,56,776822.936903,54,766392.189236,84,731679.052795,90,715077.084711,32,644286.494088,55,638813.960024,46,636522.766027,270,619629.494758,38,607174.366455,35,602690.266541,99,598236.00038,269,589105.813095,40,piano
5707406.183952,71,4133223.056196,105,3860684.777776,106,2905362.084589,70,2898440.96578,140,1637649.472167,141,1412554.650143,36,1409737.185486,107,1371429.372876,175,1356042.510202,104,1205251.772319,69,1090392.541914,72,788237.96179,103,786233.960061,108,724726.361127,68,687528.414746,142,666008.050329,210,661300.388045,139,657940.273549,109,622598.583749,73,608136.0544,67,530227.065487,102,520806.490553,110,519415.635259,74,449427.173082,176,428713.830746,111,387841.716381,112,385912.73617,174,380579.863085,66,360554.518904,101,355147.545624,143,346390.397091,75,trumpet
6041967.239054,34,4491556.818883,67,3671144.70774,40,2283342.667985,60,2063175.998924,27,1980238.273162,14,1510124.514181,35,1433228.795484,53,1142879.459917,68,1102295.724115,30,1015206.95428,36,937799.396231,21,936114.206302,133,857056.776644,100,855812.560273,65,848958.842988,37,818569.840453,41,789904.500994,69,771242.600072,32,695257.838373,99,581732.795504,64,550083.611262,54,533725.215366,59,522550.503003,25,508325.637657,70,495853.332518,26,485565.331633,20,481620.18745,38,475624.233665,66,468106.057849,33,449693.555766,28,426858.080924,31,piano
5504223.384052,14,4992345.982805,13,3646519.196515,38,2777075.64917,39,2772277.082064,26,1908796.747827,41,1897060.006542,15,1595554.283005,37,1236732.493666,12,1009123.224953,51,933446.605957,30,840290.567731,11,816649.069472,27,654009.052408,43,623566.107418,17,609250.527216,18,569551.451627,50,535953.376381,36,521847.592908,53,518105.980779,16,507033.169471,35,465747.201925,19,448632.049678,54,445931.33556,25,444783.102962,42,420055.851194,63,368651.906696,52,359919.258452,21,355573.321233,22,318800.371418,32,314098.04059,20,281277.561064,34,tuba
0.0,11,0.0,12,0.0,13,0.0,14,0.0,15,0.0,16,0.0,17,0.0,18,0.0,19,0.0,20,0.0,21,0.0,22,0.0,23,0.0,24,0.0,25,0.0,26,0.0,27,0.0,28,0.0,29,0.0,30,0.0,31,0.0,32,0.0,33,0.0,34,0.0,35,0.0,36,0.0,37,0.0,38,0.0,39,0.0,40,0.0,41,0.0,42,saxophone
4569372.773688,42,4193765.558294,32,3488503.294747,31,3075002.019205,22,2925957.264372,21,2756052.87654,11,1657744.768332,20,1600218.749199,33,1600097.250207,52,1473689.342796,62,1404930.056107,43,1265654.025301,12,1188299.999485,13,1053360.857771,63,998444.974414,41,964507.862278,53,923580.217734,61,888250.646707,30,887715.930193,19,797248.061863,14,740653.600962,40,731006.014973,34,690137.640389,18,640710.847339,25,599819.628991,24,572086.881716,51,568007.322169,15,505270.794126,29,501069.469319,17,483205.58,50,465505.849209,23,456073.944461,35,tuba
5963310.555851,60,5270036.707203,14,2071587.046288,30,1973919.069718,27,1765677.119159,59,1526306.717307,73,1494334.7675,21,1393316.643569,47,1390703.580216,31,1210646.513479,34,1179034.791223,119,1117048.81354,40,1087818.785939,61,984402.780793,17,825854.171293,20,816094.052783,18,777687.093689,178,762293.373192,58,761498.766976,50,727608.343681,62,719522.378886,67,626961.612598,22,608863.748918,56,569816.051828,13,516285.273861,148,509249.248876,51,505037.528137,23,495644.933805,55,490853.410355,93,486192.493261,46,475063.595387,100,466177.559422,84,piano
3663934.53522,38,2966409.924932,55,2949065.576984,19,2789725.670093,56,2392929.691728,37,2316401.329275,20,1833125.874511,92,1714970.831378,147,1632326.942716,54,1562784.569815,88,1433067.102991,35,1324257.81965,52,1291840.048634,93,1142016.714291,146,1136227.111225,74,1118879.107243,129,1113942.568434,122,1099736.818951,111,1059988.65795,36,1037831.15823,110,1002140.027405,34,996571.324834,58,994804.328398,165,951104.014093,51,929267.664142,123,909759.343481,18,891654.044156,71,885924.397268,57,865522.898224,103,821400.408976,90,808102.59888,148,804376.048087,70,trumpet
2503489.557129,19,2197156.201365,17,2100631.00423,26,2079144.236495,16,1811490.547553,22,1741547.471838,18,1720045.879971,21,1495174.679352,23,1401441.817247,25,1301432.895339,14,1284775.659608,35,1133348.434924,15,1093511.554028,13,1007874.297814,34,962834.119459,27,851504.124757,20,823122.253804,39,801083.461928,36,797722.852225,12,692197.712056,53,642748.593027,45,636713.20861,72,634700.556223,75,593924.325315,37,573274.373397,28,518507.877929,54,496927.898428,46,488371.290125,41,487461.317472,110,482162.221932,42,457388.818851,67,457283.721748,65,trumpet
6874749.302544,95,3438075.673626,94,3386788.372709,48,3062838.204561,142,2657589.194686,141,1642028.174029,93,1553125.025849,47,1226041.939702,96,1206309.222663,188,1098034.98856,49,960107.053683,189,954670.874069,97,873016.899748,143,838392.37534,50,707585.503826,92,636962.181631,46,570968.679969,91,498653.329699,140,454683.82088,235,416273.637595,98,416222.179709,187,375156.729675,51,340701.404789,145,329453.410981,234,323139.788158,136,294186.625575,144,286810.684,281,283962.01476,87,274424.086938,100,253320.022,86,248757.124313,147,248526.263823,90,trumpet
8189777.730133,26,3233755.601856,25,2023512.753373,30,1760653.568122,45,1664287.069271,27,1571689.336874,23,1480309.527816,89,1438371.025947,31,1259988.800495,22,1040116.431587,21,939123.131113,24,817686.795303,32,762613.33157,28,638001.239729,16,602102.632067,33,535629.353005,44,525282.391971,20,523763.879985,34,434034.129225,19,432397.968289,103,430112.493768,35,407466.114266,18,373921.879027,17,364530.26275,37,364301.380258,104,352703.924882,36,340347.035052,88,319239.226661,39,317306.359985,42,313406.096508,41,311012.94792,43,308266.009908,38,AG
5251624.435826,150,4167679.169175,224,3124134.403872,223,3016563.841451,76,2229205.908112,167,2059420.040396,149,2009299.598867,148,1810435.050481,297,1800285.763109,75,1650410.061446,222,1256281.929285,250,1196259.860467,298,1004731.670456,151,955351.381001,225,900321.200772,82,894418.33644,296,778550.601194,166,734117.085845,146,672489.656555,447,654794.795963,299,652759.850862,221,612486.402333,165,599844.750683,152,575021.380778,80,559859.783389,147,490399.518218,78,488661.161323,373,487768.020881,332,485947.366032,164,479095.79932,79,443809.227956,300,438330.008058,251,trumpet
6406597.62706,48,4862049.150958,49,2296089.000434,47,2149969.715633,94,1824326.954326,50,1732511.34683,141,1128110.301553,142,1057323.538271,97,1033255.065614,45,992515.200355,44,971641.712488,92,956742.30922,43,941960.681471,41,925516.928038,93,908303.793946,42,851345.606128,40,700979.68537,39,642770.442474,53,624308.702711,91,610968.612794,187,609320.983425,235,596790.778531,96,587354.543054,143,574136.752814,51,551889.473332,38,530342.74347,86,523296.895714,189,519277.892631,125,517193.50723,127,515874.50999,88,515232.174611,126,510024.817296,84,trumpet
3078702.50397,11,2375833.06372,32,1906863.368581,17,1876425.73626,20,1856655.505659,16,1796855.065915,25,1750405.697337,21,1684469.544719,35,1662276.435018,42,1626638.531008,26,1566932.758392,37,1474740.384667,40,1460354.471874,31,1440090.496181,36,1409575.350041,38,1277565.917762,39,1266475.007918,34,1194301.069962,49,1152021.954781,13,1050776.608564,12,1036160.972385,29,996596.065123,51,952677.378255,19,952498.058197,23,944774.375098,56,810073.803579,24,805446.240078,41,686071.304796,85,671217.42879,59,658238.53158,28,656351.84132,14,629336.888476,53,trumpet
1701800.250541,41,1687094.207351,42,1573925.181855,39,1291963.781264,11,1190396.351678,35,1152895.854533,38,1151278.585316,20,1069051.427695,34,891163.629167,49,867478.388661,40,860042.815052,36,855882.932644,57,787314.046473,43,734704.633669,32,728221.126386,37,719097.671008,64,715758.521421,25,711799.487408,56,692048.888751,29,671590.56858,14,641061.091736,28,631731.711598,52,605117.879412,16,596754.11513,31,587439.289216,55,586908.576288,458,554328.673512,21,541199.34707,280,533981.002455,467,526583.47488,177,518162.024576,109,516639.326042,189,trumpet
3785740.508057,27,3428561.817124,100,3116212.685876,76,2374866.89822,125,2270859.618347,28,2084214.573386,150,2011473.81862,75,1937596.875184,52,1926572.757373,51,1885920.87249,26,1786489.456588,77,1746389.367884,124,1663905.219239,55,1404934.02486,56,1270322.609079,25,1245612.665751,82,1239531.778704,83,1195200.962534,54,1113279.606419,81,1002916.202015,84,966478.414382,29,932663.3733,147,919188.429418,103,817864.517337,174,791773.693192,57,778206.840436,104,738053.355926,175,721451.204426,85,702114.479033,99,669042.211661,101,656441.376802,122,652743.75453,24,trumpet
3928103.47952,94,3823672.160126,71,3759573.616731,47,3530384.283588,24,2925502.422251,117,2666384.446933,70,2286039.1362,48,2202086.580029,140,2119234.840398,163,1329820.155722,93,1159709.562314,92,1088541.634746,46,1037510.960083,72,932218.019461,69,888824.775111,95,831390.775046,49,743483.1447,164,675047.959636,23,669288.932789,91,661462.467818,68,635615.759691,73,590197.218796,84,589371.512453,45,564818.501695,25,561264.834099,74,551017.451131,22,490883.643352,90,456459.42055,96,432396.633854,50,426625.258121,116,420510.983322,44,400567.805294,83,trumpet
4391386.971218,13,4148744.638289,36,2787275.266448,12,2304975.94425,24,2222622.127592,53,2138222.715277,18,1883566.308267,25,1752372.164444,71,1740534.172079,60,1547166.679115,83,1363982.597335,54,1342979.090357,141,1275545.004049,23,1271383.121735,14,1149318.239768,106,1114583.580865,27,1100520.463687,174,1031110.731521,142,972514.12731,15,972501.866123,89,826129.895442,26,735691.56325,17,678702.937868,19,662305.726186,48,662135.068838,153,613374.04977,11,550655.009791,143,540470.359356,55,520689.812472,72,518959.846196,16,513548.846463,154,512373.472614,137,piano
6676030.734678,13,6164555.496003,25,3458769.417447,37,1344011.414717,49,1329891.858885,24,1121551.915787,36,876449.404084,26,681852.49909,38,661541.269926,48,602420.121771,39,556502.082379,23,460471.997365,40,448422.632195,35,442528.191632,14,394214.71728,12,380783.754963,47,361286.892297,22,359326.159499,15,353799.306997,27,349822.959144,45,337918.466052,60,283730.548556,41,280355.62696,21,245836.500906,44,244008.220311,46,229119.274833,34,216960.115604,43,215901.141779,16,207843.344425,42,204516.699286,31,188701.042765,28,184721.738834,73,tuba
2021486.996074,135,1938728.356694,109,1887660.322505,122,1873708.26955,60,1655313.670827,115,1604223.969382,71,1470765.086923,58,1422482.651098,17,1381029.478294,59,1337106.039389,138,1311312.254945,144,1236704.881098,25,1218677.850082,113,1208457.795089,54,1195595.271461,28,1190519.099311,157,1163238.264104,117,1130671.811372,80,1118546.289468,14,1083475.085943,18,1081036.344057,79,1048277.594969,137,1037851.381736,68,1033760.005198,39,984721.703059,125,973020.274175,146,965044.809751,126,917080.459502,121,903310.130017,13,901478.513029,133,865479.00607,56,850212.85966,94,tuba
4713219.830021,118,4540388.082657,48,4145889.335732,71,3757493.597211,24,1840548.010477,47,1816599.80118,25,1449978.914973,94,1448127.734893,117,1396321.815525,141,1355460.616366,70,1210348.615411,119,1114255.807236,95,993071.177164,46,991659.260584,116,975993.278305,235,938112.384933,142,835708.783656,72,769103.451732,45,738153.231085,115,701763.625003,64,650704.879588,32,606382.185442,120,590952.40741,73,578181.008289,49,551889.222894,26,469325.195,211,464427.896999,140,446305.754775,305,429905.80777,33,409549.904388,139,403591.125271,51,387732.657978,69,saxophone
4049903.572319,71,3171825.640329,23,3125208.350062,126,2764870.419984,14,2279263.550463,36,2153969.05007,53,2122637.979938,18,1560995.693124,106,1485396.165018,159,1425683.163813,27,1386566.260075,19,1382686.09926,15,1320154.634293,49,1079151.886705,48,1068258.317742,63,1046113.414822,24,900726.085791,60,794560.471135,58,763205.439325,186,742097.183876,40,694449.22901,30,675249.551601,21,666893.884698,31,649715.658389,37,638437.323721,17,597860.824589,41,596168.47459,45,578262.300983,47,549357.996375,28,541237.800078,54,534060.194625,26,515448.295696,142,piano
3916045.608944,43,3062573.276875,42,2699940.029916,85,2031314.73868,107,1986591.883065,106,1976314.818882,126,1766658.556588,44,1749933.132614,105,1688165.13645,159,1687173.074998,160,1640368.561149,108,1546983.793237,52,1538171.731925,161,1532874.811037,127,1532709.260677,53,1529547.809691,158,1472747.701014,54,1314064.608125,104,1289337.831313,162,1256754.232569,157,1219719.79562,109,1112098.883344,84,1071500.669176,50,1046554.592642,41,1035140.322569,51,980890.184888,156,961847.682944,55,938227.469602,163,872041.309216,83,863082.859303,103,778298.496186,125,768923.302078,155,saxophone
9804221.408032,36,1768885.778221,37,1338795.765746,35,780151.971006,38,556384.640766,34,540914.021377,71,522585.808822,39,487107.817335,107,372604.539312,106,337903.51102,40,328974.471826,33,325452.910511,32,291478.037011,42,288431.791202,41,278169.951243,31,256634.570177,72,237616.588229,43,233360.897285,30,193675.960459,29,173926.421582,108,170915.647662,44,170354.581036,28,164317.525046,45,163136.853731,70,161366.224611,46,145137.645011,27,144149.436054,68,141994.641607,47,137070.10243,48,130903.218071,26,120743.933492,25,117306.59794,105,saxophone
9460387.625317,36,2490967.826591,37,1871898.173696,35,994838.207414,38,948759.459398,34,649066.144019,39,643519.575235,33,532349.034583,40,481272.601577,32,389115.760234,31,373177.966146,41,327176.280633,30,321094.140662,42,296260.267802,107,285371.322875,72,285081.584453,29,266718.818084,43,266595.963463,71,249833.29456,28,233950.954835,44,224727.009946,27,205682.964469,45,202579.517788,26,186709.585752,25,184875.215823,106,183773.473465,46,171882.703075,24,165789.686408,47,160559.595587,73,160458.857541,23,150491.090381,48,149517.627961,22,saxophone
3116321.779912,40,2380787.604334,39,2235590.918753,20,1913318.833982,11,1721522.782206,28,1612485.971662,29,1442566.339798,31,1399841.009389,17,1238233.070207,42,1224677.49641,19,1195474.36856,43,1178569.405627,22,1161682.605492,49,1082533.814274,63,960050.780066,45,952624.013153,47,880630.502647,34,822992.048052,52,776506.927194,12,736008.861229,54,734971.33647,26,731174.42979,21,720313.35522,55,697336.923154,56,692847.251778,62,656477.005481,51,634762.290982,32,625878.007845,38,590625.158654,44,571530.512789,18,560490.70086,13,551422.428828,57,trumpet
4673748.952144,126,4396914.365813,64,3813816.089066,63,3056721.332653,125,2376555.509813,62,2261283.257095,127,2049117.889034,122,1983807.08587,123,1928790.031139,187,1479387.763571,188,1439614.72833,65,1143047.657539,66,891197.692821,128,852064.004756,67,797167.265053,68,778014.661621,185,652299.67259,130,652187.263468,183,592303.509908,54,587980.428899,129,564945.559249,250,562968.614327,189,537068.916549,251,534082.439723,184,529124.275719,57,486500.49909,58,470563.597295,61,467022.727257,115,404740.473495,133,391430.421596,114,386178.455834,121,371892.780332,71,trumpet
4527803.766867,37,3657332.725606,19,3009103.832147,103,2155930.051551,104,1972289.517131,55,1755729.530275,42,1707492.105911,91,1463278.052151,38,1387004.338914,43,1375346.448296,56,1303784.895497,90,1263442.909696,81,1203759.997822,122,1161560.042434,20,1108132.394824,146,1105643.940574,35,1061232.979938,92,1022085.763075,21,1005797.048768,36,967544.067796,39,954695.054591,61,944712.416183,145,930969.10755,105,922431.440057,101,909018.86837,123,901918.33921,62,888169.966198,22,886684.797436,165,822547.881402,102,819794.114742,53,816137.879635,144,720585.560217,110,trumpet
5488560.470899,266,4280726.875928,89,3971171.667859,178,3241475.536638,177,2244113.444897,354,1853989.690173,265,1807960.480354,90,1300634.28272,179,1294453.85261,176,1225216.275089,442,995694.509571,267,943534.397551,88,862505.998597,175,852965.956491,355,847370.504833,443,834908.951502,264,708748.101242,180,644722.749984,91,595607.95341,353,593366.286971,531,586998.432616,174,579134.259868,268,541852.991007,87,519052.983758,441,486468.980456,263,447833.58202,444,434830.710761,181,417973.062893,92,416709.671553,269,380009.195438,173,379440.388252,86,378290.669163,352,trumpet
0.0,11,0.0,12,0.0,13,0.0,14,0.0,15,0.0,16,0.0,17,0.0,18,0.0,19,0.0,20,0.0,21,0.0,22,0.0,23,0.0,24,0.0,25,0.0,26,0.0,27,0.0,28,0.0,29,0.0,30,0.0,31,0.0,32,0.0,33,0.0,34,0.0,35,0.0,36,0.0,37,0.0,38,0.0,39,0.0,40,0.0,41,0.0,42,saxophone
6321891.448191,40,4417017.430427,27,3504504.696487,14,3428409.822008,53,1932948.095008,41,1796805.445994,31,1623457.335155,21,1405890.843513,39,1141225.353779,66,1046476.360199,51,835649.425967,29,811895.706515,42,806001.466882,11,643219.1806,43,639843.414102,25,612975.688039,30,612576.537271,38,576625.156414,22,499366.591096,44,485386.44923,61,410417.255612,54,404521.471948,50,384041.02336,34,377061.592151,79,363858.273987,12,340501.486812,92,329887.81158,13,321717.004727,32,268148.659796,55,264665.89184,52,261608.206182,56,254202.358459,62,tuba
1528015.06214,11,1502253.652195,21,1484727.001931,34,1410878.760204,20,1318459.172189,17,1208046.334679,56,1124077.982987,36,1081233.112305,22,1028628.518283,13,1000062.436057,43,990281.22543,51,961835.107354,47,935411.035716,65,903945.09407,32,850177.783381,35,794919.86471,29,771722.527739,42,752111.723777,44,730909.575033,28,710544.53141,45,709458.919607,40,692767.867925,39,674398.35388,37,647043.350752,27,639102.239799,26,635791.734147,33,634100.829445,49,620961.159207,41,614580.224059,19,608228.950933,23,607365.327366,24,575925.317713,48,trumpet
1822205.2748,41,1570586.726122,81,1297421.321458,82,1202490.166301,11,972419.959036,206,954065.578634,12,887598.447424,106,864240.090805,86,857894.571692,135,852894.397019,71,851596.227116,34,822028.160822,124,818754.26605,44,794338.897255,431,785323.144905,35,747595.54917,228,734677.734991,100,732115.213598,134,690097.74537,240,689196.937192,233,679943.485917,43,658116.469206,281,653948.681457,85,624489.655462,42,613719.245853,87,610454.338509,454,598974.077056,56,585160.687855,36,574496.212132,22,567757.79181,129,556899.547591,130,547313.120565,192,trumpet
5963595.689061,88,3735189.726867,36,3207492.221906,140,2743745.795362,53,2470894.614655,18,1829545.48894,157,1802826.928652,123,1622728.394918,87,1583753.102434,122,1552455.833364,35,1461385.103654,70,1453376.132528,19,1158594.533132,71,1058835.826635,89,778201.049529,37,695180.964264,86,691207.881824,34,650713.655675,20,627778.079798,121,625148.576672,17,586969.998883,124,582143.816988,192,556352.195194,158,530296.28489,90,491920.453789,120,488688.84165,38,473850.702133,69,447094.988945,72,442185.839734,91,440922.51864,139,433011.564191,105,427050.226033,85,trumpet
5631427.784219,112,4808637.735915,168,3354546.964835,57,2385105.048382,56,2157601.427777,167,1867735.063798,334,1767079.107938,390,1458900.687903,169,1379149.058174,224,1084493.166116,113,1016369.52963,58,933092.151419,445,932609.835582,389,919347.808701,279,882293.672702,166,822701.589162,55,767901.690532,335,764287.206417,333,693830.751786,59,677946.566251,170,647852.776972,111,639263.779829,54,611783.870014,223,602921.588072,444,544525.403703,165,536549.793283,446,535633.633175,336,487620.857083,60,459519.529166,222,440415.451654,171,416906.226613,172,379828.149009,164,trumpet
3144102.154497,42,2898658.140653,103,2879582.299581,21,2532069.167059,102,2517702.688895,37,2346185.272121,22,1789928.143505,81,1709039.140694,145,1641875.893691,104,1620377.091957,19,1460408.289118,41,1460054.163709,39,1427918.31722,36,1367680.96238,105,1265002.648611,61,1245963.835892,82,1227856.732588,38,1187567.176691,20,1173150.793762,122,1156815.717763,84,1107037.837171,23,1100667.310894,144,1045980.53304,165,1028293.082645,101,1021095.776362,143,976182.007763,62,970554.646295,125,930212.068454,56,882845.504109,55,866823.87441,44,855582.824333,163,846735.423203,146,trumpet
7072938.776682,59,5737022.276717,117,2499959.500334,175,2259068.466263,176,1542390.687108,118,916200.791531,116,873590.448339,60,799433.770726,233,792502.047309,174,732375.964055,177,718588.185774,58,701638.88858,234,568774.082334,119,483548.951559,120,441914.785812,115,399683.26864,61,387476.285686,173,368209.911076,178,347317.698637,232,332798.31695,114,327804.801701,57,303876.986004,62,277095.665461,179,272673.065827,235,265003.562983,292,258310.280369,172,245798.420156,121,241813.733519,113,235238.707054,56,217958.842722,122,203754.659496,171,201456.608451,123,trumpet
3003638.419565,11,2053239.698867,35,2026415.120311,27,1848784.778055,34,1830874.498297,40,1636966.162113,39,1565631.781171,20,1554524.507041,17,1429597.944133,21,1343193.183639,49,1261862.235631,32,1153539.208047,44,1099881.895982,53,1054710.51763,30,1054271.847006,12,1039029.338329,25,1032364.439477,33,989609.364563,18,927560.544817,29,926867.710305,31,895730.722523,51,879634.867737,57,830811.948091,16,828112.034044,43,795493.152403,55,758214.016783,37,747457.376587,28,723269.38304,13,722953.344017,41,698474.610704,22,689420.089205,58,667256.602558,14,trumpet
5876659.575758,141,4299327.268172,212,4265284.112143,142,2504223.260886,71,2039534.536575,211,1841553.226548,423,1410178.973688,352,1116225.361763,140,1034151.338937,143,974719.305817,213,945974.474991,72,924788.027226,353,888863.925873,139,730311.67131,138,726560.806668,283,723018.814353,70,717603.233065,144,699346.834496,282,679216.749454,146,664098.570577,209,655641.007728,145,653246.44878,493,612892.681165,492,591196.865265,73,578689.429704,424,499879.597373,208,486906.463564,422,467509.322326,214,428465.885302,425,402360.39141,136,400418.462784,633,397235.49867,69,trumpet
1936316.77048,37,995582.559129,31,949029.590705,14,914453.029608,26,839309.119543,23,740518.769299,24,702047.19402,52,662457.030097,19,645331.046558,60,622024.830112,55,597367.867146,75,592059.169837,59,590578.630984,65,587662.378323,44,576450.235508,102,576207.44511,20,564864.742927,40,549859.597017,100,543673.150428,92,511674.145148,16,494350.373913,82,492606.762471,48,486099.465349,42,478686.588002,106,471145.458121,17,464966.512369,61,458983.36855,47,452691.858897,111,444192.545786,30,427703.4213,29,422394.617274,93,419555.158345,67,trumpet
4214974.669261,19,4066555.080794,38,3503834.058232,92,3027034.279457,37,2834582.787095,93,2767727.863381,56,2143568.337299,147,1675082.21748,20,1655244.274524,129,1654818.000886,111,1338047.264778,36,1322679.41555,74,1214772.358806,148,1172421.370483,91,945406.874007,18,852015.788946,184,821482.450725,55,789985.967154,166,780175.868599,35,714868.204573,94,699324.757096,54,689509.509488,39,638607.006408,146,636190.602054,21,526635.152036,57,525060.565517,17,522286.619397,110,508811.312853,130,507541.773471,109,484547.405538,90,461917.936482,165,460135.793287,164,trumpet
4562920.993357,25,4471476.484552,38,4366513.622339,26,2563123.580203,13,1956677.556186,37,1943973.345224,24,1631580.792559,45,1630013.830548,35,1588980.647775,27,1441709.446853,23,1255128.169684,33,1159054.589699,50,1144227.62239,14,1135436.610365,28,1013658.075642,22,993613.954008,56,964237.001137,21,942394.055652,29,902801.18391,15,869600.271853,32,852904.708431,52,794908.275373,51,771350.223111,39,728618.215891,34,726351.85902,16,698236.739433,20,696109.918163,19,617427.592261,48,610847.136565,17,605445.931225,40,600611.128726,42,585209.169299,31,tuba
2823424.120185,11,1953101.035266,27,1680813.616212,38,1345572.449096,14,1204612.784058,41,1199518.382547,28,1131932.28468,43,1124328.350807,48,1045974.852914,17,992455.942524,13,959809.672512,21,943280.008858,37,890831.422802,29,879657.049217,16,814003.657112,64,780360.864757,40,740835.908043,19,635524.960845,39,591282.038002,36,590246.340023,26,588003.133598,58,551535.511231,32,536835.792828,62,535939.499693,76,489630.427536,45,488219.493975,20,481144.395655,24,479365.864653,25,442236.39743,35,433473.638496,22,430631.094249,63,426673.106083,15,trumpet
4717453.123118,49,3501343.085203,30,3257495.256783,25,2878720.700981,316,2807978.840024,414,2219717.853081,50,1522279.33878,27,1422300.482644,219,1354513.145302,53,1243730.260281,98,1204752.382895,48,1150733.69695,73,1095904.684926,340,1041350.572153,12,1023475.318473,52,1021860.567875,341,1007838.108249,292,998538.948812,26,967197.833343,74,922417.486714,51,915501.475347,463,901750.764162,15,874154.422806,439,865615.242701,390,846046.921187,45,805180.2486,194,781681.399829,291,730174.575498,33,721228.922646,11,711271.444917,97,710940.452236,170,700599.877685,44,AG
5606280.080413,23,5327067.891801,22,3865533.152813,12,2545647.367102,21,1807422.185762,11,1806215.197565,24,1654505.624065,17,1463306.995142,20,1347941.374853,25,1105936.024774,19,1086528.829187,13,1001220.876119,18,817713.24054,44,793570.329227,66,738412.943087,14,700362.85946,33,670384.080432,26,607608.657266,15,541938.165763,27,532609.980536,16,433178.385183,45,430669.972253,28,331087.395539,29,329201.836575,446,272352.597918,43,272133.433593,30,252872.580286,34,249371.374418,73,247873.023507,241,245598.884445,422,245016.63195,42,222140.45304,31,AG
3780036.346299,30,3343956.546969,89,3195659.703295,118,2924190.442376,31,2854555.327795,60,2032087.863998,21,1809663.861476,14,1749619.961542,59,1667684.116623,45,1458451.627658,236,1451156.202621,25,1441171.110997,119,1426285.603679,26,1316394.540995,24,1291528.282875,88,1219112.853943,235,1097551.963649,147,1064005.326498,325,978518.152573,23,899468.011307,57,878745.615795,63,866066.831905,51,851971.442665,20,838680.263355,50,822319.557119,67,780784.155894,117,769908.016475,99,734306.88193,266,715568.391394,56,714279.652943,22,694147.313294,33,675227.76814,58,AG
3274335.390918,13,3028553.676794,12,2412884.164446,14,2155054.14763,16,1802301.832728,37,1681030.557579,17,1445426.312713,15,1267527.859652,11,1254122.205941,18,1238584.260525,28,1118100.74639,48,1085787.344598,72,1082522.755952,55,1033480.878654,40,1004948.820959,63,939083.467067,19,914343.764561,66,909966.294808,23,856900.667325,58,832016.072185,22,820498.022565,108,787804.607975,43,778726.769939,35,765519.67748,64,743272.979263,73,740815.22449,24,721910.632689,52,712286.958368,33,702959.156288,49,674632.270499,39,670829.058656,110,656955.859207,36,saxophone
4762918.580893,40,4713900.403314,14,3410489.874453,26,3181373.302597,27,2234135.850549,25,2227678.899497,28,2200007.412847,50,2061273.03619,29,1888276.637087,39,1708666.000845,13,1183770.632979,63,1078665.747404,15,896807.485053,51,875755.351326,37,779628.50691,75,718156.265057,38,663064.028041,30,651192.976424,54,642847.890678,41,622333.216556,12,596268.472458,16,579013.823524,56,564714.947773,49,523344.793817,32,476278.868383,52,469130.997679,36,450479.406087,67,436939.905572,23,432854.368611,53,429096.681995,42,412862.579012,62,411935.873997,11,tuba
7039232.733055,45,5479247.096879,46,2103977.207929,44,1880192.355442,47,1284146.352229,43,1237000.099789,134,1222028.781227,64,1129418.447845,135,1116235.909596,48,921689.083381,42,870478.549165,49,832554.482782,65,695878.71845,41,643209.92967,50,613397.139068,223,598223.639646,90,584603.260254,63,583540.397389,40,507353.877666,51,475159.084734,52,467068.396729,39,456766.439703,133,423303.024704,53,418086.45779,38,407007.570166,128,405786.170177,54,373422.763544,37,371748.217587,55,354091.3905,136,351878.515124,132,329575.409793,36,316885.467444,57,saxophone
5126740.401024,13,3834548.394543,18,3457438.752972,60,3103178.40455,19,2628279.214517,12,2135341.469207,36,1403475.886733,53,1370295.841281,59,1291469.750801,24,1286111.680414,14,1253729.19937,83,1192455.25215,17,1093719.899617,11,1089183.818367,119,1037095.751284,71,1014658.141477,20,942429.615155,25,868157.785587,118,781728.968251,15,749714.467014,54,746663.71331,16,731717.081183,142,724131.907443,126,702060.19061,174,693882.597161,26,633919.404884,238,594959.429012,22,585335.065468,30,566794.527501,141,559154.478227,21,542429.417951,27,509709.524889,58,piano
8191791.476377,48,2953105.705017,141,2588698.947861,47,1626063.40005,235,1444584.087889,94,1404864.206922,49,1399664.938992,95,1355288.89392,142,1217418.296289,188,1034211.925031,46,877571.383997,282,853026.787473,50,782736.896346,140,686583.676321,45,626003.717849,51,598389.022416,143,561017.436511,93,520412.904611,281,509067.956297,234,494505.103116,44,481889.57487,236,476575.965176,52,454781.857786,96,435829.712894,139,403051.557301,144,389832.713548,53,380907.485062,43,331470.376351,54,329704.918087,92,299494.987468,42,298502.230887,516,296231.414787,145,saxophone
6714112.838755,12,5719661.203142,11,2870057.050938,23,2681117.568623,22,1404207.181525,13,1235014.040015,21,1115973.183189,19,1055874.844549,25,676858.074941,27,587654.255296,24,389135.275221,15,373026.203859,18,365419.143129,14,349740.915671,20,330979.850451,34,326298.002803,33,309120.89204,44,283818.208651,48,283678.264869,16,245833.223353,39,225967.97157,30,211075.013012,31,197762.03011,55,197380.0403,32,195523.046905,36,187469.341339,28,179102.755672,41,176282.592993,40,173339.895957,29,151094.362404,56,148879.046837,53,145899.939972,17,saxophone
6596997.853581,30,3396079.81292,15,2792661.602911,16,2202069.145199,25,1882302.885041,49,1731991.716764,11,1483837.954226,26,1443553.788115,73,1135102.755522,194,1042908.321969,74,1028273.278078,390,1015277.074167,17,971408.249232,23,954280.032673,50,929945.601678,29,851586.500005,59,838805.51018,39,833017.396342,27,811831.542691,219,805219.018962,12,779462.579615,146,760318.414456,292,713546.841138,19,689993.491576,98,639576.489636,18,623650.909818,170,606228.699629,28,603219.491353,195,579532.465958,218,562835.378361,22,552280.019424,40,551022.009907,243,AG
5290466.11624,80,5016246.059583,41,4027576.726844,40,2139305.810657,199,2079798.993638,159,1940251.936254,198,1574559.639707,42,1489660.23816,81,1362867.703779,39,1344285.69265,119,1164380.501527,120,990720.350709,278,932617.029513,82,876414.677419,79,817202.710038,121,813780.836645,38,803036.987851,118,801993.729516,43,763082.234825,277,612091.773358,44,606746.921178,37,524042.350636,83,493396.930504,45,481628.922623,200,463780.917485,36,449339.039432,78,427527.150819,46,414093.712373,76,392124.030437,239,386438.94763,35,382424.390548,357,381447.815745,158,trumpet
6012656.057753,32,5117537.5969,16,4439020.260942,17,2278116.243067,48,2055478.497656,47,1447938.137903,18,1341293.5987,15,1081411.50379,33,959664.721711,63,935996.404865,14,904434.991396,62,855805.425606,19,704745.310271,13,584345.751523,20,500872.754345,34,466587.613231,12,465194.113115,11,442465.292244,49,395652.87433,21,359683.37709,35,331399.550994,22,283896.44258,51,275341.720968,23,271821.052525,50,268543.961406,64,260429.277397,45,258333.174881,37,243325.600737,46,240951.491384,36,226652.542551,24,222607.719449,52,216587.239536,39,tuba
4798166.42937,50,3205218.266793,60,2997997.367104,11,2534075.366834,51,2484397.522062,30,1798455.346787,100,1772901.994816,19,1718630.557816,29,1555423.833226,28,1441728.478959,38,1178146.951937,49,1157068.718582,59,1139462.433351,31,1012448.433379,48,960028.939373,20,933972.990918,47,851852.243491,52,820121.689993,37,772864.841972,131,771076.321404,26,759797.04347,61,705288.55355,200,664651.670357,21,614031.352425,62,613905.584433,103,605059.077476,12,584089.090817,25,562046.587307,94,537741.439443,54,535980.748062,93,524873.906019,53,521026.657836,45,piano
3960343.648751,31,3597748.709706,89,3140355.41553,26,3028438.252912,100,2292834.818906,60,2284501.088717,13,2053235.032113,63,1924632.834344,29,1922088.241124,11,1876491.463862,59,1855599.495739,30,1412921.568392,88,1294974.074025,177,1247661.115587,125,1171472.841971,28,1161293.357058,32,1141505.11189,112,1083210.105001,27,1080449.54311,21,1023312.006867,113,958936.383687,162,936912.338376,14,904591.881358,23,901199.253692,12,874689.810098,22,839725.543811,25,766825.078152,62,737023.315509,24,671195.247946,34,617051.800324,75,602880.746532,118,592165.963578,90,AG
5130786.246064,126,4338065.190497,125,3772634.182671,64,3452086.395805,127,2624864.322647,63,2029671.292145,124,1971035.844319,65,1913153.577897,188,1432906.918633,189,1219674.167333,129,1197853.408967,187,969300.837535,62,867973.605749,66,818263.316424,312,705232.779908,67,679799.110249,313,607567.717022,311,558409.213208,131,532381.047673,123,497788.354202,191,496501.712439,134,490703.544448,128,465313.179742,61,393976.620553,250,393805.388967,190,391367.611487,132,344526.879544,130,339129.812735,251,336749.610094,70,329972.731702,310,324998.554246,193,321710.930705,375,trumpet
7879265.299107,64,3935666.08258,190,2925607.090867,189,1784098.025549,252,1629055.668614,63,1355320.67585,253,1234286.834026,65,1207310.428695,188,948529.146188,62,946094.132014,191,777727.188908,61,678384.306733,251,661200.421902,187,640559.62852,66,624675.504611,192,553606.2726,127,456104.623253,186,424526.542147,60,411411.128271,193,379342.008003,68,369833.454761,254,368317.141783,67,330164.950522,194,322631.379553,59,313902.647412,185,301311.492251,69,274246.810301,250,268031.760339,58,264712.808878,184,248574.045886,195,245952.010341,126,235988.237448,70,saxophone
4636572.428538,45,3079839.991477,29,2972461.544645,30,2781252.532411,40,2594572.161107,60,2375440.871606,41,2006357.279523,19,1426429.57267,47,1388268.210832,39,1308863.316159,20,1266756.592623,11,1178205.189318,31,1083913.954944,59,812966.981791,28,793482.589021,89,777630.922321,103,732020.953989,56,715579.271031,38,701512.441385,18,657993.225361,42,636726.465733,21,629751.638773,57,611928.884653,12,607226.756042,58,561624.728205,61,508029.803261,37,499618.986665,32,496317.261225,43,488775.090671,13,483419.19893,16,408837.817226,79,390359.751321,140,piano
3041275.714685,126,3011304.932567,188,2836173.405719,63,2734517.73045,64,2494368.98491,112,2167872.68833,113,2057193.206206,251,1855947.126152,313,1804446.566609,250,1706780.619487,56,1629169.485958,57,1476474.701225,249,1458699.492543,111,1381510.088625,65,1296621.494276,167,1247079.759006,127,1246333.432465,124,1233805.327841,187,1227811.983758,125,1205449.426927,114,1055301.65376,185,1046964.87109,55,1017783.441651,66,1009381.729165,58,975759.850207,314,953833.621682,123,951266.747598,168,883671.858492,376,877461.541985,169,867515.47673,252,853653.475141,248,841321.936603,189,trumpet
4762033.235045,142,4665167.192405,107,3112188.268044,143,1905025.971122,141,1664706.138137,108,1618599.067218,106,1589072.02473,35,1564543.132323,109,1345775.94438,212,1340686.338707,37,1337618.708298,72,1295492.365671,140,1233866.009925,144,1201605.884602,211,1163056.274199,71,1107457.754719,74,1093495.760512,73,1030226.767278,34,1020276.154795,139,1012311.34612,33,950438.615921,36,924049.147599,177,887768.342269,214,873008.438996,64,865525.895116,63,861757.860401,178,827992.838935,38,761866.124107,96,720709.942792,110,697626.802319,69,681722.683214,215,666328.896562,145,trumpet
5964624.987985,38,3358994.560557,40,3089395.431002,26,2946225.757276,60,2279534.733591,45,1728686.259627,50,1656527.697127,19,1629621.404614,30,1413499.670988,25,1357697.467582,29,1172478.964984,28,1109422.280324,31,988311.418561,27,970387.38795,59,920396.914685,11,827095.822408,61,811593.158109,20,805946.718136,51,778286.376294,75,662370.878878,18,634295.144491,47,614523.580178,41,591438.474559,24,558747.287265,56,552332.997696,12,533552.540384,49,530187.311309,16,525428.016684,17,453954.576654,32,448272.707046,112,447270.358194,14,432202.954903,39,piano
5003302.042941,25,3314465.668842,148,2915924.009254,50,2618063.222662,147,2552892.570608,99,2417676.548609,26,2101813.571608,100,1754743.58721,98,1750214.360146,122,1680580.684723,149,1634614.13939,123,1593807.817142,49,1522405.254668,146,1371266.097458,24,1099367.113446,51,1015681.64074,145,1009338.458633,124,1007611.569823,74,1002860.433642,97,990988.414907,144,929754.642872,48,877298.02301,173,845466.584978,27,825232.710708,172,786585.190946,150,656252.099384,95,652919.380593,101,601138.887048,125,563887.839004,28,521598.01715,23,505732.940095,143,496924.101302,174,trumpet
1456575.226343,24,1306651.408507,50,1249069.766209,32,1180376.558302,11,1036348.856815,26,1024639.61111,186,983535.551818,29,957275.325932,55,949285.722825,54,930602.54905,185,878007.012577,17,856532.709267,60,827157.921663,14,740911.716739,13,711696.716702,23,673467.715319,21,669518.628906,15,634661.379425,58,624781.687081,59,622604.656866,66,587422.174133,65,586634.425059,41,582505.586762,56,573066.107237,49,572175.136633,47,556266.704431,71,529522.407966,19,529287.506224,22,525355.988348,68,513488.690861,42,502321.845247,187,499981.916237,249,tuba
1923405.683158,29,1580222.974484,16,1533549.399763,20,1392408.412235,37,1390308.283474,11,1370549.021659,42,1354329.684536,39,1343306.418063,28,1269537.719994,32,1234281.257365,31,1163507.884322,13,1097954.212102,38,1087623.057595,23,1046213.85723,21,1033450.268477,41,1011246.357235,43,852331.661901,64,809464.027658,49,800343.348734,36,755538.960616,19,741483.300315,25,740910.264964,40,714923.98163,18,641008.170424,35,623816.66622,24,605715.105445,33,566825.24251,44,565069.651625,22,564802.074434,55,550199.007689,69,523304.79143,54,477637.90565,30,trumpet
7618886.747219,27,4569319.699242,40,3556670.073324,53,2795893.538948,14,1048834.841168,26,922946.605808,28,692369.443178,39,538445.89227,41,472468.227565,29,458918.760177,52,432845.377857,15,391862.134146,66,388073.652068,79,381597.605073,54,353293.455135,25,302806.085731,13,274165.613614,31,263612.89209,24,241413.35088,23,241163.577059,32,241051.763945,67,233265.970818,30,225006.019333,16,217953.357046,51,189816.405411,37,188256.842269,80,182799.375665,38,174505.887859,17,170998.683996,19,163645.794892,92,159982.778221,36,154872.841446,35,tuba
6959457.458525,41,3828563.944192,40,3667855.673728,120,2554605.156524,119,1775218.771105,43,1635215.072383,42,1604032.10846,81,1308245.235998,80,1028531.320677,82,952364.655688,160,936029.190487,118,887899.482894,83,799330.197859,161,714450.490208,158,710439.596248,39,621778.283452,84,563454.792749,123,562732.726338,121,543114.44655,38,537991.356062,122,517638.829371,79,502349.358997,199,406448.029906,237,370330.099434,124,369371.397182,117,352877.582477,87,327701.5099,164,325456.634327,200,309301.330665,116,308709.860508,165,297040.283094,112,294742.123439,50,trumpet
8776434.231623,23,2094946.906656,17,1931865.306859,20,1876581.62025,67,1742421.769373,22,1382837.429552,24,1276870.248691,11,1157170.733391,66,1027952.280485,45,621828.472701,21,518785.661321,12,480314.124558,25,477230.314587,194,477018.655526,68,471128.264272,26,457427.596304,29,457306.941267,16,443691.632023,44,438512.160041,33,436524.898302,65,428751.326864,414,398480.411985,34,384235.753385,69,382583.802817,15,371364.889066,13,360375.330027,14,348906.160854,18,338430.36726,28,288995.667065,195,287039.309227,49,274432.430637,46,267521.616317,27,AG
7941782.031311,40,3272004.6529,30,2860383.423369,11,1863076.146662,16,1496727.022056,41,1478749.066908,31,1344004.579913,60,1197243.674185,39,984824.490241,29,885110.191989,45,832618.338301,42,728251.199451,15,726444.282578,79,699433.363807,17,645074.298467,28,574895.04312,89,551882.513076,43,539884.945259,27,512920.033873,12,484390.578539,59,482618.35205,44,475240.313595,26,458767.125864,18,448396.323683,32,436149.622583,69,403549.251941,37,400867.031778,25,379544.898756,21,378515.470728,19,362780.379433,70,355337.374071,24,310139.221672,22,piano
5575808.590372,23,3900194.613896,22,3531746.448189,27,2836747.354683,26,2125378.089572,21,1969305.199265,28,1637797.183153,12,1389636.973042,25,1379820.734457,66,1108977.880018,44,1073772.278435,30,1028304.614387,53,982411.845676,17,925142.861748,52,915758.941185,440,854751.773999,45,843789.387907,19,817667.73608,33,805796.621878,442,729035.027552,13,710780.092513,311,699674.325417,54,665238.858474,11,607151.106455,15,579070.367375,20,570759.600761,388,556882.887895,312,545617.90375,182,538115.41586,147,537660.489668,146,535023.671945,29,532398.04756,154,AG
9651028.079541,36,1599640.822107,37,1530927.567535,106,1208017.652739,107,1144524.169469,35,638276.560415,38,605241.48266,34,537723.246121,177,465561.16999,105,454904.170289,71,425466.055196,33,370078.428566,39,369073.668142,108,316630.08767,32,281745.293522,41,281098.526477,104,259621.926082,42,253073.998774,31,246084.926048,141,222601.943197,72,218747.678496,109,215378.231217,30,204424.271027,103,198948.458631,212,189745.168249,43,185179.813787,29,179242.970716,40,174507.511999,142,169974.329623,247,169830.540391,44,168048.273771,176,166101.654346,28,saxophone
5793285.729167,43,4196082.419232,22,3864311.189034,63,3652569.436713,64,2637549.114689,42,1846279.511064,21,1480341.746435,126,1283818.465131,41,1156289.068704,127,1006216.487338,65,917192.8428,23,776242.75262,18,763560.056113,45,644820.371781,40,624866.673787,66,617430.39637,147,604343.455073,62,524989.950814,44,503358.300397,20,480164.048552,17,439165.745083,39,437063.508757,85,423826.66193,16,393222.478781,106,385222.642142,105,354700.496489,15,330054.995121,24,316394.283361,46,315674.899845,148,309675.152117,38,296969.748045,36,291572.701057,14,saxophone
8964640.396429,64,2586094.48291,190,1633080.776004,128,1593135.532343,65,1177643.138589,63,1168321.140246,191,1115274.681031,253,1035011.462922,127,793500.461876,126,753149.782521,66,701580.213784,254,649353.769274,129,636000.316861,189,561698.446275,62,559802.355772,252,509237.919336,125,440581.544344,67,432409.833674,130,426738.767437,61,425634.539918,192,417452.393129,188,391935.836227,60,352977.222373,131,336264.496763,124,292153.508938,68,279825.814629,57,279647.282751,69,276369.652869,132,267085.699638,187,264901.559202,251,260233.180602,123,259213.575529,255,trumpet
0.0,11,0.0,12,0.0,13,0.0,14,0.0,15,0.0,16,0.0,17,0.0,18,0.0,19,0.0,20,0.0,21,0.0,22,0.0,23,0.0,24,0.0,25,0.0,26,0.0,27,0.0,28,0.0,29,0.0,30,0.0,31,0.0,32,0.0,33,0.0,34,0.0,35,0.0,36,0.0,37,0.0,38,0.0,39,0.0,40,0.0,41,0.0,42,saxophone
6492087.648872,18,4164954.290294,19,3645891.207321,36,2648008.365159,35,2252321.462715,53,2012990.710509,17,1892632.38939,20,1274169.387956,34,1133550.94157,30,1121342.013553,21,993335.619589,54,782490.861586,25,759165.416087,22,753600.983232,24,740552.586349,23,701953.100155,33,620294.615149,37,612682.550986,16,595704.299597,13,586879.867316,29,453673.654124,27,441726.553152,15,427525.6908,38,427102.647127,28,406815.144139,52,396273.191362,31,384483.608831,26,325837.721937,50,319217.224357,40,281888.677478,70,269574.250994,14,269525.705251,12,tuba
8297898.808067,63,3753971.175362,32,2697357.387698,64,1691744.82346,62,1351812.493362,65,1041621.795952,157,1009224.324719,33,938432.278626,61,845060.272063,66,676173.091574,31,636065.917674,60,620887.598843,67,566131.443436,94,532360.624212,156,510236.738145,68,474715.619138,59,447014.073858,69,387378.418864,58,377374.205176,70,375676.847682,126,372415.546814,158,361920.489985,188,329289.689794,71,308466.963332,34,305772.994852,30,302919.738098,57,286941.423592,95,279990.647867,72,271401.407928,73,268791.725042,125,263438.417389,74,258987.033732,56,saxophone
6888430.920112,43,5020684.336233,42,2376381.65156,44,2061372.592805,126,1930045.198055,84,1808797.493687,41,1599064.357797,167,1237908.434696,45,1111601.720241,40,921852.675065,125,892544.603234,46,834688.672408,168,782275.354561,39,734987.086235,47,662627.922127,38,554844.555959,48,536327.589927,166,520101.750483,37,490753.484362,127,482437.403048,169,462108.933845,292,458665.606179,49,446770.25974,36,398493.155576,50,390200.503934,83,379808.594659,35,370747.027186,124,353895.603573,51,338690.575152,34,313275.42167,52,304332.823328,33,289654.963463,53,trumpet
6232600.085583,105,5105838.124018,70,3889624.389198,71,2630866.016521,140,1705348.753168,106,1490577.015185,69,1368513.054331,72,1135609.165499,104,1009056.073607,36,926709.917563,73,775399.597612,175,760667.164876,107,746556.718825,68,623078.344059,67,612784.538006,141,554783.393819,103,523129.139123,75,506045.937399,66,481368.516736,74,455224.880793,108,438129.316979,102,381467.705317,65,372177.544185,101,366730.190759,76,350607.383559,35,334222.326209,109,329985.87901,64,318741.541367,77,317518.764306,110,306783.962911,174,278689.894845,63,265498.877478,78,trumpet
4603627.118886,14,3614027.05979,23,2898101.557154,126,1926750.43171,54,1925351.947051,71,1743331.25656,53,1607243.903018,18,1471996.77812,36,1379485.040464,19,1297656.545336,62,1185117.152184,49,919814.551498,186,860177.888903,64,755965.938717,213,752391.521204,27,743351.477354,125,738006.079556,61,722707.83411,67,703914.466444,60,675393.518945,80,668297.366584,63,661906.449453,20,619405.205857,250,603536.711593,249,579400.906807,45,558560.830096,28,546882.733572,16,545884.703802,159,540970.273742,103,537866.306785,15,530011.455645,115,511786.061974,88,piano
4270414.506494,26,3584959.634875,27,3547390.651059,14,3350746.729994,15,2989478.545446,40,2791595.531326,13,2754627.580356,28,2513892.73161,41,2320250.413044,25,1356124.174527,12,1235065.377782,39,889614.861794,17,841256.831252,29,797544.516387,11,786275.482869,24,704895.74449,54,630064.643962,23,622087.307615,53,545326.361965,43,525571.900571,66,517119.405351,52,504594.854148,21,476244.608506,19,468449.029025,67,445961.596285,45,432679.590604,37,429126.374314,65,427596.09239,18,407578.496429,38,394363.491453,16,388134.282718,30,328059.575595,51,tuba
1526506.802737,32,1498417.181857,27,1317655.158924,17,1183551.834198,12,1161772.115234,16,1025864.05154,24,949424.831903,20,896774.941453,33,879887.321603,21,816024.102478,19,798081.795449,26,760510.519283,18,740531.085987,29,691830.892046,11,688069.679009,63,633361.242936,68,559984.682195,15,520467.001698,51,506329.409547,55,492249.230402,28,490262.646698,25,486034.533226,30,459785.885422,70,435821.120539,66,426781.870185,13,417650.751246,31,411952.885287,71,395030.877066,14,385982.161565,64,383252.152376,105,376989.673681,60,373785.380535,43,tuba
4892939.446821,19,4682251.244588,38,4332917.921409,20,2577660.779533,93,1859330.664987,130,1753662.525693,56,1467902.413472,21,1438200.031757,57,1355176.797787,18,1324367.316645,112,1302174.981322,37,1030523.857451,94,970761.05378,36,881356.139361,39,830005.027816,95,801688.056636,40,782508.162184,129,758709.596652,92,741629.781901,55,711849.810234,111,707212.220018,110,691145.122016,41,677803.773439,22,623655.877581,17,599318.606232,96,587054.955142,167,582715.555109,109,580547.542525,35,539066.695026,147,538160.915635,149,537798.80681,16,498342.389621,58,trumpet
3052422.703829,114,2536188.073644,117,1934252.544571,54,1806314.411901,116,1648664.877778,85,1607402.038326,118,1588522.505939,112,1521904.745425,37,1520696.473419,22,1520105.015775,109,1347269.981471,13,1318612.333035,88,1300741.014064,39,1283011.591015,23,1275780.920751,45,1239580.889218,36,1229952.526532,122,1210486.910676,121,1201132.095003,46,1195101.970845,110,1168357.064577,38,1145661.972644,108,1113278.055276,21,1103257.997156,43,1073630.553619,11,1036895.471835,106,1032228.928445,104,1002310.512573,30,975856.799046,14,969792.845806,153,968368.388417,56,938982.562558,20,trumpet
6891088.550028,85,4334026.140123,169,3688299.355279,168,2592020.776374,84,1827694.496559,86,1821032.880552,252,1571596.773213,167,954489.749943,170,845487.646779,87,828953.305884,83,729261.30594,253,680010.983399,166,642654.123218,82,601394.179473,171,585097.493941,88,512099.704959,165,465925.005107,172,453672.865328,89,442107.134584,81,430315.254919,164,427052.370721,336,403628.980765,90,379961.920918,173,328305.891268,162,326795.022985,79,318857.369606,80,316523.23635,91,301499.950955,163,291309.436182,78,277133.475017,161,274686.199342,92,259758.816938,174,trumpet
1724525.993366,11,1376964.704922,42,1346054.410422,18,1337941.926954,20,1268279.365148,14,1140443.030838,28,1122806.173241,34,1069704.457352,37,861740.384859,26,860100.452134,21,782045.295031,38,750553.089287,33,738719.929969,47,719786.018553,40,718412.935101,48,702676.766202,36,690324.073222,41,674900.019612,62,639763.195629,22,609232.721485,12,590162.394138,30,570436.178313,15,520690.714496,56,501872.503162,78,498742.521381,23,486366.793978,17,460163.478999,80,448072.906393,31,444283.616193,124,443202.814002,39,418464.433106,25,405223.156544,19,trumpet
5772637.514801,106,4530388.738184,54,3351488.565776,55,3274419.9627,105,2834085.453212,53,1823966.313666,59,1621934.439504,52,1225682.691861,60,1219171.023884,51,1041276.857155,107,829029.045222,114,791363.240411,103,780116.963837,104,736358.905668,50,701392.580468,117,684671.858056,57,665255.857655,108,548416.459784,102,545693.417177,119,516187.891103,56,515210.312775,113,509858.95729,120,495063.496486,109,478909.378611,174,471337.807498,175,440577.3798,49,431466.105421,121,417569.554642,157,400721.090672,118,383408.79876,158,379176.694237,112,376964.916922,62,trumpet
5405532.825668,30,4718268.782911,23,4250254.750708,19,3572882.683658,22,1592759.464529,21,1343156.511945,59,1252984.61982,16,1243251.301413,28,1223003.449625,44,1198575.567021,15,1110307.391271,24,1029513.064078,45,953494.039935,20,893059.639011,66,697017.473598,67,681858.021705,131,609665.689129,132,600355.719486,58,565121.08399,25,558885.111791,17,530798.170318,18,494695.496259,31,478464.916524,29,466202.550738,110,461896.529506,26,443573.892473,46,417124.374436,14,354359.130038,32,339324.863657,321,338420.079075,102,326217.459662,33,295616.625556,57,AG
5552829.066606,24,3009446.245915,25,2954964.913052,22,2743809.617177,21,2201601.066622,38,2144460.456436,23,1524786.649457,11,1425591.405787,49,1415886.824139,20,1119193.018668,15,1024133.348672,39,992296.864408,27,970150.780558,45,910221.95936,53,900867.572235,34,854534.541924,14,764933.302312,16,750661.829511,43,741333.131093,35,730541.265122,42,728634.232645,144,727475.133713,32,726162.449861,33,693006.310382,48,679769.667593,46,670903.934141,105,669289.89407,12,666441.005989,26,649608.094316,66,636611.598872,31,628983.117036,54,626636.256812,28,tuba
5007091.33404,19,4216542.394296,18,2695083.448771,54,2087134.709135,31,2021040.365578,36,1751685.903674,17,1689746.796374,71,1635763.659809,106,1600555.148822,53,1497548.009308,80,1439185.102141,16,1414547.601369,32,1331148.308369,33,1308343.237072,81,1295035.125876,48,1265367.97935,20,1192799.209056,64,1167206.295064,34,1101639.149864,72,1030189.125938,79,966987.099092,30,942084.018054,50,930706.058833,78,880802.465805,124,864016.276601,21,732214.78223,37,722737.096161,49,718266.965787,29,699235.832627,35,678589.82187,51,660044.614245,22,630137.496342,52,saxophone
7200367.677343,63,4494260.904989,64,3753709.64958,32,1938452.264711,62,1699088.307397,65,1297457.863865,157,1138758.205512,61,1083644.9788,33,1066453.55887,66,790793.748206,67,784563.079264,60,601104.728078,68,579237.344686,59,522945.846932,69,513573.674943,95,512314.140295,31,476660.555936,58,472335.756235,126,432861.501568,70,389353.328777,71,378751.401512,57,341514.651285,34,333194.393268,72,332741.852356,56,301002.028409,73,286115.131789,30,275987.269048,74,275604.686573,55,274081.192901,188,264053.035966,94,254210.946478,75,250356.845012,54,saxophone
7855880.808915,14,3771500.280955,27,3299137.26697,40,1904817.402293,41,1511389.802264,15,1200619.368893,54,1035465.017911,28,945442.370948,53,933971.722818,39,882693.726281,13,855573.438019,42,809380.131148,16,758535.713191,17,728466.786141,25,721667.444346,26,505152.911941,24,472468.142891,18,463923.699469,38,444978.786299,29,429493.633957,44,425480.982545,19,424672.660192,55,423001.527151,20,411040.162365,22,406470.072795,21,400879.450175,37,400222.972145,12,392695.558601,30,379973.73333,23,339224.565012,43,319045.286408,45,292144.373574,11,tuba
4607735.99532,60,4592948.557482,40,3432451.498693,119,2668777.854637,27,2309729.822903,118,2286463.002072,120,1753603.730397,117,1609763.59143,116,1545679.169161,30,1485401.620252,59,1138280.582901,73,1090120.93958,58,1087835.05912,47,900557.086204,61,821022.46242,115,817637.228773,39,812443.30693,53,792949.765722,113,753113.121261,28,722690.879628,21,687108.768594,92,674636.356995,62,663875.0058,57,638570.476424,121,614699.991511,14,597403.844222,54,594963.253261,41,594083.59509,20,591972.146407,108,585268.749525,122,572595.942775,18,570625.903205,84,piano
5924391.973558,40,5862534.378992,41,2594942.699117,80,1797704.465037,42,1595588.120622,79,1517977.799735,119,1509713.093244,39,1439945.385264,81,1383948.09907,159,1376569.844618,120,1347678.759366,43,1026777.683504,160,990456.97187,38,819541.695916,37,799476.526586,158,650604.07729,121,648842.216201,45,605717.906299,118,572721.812874,44,535322.672924,36,489217.72316,35,478040.775173,46,423132.433502,34,398520.686922,33,385742.275373,47,372164.772055,161,368077.548133,101,358094.84591,102,343485.985361,117,308474.187259,77,308407.155672,32,303629.369851,31,saxophone
5585290.061401,30,4337189.049284,20,3154132.563308,21,2696436.138915,40,2644929.316523,29,2209026.785718,50,1782866.50257,31,1676509.996499,11,1579020.952632,32,1489371.704555,59,1441866.89577,28,1407435.698276,22,844524.095413,49,839340.052253,19,730624.817424,42,704810.680805,51,687485.768873,39,636237.263792,35,569426.909381,48,538837.78523,52,520367.119446,43,515127.185083,18,514345.185971,57,484582.922776,24,455318.476358,36,444873.83805,25,440475.401118,12,431493.728312,55,427218.89663,33,420451.223273,34,414867.678084,44,403985.58284,53,tuba
5372266.214658,30,5195128.764604,15,2843160.695552,31,2669813.159269,14,2491909.324883,45,1956360.062081,29,1784388.475263,19,1623710.441751,13,1613801.202375,18,1350010.572154,16,1322330.830167,25,1232216.877209,44,1109012.786719,12,1006202.030916,11,972678.647721,32,901475.21316,27,868554.575812,17,682867.500534,26,636969.384838,43,606081.70136,33,606035.471616,24,580110.736646,34,571054.30696,48,567500.674126,28,560507.614966,46,558037.348505,47,515364.533939,42,480936.971763,20,438443.34983,35,430854.117487,23,335747.269561,37,324448.902508,60,saxophone
6285485.887579,14,5184262.64929,27,4347514.781599,40,2235314.929501,26,1837905.336977,41,1806935.03781,28,1111087.249264,39,946390.340696,15,856758.981986,29,671277.578546,13,581726.882905,38,520403.456398,43,513010.120474,25,496977.163561,42,464403.124021,24,455151.812326,16,442391.975861,23,438050.897019,54,388182.297262,17,341227.886296,18,340810.196515,37,337139.378555,53,323970.760393,21,319990.885867,22,315661.568975,12,305865.638426,67,298974.361493,32,294301.665838,19,288859.962791,11,288720.029885,66,283765.530929,30,264260.348168,20,tuba
3459190.162705,41,2818810.834744,24,2309602.080828,25,2249283.952751,23,2191818.43652,48,2092587.194882,47,2071122.960271,40,2000728.560127,49,1862949.505642,117,1810304.820721,118,1572567.055556,72,1568642.833855,71,1562781.908868,116,1469301.182519,301,1464262.038171,119,1379084.996269,302,1221552.29401,300,1198377.274947,70,1178636.106092,303,1142523.55085,50,1139955.759226,42,1110241.661831,304,1104660.710463,26,1084707.133716,46,1077822.433711,73,1077086.648849,22,1048362.936013,115,999192.132912,305,961954.747112,121,915540.458156,39,838783.085797,141,835940.588645,81,saxophone
4353185.55749,26,3644731.110724,19,2918761.530829,23,2509983.191045,20,2331269.875253,45,2175992.757949,38,2046673.65154,18,1864491.355496,43,1738899.2042,17,1708807.727598,89,1701297.962103,56,1445150.335093,27,1374180.761772,67,1328193.936655,75,1323932.52559,32,1303298.035223,25,1271152.924192,55,1240791.047593,28,1176360.207669,42,1012117.282859,50,1010980.773474,51,971357.814718,22,968320.506775,57,958158.87019,29,901451.8413,16,885576.258924,54,813115.207079,58,782257.148631,84,604557.58884,44,595569.818958,15,576867.7782,48,557383.189757,85,piano
2659865.248188,24,2260940.693812,32,2216402.033255,11,2212038.976646,26,1861244.635698,25,1631199.53937,54,1476144.336449,44,1304449.765701,31,1276662.709389,16,1185499.224024,14,1162632.205322,58,1138415.5221,27,1102937.432957,17,982754.277989,20,978858.17334,68,870574.544749,43,816125.524474,29,803233.44087,55,790098.326338,86,780304.202791,34,777925.535735,33,745767.606725,28,710527.446108,72,707667.156256,23,707271.902232,35,701039.711029,45,665998.986726,41,649061.195791,60,639390.320722,50,625544.454557,71,621183.792703,47,620666.936186,78,tuba
1082500.147165,25,869016.244455,32,868311.100004,14,740656.173651,11,659550.145801,42,601146.26033,17,566206.020508,24,564767.063533,15,560956.814508,12,504558.041684,22,503273.324806,37,437706.39109,28,420435.000069,19,404153.085417,59,389326.358467,44,369164.532122,55,347588.325478,53,325226.567921,66,322717.243058,43,310997.367497,58,310310.62074,50,285152.425418,20,262231.184413,71,253533.932215,29,252824.939778,23,244550.484364,56,243809.485538,68,233627.027137,38,232104.058714,26,226517.717515,74,217756.743276,57,217746.56924,72,tuba
5851951.952745,71,4168332.124303,106,3541329.460101,140,3259413.997074,105,2490827.632597,70,1891220.99378,141,1332376.455125,107,1279541.125156,104,1266994.081858,36,1216521.354027,72,1081826.258356,69,1055220.124654,139,984446.205233,175,834459.422191,108,796725.180332,73,787144.01627,103,747774.723043,142,691097.401801,68,618307.678994,109,574654.617721,67,568381.746632,138,563035.283639,74,510779.020798,102,498682.840513,110,468131.567544,143,456944.569012,111,432396.574195,66,401632.349889,137,392187.038056,101,381260.286192,75,375056.195123,112,361362.555028,176,trumpet
6696495.680253,142,4224702.775884,189,4102580.881604,95,1918336.034899,143,1885450.563654,190,1829034.509935,96,1634326.089868,236,1208302.655056,141,970983.143409,144,949347.400093,94,917572.169102,237,808167.899347,191,783575.859178,188,763546.741366,140,600147.225921,145,508721.349911,187,465392.56208,139,463744.755156,192,453512.045951,146,446891.472598,98,424588.101759,193,423727.2896,284,416865.67255,283,361814.90557,97,351946.691982,186,347195.085467,138,333695.424834,147,332382.035029,92,322152.227607,137,316984.462452,238,310020.132505,331,305193.511985,136,trumpet
6535926.181217,26,3534398.232592,23,2584673.632553,22,2136039.80964,21,1892370.765965,45,1891447.873182,89,1793559.02259,25,1728558.534224,67,1525325.99423,56,1520965.270013,24,1422970.284024,12,1308319.602542,34,1151905.658455,27,978618.350511,30,972903.386253,75,911560.63252,31,908209.44227,42,841214.140844,20,796804.655432,29,782539.267633,155,748814.978704,43,723641.59007,100,698123.497234,199,627808.807542,268,570562.067476,88,558987.476004,133,557807.966496,122,554908.85531,156,545822.660867,32,542261.455147,76,461566.030294,200,451733.259412,245,AG
2328756.453801,32,1503146.047069,26,1347379.722221,17,1205012.187588,19,1155953.274827,27,1131657.861683,16,1003706.318597,31,995362.316388,14,972626.401514,41,967436.820136,20,909190.688678,11,849074.76779,44,837434.303042,37,795109.658329,35,790420.563687,22,770119.088653,36,736760.992877,24,686365.474615,18,663442.988925,33,639345.125269,15,618082.410519,57,545469.985371,52,521834.615445,23,497361.52653,12,483920.110933,13,453933.744111,53,450584.465887,64,439539.309037,48,430524.013574,45,426195.180292,29,409624.042927,25,408950.160941,39,tuba
6733205.169999,112,3663772.80033,113,3313910.919628,38,2949018.170043,149,2425171.166566,150,1985593.168066,111,1460938.447549,114,1411112.020131,187,1080223.694689,110,1016617.170527,186,904674.268511,151,889393.498736,115,868180.878836,148,790567.29025,75,690139.249676,116,666633.511797,109,569949.967312,152,545410.515833,108,468328.598291,147,467501.662827,117,462537.250902,107,426645.167966,39,422741.744609,185,421787.274603,153,390297.012078,37,376209.04137,118,344323.373333,104,342035.286454,106,339041.694526,188,331132.00275,119,327067.480238,154,314928.825579,189,trumpet
6612108.816606,48,2886664.348871,49,2526964.247864,47,1962920.864505,46,1928948.315939,44,1762708.710079,45,1711322.590823,43,1610882.418508,42,1442343.500205,95,1427636.30306,41,1255777.743576,54,1189875.208251,40,1063428.630053,142,1009701.035187,106,1003684.479192,55,960647.356499,50,954897.254101,39,917580.900018,141,873073.539695,94,857980.324616,61,853918.3624,96,802463.735938,51,776556.249751,62,765086.826125,53,749366.968481,38,745537.033199,60,706527.539699,236,619002.911432,63,559738.325156,59,559201.935122,97,523333.842698,120,514874.353566,37,saxophone
2533252.273634,18,2332901.77937,13,2047513.212052,11,1953657.972999,40,1802358.213501,49,1726460.276349,31,1616265.899669,38,1526483.747973,34,1420594.586222,25,1405341.692664,55,1224219.004356,90,1210182.285356,63,1174073.027026,44,1161035.199353,26,1125496.940364,153,1122526.722288,101,1086484.76417,12,1066496.46013,50,1006245.476655,37,955773.261243,53,952542.635545,41,936367.734111,46,930385.323343,21,919240.988305,99,916657.928344,66,907142.507288,102,889718.134924,43,858663.827216,15,833343.33711,22,828326.837376,14,789460.444392,129,789193.360093,91,saxophone
9167248.434712,30,2747122.466929,20,1570543.88385,146,1053687.224075,292,802705.497724,21,792752.364317,59,762832.253124,175,756610.815462,117,695216.632319,321,677280.90397,27,646099.742117,39,643927.013118,15,540667.675315,16,505632.531975,40,483129.084822,417,455608.216647,53,443821.185068,440,430671.159035,88,420408.003886,291,401888.04256,438,394585.672128,19,372879.907239,147,361092.608974,28,317405.407311,23,310233.929422,44,308657.535144,31,305675.344163,66,301212.001544,29,295626.939862,204,293372.974034,293,282767.274545,22,276488.973746,24,AG
6665212.344823,72,4261001.088007,107,3585597.811029,71,2167604.705518,73,1958867.960536,108,1952959.788758,70,1480611.965382,37,1320323.034015,36,1269265.460297,74,1236923.407907,106,979400.7557,109,910725.911644,69,795753.11761,68,778522.217538,75,632432.41227,67,623159.685345,76,593640.176781,110,574121.627918,35,537273.551992,66,475509.620234,65,472349.555973,77,433310.216343,111,429563.667185,78,413636.027029,64,379033.575998,144,361108.789203,63,355360.373628,143,351748.961561,62,350170.519699,112,337629.552748,40,328257.172814,38,297378.523122,61,saxophone
6182331.499602,17,4024080.30497,50,3446191.438575,34,3059034.77422,18,2751232.871913,66,1951419.207797,33,1851056.794954,16,1630436.45477,67,1296968.669577,19,901289.927634,20,800465.318056,32,690318.802094,83,679580.811475,63,662931.887836,21,657490.2148,35,631581.248969,65,603844.783903,15,585946.415107,68,536958.869594,22,535557.551036,70,487521.862805,51,484479.998119,36,480485.383245,23,471395.925218,53,463149.696498,71,461428.137257,64,420379.03675,24,414529.130058,28,400232.712074,30,399646.861541,13,390970.093806,14,368987.910544,29,tuba
4612839.980577,150,3346393.151939,76,3299216.0674,168,3078935.013043,225,2458462.538921,167,2435105.688232,224,2427618.786931,169,2371667.166059,151,1739134.335613,75,1714279.006254,226,1363817.204422,148,1218071.205244,251,1024109.176543,163,1022349.465804,152,1008353.721053,252,980945.386253,300,888091.939601,149,864680.332544,147,858164.750625,166,831337.442275,85,764906.327705,84,704831.799597,77,680830.824842,227,656204.531816,165,639309.777218,301,637072.455319,170,624359.408805,146,589474.845315,299,578318.286954,79,573885.404473,74,573683.583843,162,567842.757957,250,trumpet
7044036.713491,80,5258486.996612,239,2009088.195496,81,1764460.866833,238,1718352.976298,160,1591456.827256,159,1471456.437246,79,1291713.981365,240,1189471.086618,237,878162.337408,82,762486.150593,318,754947.645859,236,715034.340951,78,683428.277025,241,651075.119756,158,599938.436188,83,578871.98194,319,565822.3181,161,515668.667003,235,490591.434919,242,486988.128256,84,456847.930995,243,455661.607811,77,399876.404883,162,382682.737324,244,381203.462265,397,344067.619242,234,338422.192407,163,326638.884798,75,310804.231102,233,300730.929753,232,285089.139319,85,trumpet
4842860.110131,50,4393979.625013,11,3991352.921049,30,3005396.001718,51,2931403.557163,60,1936183.28354,31,1193184.230433,40,1180862.758141,49,1095702.463214,100,1065106.92478,29,1037861.804605,52,975093.060213,48,972526.17165,200,900200.723623,12,891978.046731,21,782785.660183,69,770738.023921,149,695849.624383,59,680766.594774,61,678381.375508,53,658562.701088,20,649943.029061,32,592549.469136,28,587006.544426,47,580322.244343,62,562923.414321,99,510636.471324,13,483298.067283,70,471907.408827,27,470076.858088,63,466631.14964,26,465171.002895,55,piano
1664590.41518,26,1174673.768969,29,1132634.870452,24,1078509.613196,16,1054144.463879,19,1007176.495559,11,859275.310902,32,824193.530722,35,723050.81345,25,682141.676139,34,674910.743862,22,666684.309941,14,625388.677547,55,622731.571395,30,619195.660586,64,616357.945861,41,573390.36377,43,571291.002387,88,535110.0047,42,517978.019,27,515161.059724,18,508547.179681,40,457309.680898,65,453708.893398,44,452090.869465,54,439142.06952,37,436762.041474,51,433879.953146,57,419052.923015,63,417621.766122,28,412225.81378,68,408294.770605,50,tuba
2477217.053408,22,1958386.901834,28,1843734.151515,35,1639574.369485,11,1352778.921114,39,1326461.241302,26,1299053.398754,12,1267271.649206,43,1163704.893284,27,1147369.716317,19,1031971.75162,42,972987.499615,56,966832.366376,33,945150.898509,34,923831.853981,29,901558.075506,30,901116.129876,18,841956.22407,51,808966.587875,50,760371.08422,62,756471.598327,37,719234.275031,40,709805.767156,32,705447.309035,49,691017.102662,76,672672.855021,16,642173.396246,24,618907.477401,20,613801.678952,17,602725.376841,38,577480.609513,48,551298.517901,14,trumpet
6135856.990564,40,3509201.989954,60,2416201.884756,21,2188598.679598,30,2065217.459274,29,1627909.59199,19,1520360.118163,50,1419821.859478,99,1368666.204632,41,1364404.656884,79,1325160.878105,59,1247636.184856,31,1195283.558181,20,928378.48584,11,841298.351258,80,833762.639327,47,816934.365543,61,809625.612005,28,721195.264558,42,682664.991639,43,679713.561332,22,661130.148057,46,651308.067125,18,584518.021775,58,559924.663316,39,556009.14531,103,532426.701103,44,517850.913344,51,509900.169677,17,488302.231566,199,487427.306277,45,477564.668112,38,piano
6342133.562534,17,4004136.514951,16,3011990.131392,18,2347413.954991,48,2262740.699156,33,2192728.711677,32,1867352.208743,15,1469635.622508,47,1406027.30721,19,1394948.084689,13,1099661.685584,49,881270.86605,14,874545.900721,34,774770.593527,36,755268.373559,12,716752.261084,63,689526.550544,64,667835.219548,35,662678.549133,50,634331.713842,11,630265.241209,45,599775.208853,20,566253.354359,21,546872.015216,31,539296.952107,30,528239.000789,44,522529.859304,52,499939.146877,22,496109.865526,39,480569.381049,51,440043.165143,61,330046.943763,62,tuba
6248262.551153,27,2418785.920778,14,2080176.726883,41,1798717.268701,37,1585346.929459,24,1583755.041603,53,1490681.978911,36,1417961.623565,57,1331243.544808,13,1273468.504859,23,1222943.300622,32,1151722.642805,54,1124883.405635,17,1114973.476292,12,1050341.224779,28,1045677.100367,22,1034595.134346,46,1019584.920724,49,1016362.600587,11,973502.094068,43,890931.982195,85,879674.143164,40,878930.167179,16,872684.430718,42,844815.91879,38,807099.375811,50,793854.937975,93,793850.953045,18,791281.484453,107,775186.339706,67,756068.916627,58,751154.108389,19,tuba
3669508.051697,30,3216166.224743,31,3018242.945467,11,2995011.186625,23,2892442.841253,42,2778764.164221,20,2753314.559114,21,2039899.742222,32,1956309.131534,12,1734029.935928,24,1713962.983197,22,1661033.334992,44,1480988.157298,29,1198144.198586,19,1080543.857124,46,1052398.670266,34,1007040.413419,25,999945.36064,39,949652.602915,36,910271.611217,13,890538.585778,47,853630.869537,53,822871.406953,26,801297.14921,60,800691.594918,35,785634.19086,33,720141.965207,40,705371.144663,48,681675.953791,15,654609.102045,38,611767.939912,54,601297.400018,37,tuba
0.0,11,0.0,12,0.0,13,0.0,14,0.0,15,0.0,16,0.0,17,0.0,18,0.0,19,0.0,20,0.0,21,0.0,22,0.0,23,0.0,24,0.0,25,0.0,26,0.0,27,0.0,28,0.0,29,0.0,30,0.0,31,0.0,32,0.0,33,0.0,34,0.0,35,0.0,36,0.0,37,0.0,38,0.0,39,0.0,40,0.0,41,0.0,42,saxophone
6504044.10248,71,3389822.755475,36,2949221.883186,141,2512203.833384,106,2026519.128317,105,1938922.540005,143,1851472.347655,142,1606371.602408,107,1466131.511226,211,1407350.267104,144,1361766.346114,176,1183101.999883,175,1093643.931174,210,965450.597243,145,891414.93968,140,872093.709888,139,816852.373193,73,777696.242854,72,706226.046163,74,650904.786304,146,615115.808116,138,576194.902556,104,574441.384591,178,562247.580978,177,530351.289022,103,501162.964997,147,493236.474497,75,451025.713263,136,447378.821658,245,441899.200403,37,435174.44997,174,406710.180123,137,trumpet
3854958.251184,19,3758453.332979,38,3484781.748151,56,3372213.868895,37,2944493.450044,92,2005774.885688,93,1648078.070519,20,1579042.26897,111,1545604.794177,110,1516810.460137,74,1514461.984408,39,1478870.965976,55,1450764.224191,147,1396077.504747,36,1233171.432653,91,1177343.202173,165,1147129.830878,146,1031913.955412,94,848863.130569,128,793237.106542,40,755360.539367,109,754082.056044,57,748992.971252,148,732870.581121,35,730734.544955,21,729856.111965,164,727586.66344,18,723272.101072,22,665495.669868,124,657940.789426,129,636127.198981,183,634020.850673,130,trumpet
2133433.53431,37,1641251.001678,11,954345.71789,12,818158.477399,21,801768.256549,42,767355.239076,41,763567.588196,14,740169.001926,53,693547.961154,60,649392.065505,17,593363.631927,49,580667.144533,26,574148.592856,30,570091.25943,106,535690.830511,45,530865.365129,39,517856.24447,69,516144.691498,95,509383.375062,75,442923.666367,20,438740.56413,84,433094.905174,87,426738.28323,33,422793.89438,68,418547.754873,58,411158.043147,55,395920.304617,56,395648.960029,71,388704.072698,44,385298.71363,97,377929.452123,94,377735.893163,82,trumpet
3020345.063324,67,2824503.325043,62,2766123.565252,63,2479662.188125,53,2350051.133716,132,2346005.841991,52,2219606.277645,54,2202510.698003,133,2105726.523678,66,1913042.107597,51,1776488.050902,64,1697775.136592,134,1689046.740033,102,1615568.817459,103,1537257.279392,55,1463454.651699,101,1352440.228371,68,1285143.949802,50,1237356.365483,104,1225930.132807,124,1158468.224946,65,1060970.076673,199,1047449.312533,100,1003903.318075,69,998681.086225,131,974609.528027,58,970678.857988,118,952831.100104,122,951922.611618,57,858827.352645,125,813762.082923,119,808766.287986,135,trumpet
5111548.493723,71,4802875.409005,105,4093677.428539,106,2912660.751402,140,2411315.769849,70,1878286.062964,104,1577795.016231,72,1458738.138711,107,1227331.044795,69,1208898.530968,36,1192506.472946,175,1168209.098642,141,1021863.513545,103,889845.550627,73,886871.870209,108,666062.987324,102,665556.001036,139,658699.818285,68,621713.531913,109,547878.934738,101,522989.644937,74,509589.191481,110,503535.956272,67,476032.457089,142,451632.474802,100,443995.307406,210,426842.394096,111,401600.749647,75,392021.455853,99,374282.680777,76,368479.359401,66,352367.763025,77,trumpet
2404925.748416,11,1975587.605671,35,1843316.819516,12,1824556.038395,41,1715792.152432,25,1655335.164707,28,1344828.372146,34,1328380.844477,17,1293720.769699,24,1154231.489002,19,1126236.85739,14,1084595.068791,179,1048350.271738,21,1013269.644899,37,985646.424505,31,946331.795547,42,914917.304164,36,896000.451688,20,890941.780324,29,846933.006425,18,843347.395904,57,831922.263915,44,822693.211321,180,820187.117748,61,812543.848821,43,806478.49915,62,793149.260973,46,776417.823755,39,772164.786515,178,762401.544212,50,710720.502097,13,670611.226695,189,trumpet
6325299.074475,60,3663497.763032,59,2674109.374436,61,2666419.443653,119,2325306.391227,118,1967947.43833,117,1965145.713393,120,1961037.593052,58,1426803.112568,177,1257751.482255,62,1232172.713883,57,1071121.240288,56,1017818.968868,121,936330.26947,55,899184.245377,63,834477.012931,64,813058.433653,116,710129.102601,65,692932.892589,122,685238.066058,123,661687.865439,178,619299.690147,54,563516.013467,53,493495.863206,52,487595.294897,66,470536.626209,115,455975.127244,67,435092.516255,124,422941.723579,51,409180.477521,114,392251.248349,50,385975.439893,49,trumpet
3851519.707777,40,3377501.177907,30,3084757.206085,89,2811241.024866,67,2639460.880835,100,2261552.3413,31,2133451.296889,99,2098492.102304,60,1942203.203388,34,1911426.236357,29,1659659.350843,59,1624938.694667,20,1499719.813998,22,1464112.70373,14,1337321.228577,21,1304133.796092,66,1071903.840091,61,1006317.836966,65,1003468.463445,54,1002420.181547,32,952497.874735,27,876374.65812,25,821303.48744,106,818254.106545,101,786402.530273,11,770366.57288,26,733021.876071,35,692634.1057,64,668395.079325,33,639878.626029,98,589279.612673,63,583100.664154,24,AG
7186526.950157,14,4009864.994347,60,3125604.079248,30,1997998.21474,27,1823678.296115,31,1468728.931236,59,1042728.623167,34,892982.540111,29,884514.360936,32,882881.97073,61,864853.856097,17,843659.644261,73,836513.959654,47,791302.097316,40,721111.038357,53,704892.468286,18,674022.175339,119,642432.05905,100,629299.512185,15,611486.294023,58,603610.787648,21,591612.265113,28,582905.436431,89,579322.631885,41,572287.792878,33,569635.183613,16,559957.83822,178,511421.830853,26,509047.921644,148,504525.611409,83,503540.269089,20,497476.997782,54,piano
8125960.494691,40,2743825.938023,60,2296634.026847,30,1924552.689266,45,1553571.39734,41,1521082.763713,26,1364557.724462,31,1186835.446986,59,1164877.46063,39,1081481.177418,50,1056648.81754,67,883828.58801,25,844655.626607,23,779473.732353,11,668577.844546,79,661386.195781,42,657008.438602,29,628156.288893,89,623416.235522,111,615587.76848,43,603966.447115,38,554527.366418,32,520650.496789,58,514936.615153,20,458109.74966,61,446046.461846,47,443896.437557,51,417953.90253,80,416298.187416,44,398039.560447,99,390012.065868,24,383373.236525,49,piano
6726911.090174,48,5792662.313473,47,2140835.593556,49,1998748.681949,46,1977327.223382,141,1409496.473365,140,1271937.4412,50,1189070.374775,45,906416.088969,94,889995.481256,51,841385.092463,44,726483.530866,43,672388.269421,52,566720.298873,42,537691.689276,53,530181.517256,142,476643.285812,39,465749.629846,139,451104.624732,41,445772.065996,54,396082.560663,55,389292.776673,38,350289.082361,37,347200.162752,56,317648.954507,40,302880.91536,36,301855.846304,57,298373.147359,35,296209.934442,143,276701.435187,34,265191.118581,58,263560.175946,33,saxophone
4436697.156562,21,4262221.078341,20,3744541.864598,22,2625975.107922,19,2489996.691018,25,2315863.547304,17,1510507.887605,194,1404004.673717,364,1403526.84777,12,1403111.561971,195,1369139.085006,23,1334274.520128,11,1230485.338888,30,1206031.341336,33,1122748.432831,146,1089160.867916,363,1066345.931296,26,1030237.309207,34,982006.756819,31,976925.820036,414,899322.872086,13,889881.910457,49,868690.979836,16,796041.386989,29,717116.97059,50,662014.941887,14,633552.81524,18,591099.916218,24,590912.30184,292,577014.94657,219,554321.753252,316,545156.515543,15,AG
7347421.489272,60,3733281.107651,27,2243984.165776,30,2193317.116122,53,2087723.916047,59,1678422.5975,34,1427294.770654,61,1248652.736369,31,1223999.156494,178,1160571.099712,40,974517.605617,28,902405.884954,119,848764.254645,29,831318.179272,58,812662.64497,79,720032.341679,80,681324.247281,54,662749.26624,67,655021.615457,52,649105.328496,148,648106.014124,62,592215.887812,106,590812.2548,149,565546.926873,57,531484.843915,14,501777.105621,63,488974.411418,179,482129.859868,32,469410.800544,50,458948.555836,51,446038.226378,47,401470.713971,26,piano
4068931.116749,22,3702538.40673,21,2928099.318507,42,2526207.296148,43,2192534.038383,104,2049852.217216,84,2030896.505254,20,1636628.767899,83,1526015.097577,105,1462121.902739,146,1432143.433038,129,1297105.011572,63,1289693.090481,111,1281762.358915,103,1214591.559453,147,1192092.512934,23,1178804.722266,39,1171267.959387,92,1130098.419154,19,1100686.528641,93,1065602.973728,38,1023801.765112,102,934986.143597,64,925036.16665,145,898597.994895,56,887697.077279,82,751906.777076,85,741629.251472,123,731718.904201,127,723875.521844,57,719215.10477,144,718089.28817,40,trumpet
2476485.295157,24,1913311.637065,11,1400107.135115,79,1394866.063418,12,1342293.535643,25,1275278.801201,15,1259252.826632,16,1032045.048333,48,921502.798108,14,867446.22249,32,838938.15999,13,662827.461747,19,634095.708846,17,612410.629124,35,599459.783354,87,598088.933219,142,563196.842485,20,547980.608617,158,524527.029637,23,512958.874124,111,510013.277677,103,509284.966448,329,502718.535677,40,496268.941789,167,483203.441396,34,439846.494566,56,439263.519366,95,425794.295979,26,418832.797622,27,403261.553819,330,395204.922506,141,386741.916753,165,piano
1330711.106502,23,1199610.510252,19,975080.930068,25,940089.381293,24,869620.007512,18,794197.962695,13,650764.926035,16,586805.510707,14,558599.206526,20,551339.451438,12,486802.690141,27,421427.254978,15,402638.838148,26,361246.07585,22,288210.670412,28,270755.798314,17,259789.21047,31,258444.761488,34,253020.562394,21,230729.97354,38,203380.2005,32,179331.273617,48,171208.765068,11,128073.904858,30,123369.714485,33,107420.089669,29,79792.448343,47,79303.467497,39,74173.056282,46,69330.980743,354,69211.071192,42,68282.93064,66,saxophone
5857813.176962,17,4695973.556856,48,4539005.268101,32,2776508.00554,16,2096700.315528,33,1259861.420085,18,1245829.66421,15,1143302.718165,31,1106915.889941,64,1070769.790053,47,934871.285824,34,798698.097587,30,758087.393095,14,713192.940347,63,701817.038104,19,570546.802109,13,564869.454887,50,561274.108746,35,541451.420792,62,532420.509416,12,522980.916849,49,439987.280515,20,417367.096802,11,409489.946165,46,388374.533113,29,375223.770355,36,341519.512423,65,336916.619041,61,319248.055148,22,310736.115362,37,310394.363637,21,298175.576946,27,tuba
6879035.041538,71,4159743.601256,36,2844072.532752,72,2325812.679303,37,2028768.245148,106,1857098.754808,70,1698244.361472,107,1458030.765377,73,1277249.843978,35,1021449.667078,69,904326.088211,105,856278.370451,74,853517.484797,108,774810.548914,142,737002.960179,68,672531.013251,75,661587.435669,141,630981.145714,38,614019.922436,34,577082.200246,67,535109.34462,109,532597.459051,104,510071.732256,76,504545.537267,40,476738.759185,66,458670.880931,77,409207.345185,103,403561.068389,65,384841.493929,33,379781.537773,143,379407.531708,78,379179.82526,64,saxophone
5647359.167482,30,5630095.496895,26,2570390.718531,31,2161441.981853,25,1834562.757387,23,1622606.840858,22,1589392.077065,89,1336108.367083,16,1207788.535625,27,1057901.63621,45,994986.028783,28,990667.832311,32,975875.061556,21,922910.520412,29,879319.09361,43,860842.258495,24,802337.753115,104,717459.597116,133,715827.462121,44,679518.204628,33,619252.989052,88,592145.427087,103,568017.308109,18,556333.678406,17,555621.175705,34,526523.767556,46,515664.445764,67,514160.988904,19,486800.482274,15,472909.33418,47,455704.627628,68,448997.609425,20,AG
5973039.915568,19,5009472.360595,20,2682169.063186,29,2463242.058827,12,1978961.202955,24,1832612.500158,18,1731970.275525,38,1635428.116762,21,1276429.29171,13,1083212.64574,17,1041247.343169,22,999519.936618,57,911398.152129,32,819299.695592,16,712013.319986,56,668032.020987,30,662237.547764,23,660821.859549,28,656352.918308,14,633265.018085,15,602401.951928,75,573407.845496,11,544833.905529,84,504274.117228,31,474396.608688,64,439262.120927,180,422353.500654,33,366712.827928,118,361196.081745,85,351707.998367,43,350343.295549,26,342364.306514,63,piano
3760104.266256,48,3294393.021576,47,3234311.306946,141,2910570.896481,140,2754428.762524,71,2459438.890927,24,2351379.721961,25,2127800.206204,164,2076045.397112,117,1461310.577221,95,1418108.12157,22,1369237.280237,93,1238961.544001,163,1221751.771766,94,1144548.191124,70,1100191.432695,165,1097048.104526,118,1069151.517982,21,1043487.934533,139,1025656.256204,23,978553.754665,142,904178.962765,116,835326.887759,114,813167.0801,138,811940.929316,119,703619.675659,50,701876.95535,92,682621.404155,96,662992.17483,51,651927.181787,45,631780.22169,137,615383.533796,20,trumpet
5689668.331056,27,3937791.692676,53,3584823.784373,52,2667933.317368,26,2334059.717247,14,2242252.482546,40,1631631.892905,30,1598398.879537,44,1338075.009782,31,1324788.774775,59,1170629.910052,51,1112804.40684,54,1067233.153498,50,1062379.131898,28,1038199.601844,66,1020658.564089,25,982851.76446,39,899124.890516,43,898287.922199,45,874539.455635,65,802805.69426,38,776729.046121,55,721964.792372,49,616323.123336,29,612815.033738,42,590250.520566,32,512746.151176,33,489779.525723,37,476552.450484,35,470581.070006,24,424283.225674,23,423983.614934,34,tuba
4649968.551233,71,3622595.142143,70,3277968.952268,72,3163596.781588,210,2955220.877921,209,2176557.569275,211,2060344.752549,106,1596408.795945,208,1522630.208269,69,1203524.799911,105,1178816.736667,279,1121594.383796,142,1107435.846864,140,1064439.495514,143,1012543.49731,278,963154.288271,139,942259.381382,74,839865.843637,280,836059.455226,68,807130.452727,141,794070.808604,213,773239.572156,107,759674.311763,75,747607.213461,214,737774.382972,73,733450.764453,136,700471.804215,104,692169.187858,137,666902.374567,77,607834.746765,349,540209.430584,277,532905.737495,206,trumpet
5554504.333435,149,4178704.916056,223,3786549.422861,297,2936197.043903,222,2217022.394484,224,1795580.634555,150,1735984.620645,221,1594770.098919,296,1364764.105664,74,1151813.096308,147,1033986.798743,148,861416.005579,299,836729.651118,76,818058.511623,77,797149.95602,152,733440.138765,518,732921.024861,153,725545.04295,73,691192.80483,71,668394.851962,151,652480.016956,294,635396.52514,519,598161.321721,75,592136.364447,220,569727.184596,70,557518.411503,445,551981.761334,293,522282.325785,593,521130.182103,78,509172.482969,667,504586.382879,295,435331.613458,292,trumpet
1952209.095722,32,1454018.53433,19,1448419.697874,25,1446669.971137,20,1275028.765149,60,1264885.099111,29,1153192.693204,28,1096263.449273,27,1047176.997809,18,973029.426133,24,870761.307698,23,869758.382514,39,847812.359529,22,838589.656912,41,778235.304098,69,773923.032127,30,753934.354615,26,742690.86511,16,735600.708566,13,724405.385519,31,641723.49949,15,630774.969945,55,626294.323742,42,587199.596226,11,584412.003407,17,581041.681017,14,572877.112411,66,572572.284029,21,557713.715814,90,526686.187035,44,514892.270079,52,501928.77303,106,tuba
2810791.556142,11,2325306.362681,29,2307116.361553,41,1762903.559242,50,1596282.375832,40,1437035.151862,52,1424274.369568,30,1400318.232675,17,1357988.405216,21,1328074.622616,28,1267262.8013,35,1250115.635006,60,1248018.224395,16,1182616.613405,51,1142134.386205,20,1105225.468181,48,1100093.652434,14,1083633.219828,47,1065772.192079,39,1049549.811039,19,987975.578445,34,974938.85035,26,950623.925513,61,921715.16669,22,902502.631028,49,883996.984068,45,832086.210229,63,827017.781754,18,769102.980028,31,731271.345147,46,657010.726155,125,631884.26058,23,trumpet
7179901.256235,17,4094777.310237,48,2969592.012813,32,2631263.11316,16,2264132.433571,33,1737253.230388,18,1073957.248685,49,1023968.816621,64,1013213.213496,15,972113.104765,19,951416.192294,31,788049.943995,34,765234.832097,20,677513.640766,50,665084.629039,21,641531.868379,30,627216.426401,14,547266.487563,29,541416.927033,35,517048.487383,28,493771.9184,63,453553.559547,46,443345.056279,22,433481.705463,13,429112.288195,23,424562.489498,24,424115.224009,27,417416.318429,25,410848.955407,26,365272.671635,47,328390.072423,12,320195.44674,36,tuba
3558950.971596,32,3499451.90999,33,3246093.48906,31,2964931.127458,34,2559385.895206,30,2169832.318959,63,2164914.718849,35,2066604.372417,64,2062802.90712,62,1767513.099207,61,1752839.70938,65,1735997.028077,29,1378375.136286,60,1335435.140617,66,1289460.577889,36,1003624.190046,67,991575.640208,28,968886.366787,59,870733.810876,68,794300.897073,69,759041.357018,39,687528.435728,38,678485.14863,70,667963.640982,89,661206.740954,40,627696.318655,88,624828.79394,58,620871.136761,116,612146.64953,25,600689.136215,123,590450.840474,37,587019.056508,90,saxophone
5058273.711843,64,4723887.499464,33,3945301.811295,32,3166026.153895,95,2489102.773319,63,2326475.353497,31,1686086.15386,34,1630407.437577,94,1174035.378257,30,1039550.232801,65,1011979.715738,35,943541.363405,62,781489.674269,29,774483.31839,158,751656.344788,157,742182.855112,36,666437.166898,61,623638.401326,28,601691.312187,37,598827.746968,66,555385.141042,41,491769.389431,27,479406.240883,38,453198.000833,93,431251.008607,39,424945.264217,60,416968.037949,26,411220.5647,59,401298.540937,42,398524.262642,40,390912.410129,67,374516.99557,58,saxophone
