2993862.612894,16,2743693.309361,11,2329730.021386,13,2314748.216159,12,1876649.325491,17,1765283.494348,14,1597365.359191,15,1596499.801844,18,1434519.80504,20,1386429.826801,34,1261889.042407,35,1224643.738819,31,1003964.30591,19,903993.20923,23,850896.153586,24,836770.232241,32,818927.837282,58,699435.884635,30,645841.948574,37,582643.950144,27,561547.631626,22,528682.251752,53,502528.451855,36,447389.367856,47,436142.184031,135,426738.537504,43,418521.928694,77,412632.798286,68,409206.202052,102,405737.200715,54,401865.62596,359,394879.622274,50,tuba
2839133.402854,48,2716413.197098,14,2291290.745596,11,2072897.69527,15,1582335.209293,22,1544604.563534,17,1501990.676148,93,1441842.280698,18,1289882.096661,104,1285656.584528,75,1236293.261986,47,1221636.655341,20,1208634.101047,74,1207534.314811,24,1205574.276342,64,1132503.889033,46,1092933.615753,108,1078315.685057,99,1053324.394812,12,1030102.112568,40,1024440.424216,26,1023586.882509,78,985421.838051,58,939073.551732,71,924850.636477,49,922843.189157,96,899824.087284,128,882746.484197,70,877758.294311,56,877598.152958,86,863438.578051,97,857723.261857,117,chello
7056386.181677,56,5279301.905034,57,2298705.787808,167,2046949.558379,55,1818678.487021,58,1440072.489706,168,1227326.655718,54,1138545.202814,59,916616.894252,112,855127.461569,53,822644.992744,60,742783.619133,166,659847.974918,61,636266.927816,52,596226.875923,169,549357.054186,51,499955.291436,62,475805.408867,50,426866.345348,63,401404.739101,64,396814.655689,49,392204.766041,89,391341.53346,165,385909.374595,170,373769.073867,148,365479.953907,88,351699.386778,48,341566.868706,65,314833.227104,74,313032.146612,47,306344.772766,171,302782.812176,66,flute
6013946.002063,40,4161288.134458,27,2775047.88032,53,2187510.790652,14,2003204.359133,43,1951988.983464,54,1895491.382827,41,1485394.997738,39,1380877.457265,71,1362167.167608,60,1360533.924905,28,1024910.559288,38,942324.88797,36,926429.890386,29,850804.962134,55,790932.30479,26,745234.92576,37,728340.099725,11,700839.193586,52,696972.456307,42,692510.626904,44,691502.118695,56,571964.151779,30,511260.925337,51,487973.501997,23,477685.404338,31,474683.870136,32,458433.523967,33,455104.520751,35,447215.904798,12,428665.124278,45,400772.750298,34,piano
4603421.786307,15,3476387.203973,12,3101763.47541,16,2810494.662908,23,2475504.339794,27,2089818.713921,13,1975339.105117,24,1967511.125064,11,1923653.355738,22,1835740.465353,26,1570866.98649,19,1488284.144186,28,1419345.321896,20,1379579.91231,17,1240282.959803,30,1239159.572508,14,1146895.539074,36,1111579.519684,31,994568.056222,21,939794.192027,29,904323.750191,45,880047.63026,37,827275.728138,53,808707.98812,52,794685.663577,35,770773.046813,71,722214.432305,44,715310.804892,70,670641.283071,25,618874.53251,72,545042.489193,18,524024.011205,54,AG
7656521.645865,102,3612649.976799,52,1880040.880633,203,1713363.160627,51,1705253.397753,103,1687103.008665,53,1660253.379954,60,1202326.82773,134,1176978.285269,54,1120701.568014,121,1086474.111517,120,1024030.389814,61,920793.991802,153,800873.060605,66,759013.100044,100,717114.446313,122,710716.018033,50,645443.518876,105,593594.241074,202,536198.975345,180,458530.956636,55,455395.749825,206,429503.35713,89,419780.761773,106,414863.877664,254,402258.147634,56,397670.170951,107,396774.88663,152,373414.340206,82,365515.603756,133,358921.459697,49,356794.08091,179,flute
2719235.90807,14,1800232.58563,32,1798842.733795,35,1322839.503718,11,1152496.700354,58,1097922.795873,154,937634.526079,17,865879.648386,34,857065.627487,68,853073.488207,66,817171.176174,39,787605.398867,13,776848.510626,114,770789.259193,42,738481.856072,29,702563.729391,12,686665.277444,43,684903.84861,22,677782.698694,70,676111.572377,26,671351.457297,25,665343.412727,912,664089.035041,20,645293.926256,153,642427.854865,16,639256.356199,122,632674.695663,24,630003.610297,19,627331.929826,28,618808.078062,173,607300.652865,27,596572.64016,40,tuba
2385716.228493,34,2027986.153101,17,1532945.021937,22,1505160.134075,16,1465006.683465,58,1235093.72516,173,1165435.345861,24,1121194.434557,30,1060866.918132,14,1041674.218299,35,978440.557889,28,969051.223362,33,896307.63088,27,803908.1109,931,797932.101664,20,752762.641105,36,718393.65595,18,713616.499505,13,707896.398529,42,668521.659901,19,668103.268371,12,659397.244713,26,651589.480514,57,635367.272825,113,607206.53544,53,567508.487461,77,558563.839529,241,557675.142791,48,548673.459514,242,538357.710737,260,527337.535026,171,526550.221307,72,tuba
6536946.717942,102,4678947.428166,101,3417943.861511,100,2763723.626497,103,1839591.053102,200,1565544.382943,201,1257419.987392,199,1133739.671755,121,1130206.065082,61,1119343.745268,108,1046708.779057,99,920922.184036,202,847768.365028,105,827549.50869,110,758296.852769,104,684143.982617,120,543392.841838,98,530489.370333,97,527853.7566,198,516506.031462,204,515881.266504,109,498788.015339,62,350867.290771,107,344698.059078,122,316940.016145,46,309655.742496,59,309123.912984,111,308094.143464,90,285921.021775,60,277371.653346,94,271552.278133,119,262862.667371,95,flute
9111108.516453,149,3605338.216689,148,1619849.225765,150,1362444.74358,147,722880.377055,146,709512.067266,151,569451.896799,152,506926.281327,145,468693.483242,153,416964.794527,144,373888.815041,154,354894.053164,143,334361.441555,119,305016.030792,155,287974.514463,142,281832.265169,118,264281.442145,444,263557.78697,141,260688.157019,156,236973.482279,157,235030.557207,140,207187.905411,139,197485.164443,158,194631.528587,159,180070.321474,138,176359.034599,160,164230.629845,137,161834.776613,161,155459.535631,136,153186.053991,135,152485.012038,133,150351.075331,132,flute
5632745.706488,119,4557071.609661,118,3843888.076948,112,3399119.30667,120,2546390.772083,113,2058507.587905,111,1992620.619832,117,1413222.986709,114,1255290.403968,115,1250146.237013,116,1048392.109486,121,861617.157695,122,791194.159011,110,617066.86306,123,558082.956176,109,448008.026985,124,404946.590921,125,397943.142886,108,335393.503021,126,335389.653962,107,291342.416165,127,275181.4386,237,266122.456277,355,265187.504089,106,258620.314087,128,249403.937902,354,239039.529912,238,233241.912209,105,231357.687681,129,211085.48674,130,209475.065682,104,204378.067955,236,flute
4793975.828293,135,3848235.611626,27,3526210.227075,35,2444123.686366,20,1976083.899697,134,1822083.762149,19,1772484.864055,34,1714009.383048,33,1559731.342137,28,1287620.898367,136,1209069.979519,26,1177764.197162,41,1093526.919499,23,1092294.516246,137,1014222.199302,24,974394.947829,25,912574.966485,43,871691.256958,37,834375.923581,32,819595.496349,132,806976.492979,21,795697.463522,40,777878.699009,53,772555.666989,18,726888.434518,268,702084.20057,90,658591.007431,36,646336.012832,269,645963.875773,304,624372.138159,291,613374.580593,46,607860.709781,42,AG
6184424.072501,45,5503413.572089,89,2332785.111257,177,2214521.286784,32,1918389.690878,14,1728619.598768,221,1548472.865555,27,1474396.448886,63,1333222.51323,133,1202864.677026,40,1061351.079594,90,882874.622859,265,844238.346627,119,771431.512441,53,767259.653222,95,751533.572012,94,706502.250175,91,678113.63379,266,602737.840928,106,558808.336325,88,504078.163258,54,445148.06061,176,434115.644441,134,433171.493142,93,430099.848265,92,419594.094576,159,416229.388698,80,409436.779392,267,389079.018697,353,374281.125334,87,346514.017602,62,346477.690243,132,flute
6327295.530371,45,5254650.318742,90,2984464.729273,91,2118608.780443,135,1840778.127891,46,1400486.015232,88,1385156.406827,136,1376909.283281,178,1166516.58296,92,1150135.628105,179,1065503.210958,47,1060329.340186,89,1040843.454472,224,867815.041394,44,698638.489251,223,665928.016553,225,647153.145079,177,644830.554363,87,623182.760904,134,599647.043883,180,570959.928396,48,452266.347085,85,449164.524723,86,425579.195231,222,398053.615976,221,390685.439938,132,377988.973181,267,375398.048987,43,369240.023469,84,356807.38878,137,331549.686745,133,298959.201272,83,flute
2564923.280639,19,1954639.722991,13,1847279.247053,12,1491884.463813,17,1473947.141579,15,1261572.379329,22,1232397.206776,25,1160463.424533,34,952437.385937,28,885264.22826,68,860866.440281,14,860856.276145,31,798358.6097,20,796029.137409,18,789740.204855,58,758171.477334,46,747200.73605,38,730097.106945,35,697943.724662,26,691714.822016,53,687789.109646,54,680445.486199,24,634118.231182,21,624683.930907,57,615480.656567,16,600810.239794,173,597090.690282,30,587258.489108,93,577074.964715,171,566350.013466,42,554094.41948,77,539958.90592,78,tuba
4126581.682558,89,4111362.664824,67,3275013.564885,68,3136045.589704,101,3006469.009637,134,2457875.391774,100,2443265.005832,90,1999171.912374,133,1509958.030746,34,1294277.228863,92,1287432.774683,135,1178471.222778,88,1123857.189767,167,1045780.53875,91,984888.109144,72,966483.189072,166,923485.615473,136,872776.066755,69,744472.728116,234,741374.371314,99,721117.578407,66,641820.309594,87,589499.673499,35,578061.067422,33,565394.048677,71,553316.043359,102,532370.152803,233,523462.424666,70,510198.485504,143,490571.155401,179,479714.568851,107,473045.367485,93,flute
3710501.302322,13,1622677.811938,12,1563467.116957,14,1510818.087275,18,1292145.694622,15,1257010.50606,16,1237010.093888,51,1211775.188588,19,1183693.480177,25,913548.6733,17,856032.965022,54,732270.266264,23,718909.732884,77,718767.026423,11,709100.32373,32,702402.377969,52,697257.491635,57,686891.349627,98,655865.110973,80,654228.853901,78,652712.531248,58,639191.110631,100,622627.517655,71,621028.184174,104,589555.559922,55,570660.00838,59,563045.686369,65,562351.705152,70,561228.237521,81,558176.322217,82,554981.106637,22,552375.843005,61,AG
3238788.661803,17,2555266.314054,16,1848314.356202,20,1726097.925252,35,1696875.638804,18,1624488.597809,13,1528020.835364,15,1381159.740794,58,1338626.554614,34,1041296.853994,19,1033949.893455,21,970609.109422,77,942224.317803,29,837674.640147,51,823723.192319,31,809507.987265,48,808137.786083,30,740895.617802,33,672235.138164,25,668492.000738,67,647632.730769,43,633201.0735,78,630588.440607,44,610019.696265,285,599078.425261,835,589777.153983,219,589018.762513,14,577080.426521,49,570554.316748,26,563981.914763,60,562430.455613,206,547971.768745,231,tuba
5548108.553341,40,3158275.629468,58,3127616.545905,44,2547783.339827,23,2398960.766885,53,2007218.009404,57,1814528.902603,27,1565750.152773,71,1478148.547964,39,1454855.093871,18,1380463.67246,41,1261783.681833,35,1204648.979338,45,1197566.778709,54,1175298.954952,28,1151020.587752,14,1129450.308008,46,1042762.094612,62,971500.101487,19,902784.51736,48,887642.708883,70,882370.06479,37,877442.872613,75,828938.959986,36,823771.435304,66,816191.838786,47,798637.859195,43,758514.738298,42,677382.809037,34,635601.362741,52,609848.555809,50,562770.541878,67,tuba
6373181.209733,48,2972491.800256,22,2913420.227192,43,2539835.824065,15,2522666.103023,47,2085012.182597,29,2074477.34357,42,1604821.167292,24,1599568.253112,49,1014560.042205,50,909019.537874,71,892391.352117,84,891585.66924,11,879262.797947,46,833821.175838,51,818032.482954,41,816335.641072,25,783744.522708,23,713939.107821,28,703304.094619,44,681541.8124,52,641853.06737,20,604895.59041,21,541349.432454,53,534481.563173,45,530359.494247,40,521505.565892,19,516536.975533,16,499751.404606,17,468088.718795,54,459699.08867,55,445628.338257,56,piano
7770498.461941,40,3049154.446338,41,2805313.499298,43,2227352.564662,39,1871892.439793,27,1436463.500094,14,1426708.479388,38,1092620.848372,44,1034323.100806,80,846702.563944,37,834029.734772,28,830163.107559,54,816263.154567,53,782579.410982,36,691099.776831,35,663064.133592,71,637977.838965,34,634711.43444,45,585689.694504,29,578978.570786,79,497531.711007,46,494327.419112,33,480468.936267,31,463393.736355,32,445554.677432,47,435492.072363,30,417717.578162,48,411302.783056,84,398898.238252,199,383541.464623,55,365817.911869,18,356737.221064,15,piano
9578663.143699,40,1785267.313608,41,1355981.925507,27,1242936.978609,53,1061688.807309,39,791139.198494,66,788526.021558,37,682745.157168,42,621824.114281,38,523938.630639,54,465783.328625,67,449426.887802,26,418852.351865,43,375070.340182,28,373138.329916,44,309474.170057,14,294626.139077,24,282590.292032,79,277693.204954,45,262987.016157,16,254213.978104,35,242530.560931,36,234175.76045,23,232122.744158,34,226235.56131,118,211158.47999,25,203027.590718,33,203014.045898,131,199264.703285,47,195084.223377,70,193773.605988,18,183729.156247,119,tuba
4359627.515741,13,3473782.624783,251,3284301.703003,51,2750326.87473,101,2536774.009403,351,2105352.127666,25,2060090.474031,26,1912501.662422,201,1891774.994304,12,1830192.325984,18,1468632.628308,19,1189583.05482,14,1178145.494496,11,1166621.196706,24,1133025.312932,250,978836.337957,16,958483.739136,15,871660.78239,100,821962.953452,706,767817.101681,249,750392.462213,102,704947.671447,655,684655.922925,23,665180.802945,151,609261.346341,104,590942.788793,103,576113.556888,252,570091.401525,71,547061.818435,27,474059.910706,248,465848.737811,255,412183.909207,64,AG
3221050.983312,28,2485272.3997,20,2436727.184785,27,2250458.510141,23,2173710.047804,26,2021912.395526,42,1911294.503349,21,1869661.623197,19,1678648.949698,133,1584605.363516,41,1514506.393994,22,1407534.04038,29,1370896.301922,134,1331874.015069,40,1291261.818886,34,1219215.084731,35,1191937.320612,83,1126412.816401,56,1087018.521725,53,1035162.769897,43,1000588.368017,44,957807.978525,59,937036.674131,131,922446.923633,82,904493.474858,58,884833.779264,54,845520.83308,36,832816.534082,80,811938.953163,74,758888.250427,140,746666.608978,84,742175.403597,130,AG
1023555.511011,12,917157.446952,13,874232.24835,11,811815.532585,22,811416.153283,16,793880.849631,14,657902.222272,15,647837.309729,18,610665.429159,23,601105.418689,21,590421.500056,17,547598.393024,19,521888.886126,27,515880.216089,26,508647.903837,995,507046.100485,237,504862.651633,46,464110.057487,35,457551.940279,49,443880.559994,238,431887.648019,30,431558.939888,33,427122.023066,39,412627.147761,29,407821.389757,1421,397641.076876,1279,386359.415733,28,382892.352731,85,376322.167465,69,375713.159565,1078,373870.465043,96,364808.750404,901,piano
3907877.925182,14,3845748.152834,13,1260529.802102,16,798563.968577,12,720015.903577,17,683297.758295,11,633147.366853,15,502400.872634,27,456849.504699,22,409989.977893,26,381616.072035,35,348622.975543,23,342105.688001,28,313034.37944,31,309781.436601,18,283818.854557,34,252379.313273,36,240864.643539,33,231669.999099,49,226823.023686,19,218844.211206,44,210364.278143,21,197414.642262,24,174078.785487,29,173527.710189,30,171845.230525,20,168431.458295,40,164710.431905,43,164424.97204,37,154466.729272,57,145152.781516,58,142438.749336,51,flute
7997449.667353,89,2970943.101812,178,2822251.359238,91,2296220.979364,90,2186549.952814,88,1482919.774807,92,1252370.5244,177,1193043.38044,87,932454.070363,93,881897.522519,86,790802.50009,94,771055.388134,179,687874.346883,85,627779.65223,95,576744.391245,84,533224.484179,96,530492.60664,268,509492.526433,83,478267.168487,97,430132.377154,82,398641.782293,98,380191.630437,81,362548.451489,176,359885.460585,99,326543.111747,80,319110.138987,100,304412.604387,79,291994.927361,101,273385.571425,78,272865.734248,102,272717.662835,180,252455.724516,77,flute
8156696.519284,14,3303785.864618,27,2842600.180997,28,1756398.347167,26,1331896.50501,45,1005141.403452,12,981509.650123,25,945923.192056,30,925721.080834,15,921283.596889,34,917948.574765,53,825904.725554,23,797417.391559,19,797213.576936,20,705715.237064,29,636472.242809,54,625576.695095,16,586782.117902,13,579077.38839,44,577514.098221,11,471640.951423,22,449001.060921,210,427313.794399,21,411314.003437,80,388255.914806,393,369823.007893,158,369212.006231,32,357215.054483,31,354137.454379,132,352004.04513,52,348339.473752,315,340913.84364,33,AG
8575810.989207,14,2614730.897803,27,2126543.25129,34,2061233.830782,40,1692031.509837,21,1582440.71396,20,1544233.48216,133,1245115.567393,100,595482.879931,132,563464.54292,60,543739.942025,22,530950.823107,12,529425.871087,19,491487.232837,11,489296.424458,79,453525.378584,59,451910.332855,67,419663.530742,166,398560.620011,265,394922.421278,28,392585.712868,53,379022.213553,134,376386.416182,131,321465.392638,18,316865.813802,298,313221.120051,29,304760.02384,23,286157.76481,463,269565.768379,92,261811.933352,24,260288.753757,135,256397.697549,364,AG
7530280.711782,14,4152952.266791,93,2174102.92325,27,1833068.721063,80,1724348.855868,67,1277225.942829,106,1269658.267152,172,1188145.338923,40,1081157.86215,13,1044087.791306,28,1033104.67859,198,998910.490476,15,981331.450629,66,960595.42637,132,904899.76088,41,797708.955451,54,762952.002886,26,575914.666165,211,559669.041182,133,558997.556949,53,527568.941168,159,505174.829609,12,474228.921638,29,448058.349905,92,440045.705023,39,429886.098389,119,383752.637846,238,376582.934497,25,368738.897522,146,365133.735756,11,359747.39903,145,356300.671421,185,chello
5869657.370765,23,4279173.375023,90,4240610.58231,45,3796657.121553,46,2651803.188621,24,1091456.92717,44,974091.637263,112,943192.31637,47,927689.74413,25,893795.606953,157,827259.192299,68,698867.568643,134,691670.929886,43,634975.512523,89,617310.776014,22,548162.440544,26,532574.93851,42,507869.854953,48,492155.019879,113,487014.045143,201,471440.664432,21,458299.234297,135,444259.467208,41,441237.401525,246,393489.198283,49,388295.468811,40,384661.169798,27,372895.550276,39,362411.663816,156,359752.827418,179,334266.512455,91,330457.578596,20,chello
6422817.71217,43,3975319.122758,42,2350237.111108,45,2306677.404786,41,2274607.090843,22,2214175.327362,44,1651840.316274,33,1633655.251941,39,1460370.469044,21,1428245.193479,34,1230187.116527,37,1129554.352108,32,1114930.13478,35,1027012.716531,52,1013837.373746,46,903854.852628,47,796792.301329,53,788381.759948,67,690915.158929,40,671737.300131,36,670871.817113,54,612274.169798,56,592900.802087,31,591392.821384,58,590991.743618,51,584350.682168,64,556285.838841,48,523875.203742,68,519647.929972,12,519619.790155,57,513956.623137,11,478052.314311,73,tuba
4156536.348202,89,3164900.111601,67,3143870.751878,91,2672003.471788,92,2576110.8651,88,2454868.200839,69,2274893.748741,90,2093298.5099,68,1990294.249636,93,1709291.84107,87,1592033.408231,94,1521989.596094,180,1509687.534454,178,1304155.871949,70,1280234.703399,86,1169825.676712,65,1018626.221888,66,925154.56124,95,893242.085261,71,861753.707472,84,817794.469694,85,814562.312821,83,812774.259343,96,732416.187412,177,732255.897395,64,724702.118772,82,698511.682953,98,697696.950053,73,675495.473363,97,658421.09872,181,606032.55117,81,583840.752528,75,flute
7538509.498147,38,3979316.416389,39,2525342.925715,40,2135865.557156,37,1698578.393006,76,1436816.16562,77,1387204.109198,41,1131083.178017,36,984204.67478,112,926643.300469,189,906176.605249,42,791965.495196,43,770207.847376,35,764955.506573,74,680927.86927,45,673685.509099,75,661491.54544,44,608606.420675,113,578135.522701,78,577182.819092,34,528782.150385,33,491055.84083,190,445682.763563,187,441734.129533,186,427493.576541,46,410762.947591,73,410485.668554,31,406697.314294,32,404714.683986,152,396586.76533,151,383976.65702,47,380732.180303,90,chello
5701192.14184,89,4477145.276978,90,3810176.538744,92,3351240.016689,93,2563629.342293,91,1855310.454915,88,1602532.469093,94,1329934.350471,178,1156827.506692,179,884526.023411,96,861618.923517,182,810670.316595,87,800179.368025,180,787949.635289,84,720214.752367,95,642226.526982,101,625839.043209,98,607291.8746,97,555329.946642,99,535498.657287,102,526610.011595,85,515651.841066,83,468596.740246,100,450348.065347,82,420152.831219,86,374616.940429,80,363148.532002,81,357881.190185,79,307881.740504,181,272197.785472,183,265589.837471,78,260577.771226,177,flute
8889674.237289,133,3257020.887482,132,2148990.219315,134,1545409.39935,131,1184749.790436,135,919221.435777,130,841750.528499,149,818784.392443,136,719384.947129,129,603836.746161,137,552482.710484,128,506112.513442,138,462215.576861,127,427366.798031,139,381827.182135,126,364459.497273,140,330006.635507,141,326635.872896,125,314838.465817,124,303306.239156,148,288059.341124,396,272641.297593,142,262419.325384,143,250523.117476,144,250353.333651,123,231522.035443,122,220935.282185,145,213312.91284,146,202871.365963,147,199511.689583,121,192443.29993,120,187806.336311,150,flute
5897652.91952,60,5169788.385161,59,4888044.352909,118,2223342.55937,61,1899316.657473,58,1282148.088085,62,1161579.018619,23,1148285.810275,57,1148264.016267,177,1148246.538242,119,1087101.282045,38,951595.08324,45,932618.491272,120,906827.411996,116,903798.825233,63,889373.256223,56,770493.232054,64,716084.613694,19,658468.45874,55,618305.553439,117,589977.256627,65,561235.390017,54,516416.94562,115,496074.860259,66,470724.635292,67,463133.597456,121,455738.093263,53,437614.082622,178,425441.423343,114,388694.919546,20,385039.984502,68,378924.168497,52,flute
9057620.530234,90,2816047.170092,89,1747630.88503,91,1639054.86684,179,1375434.307796,178,1163908.757221,88,990048.760008,92,783615.540586,93,739346.937835,87,520760.83551,86,476160.197541,180,472559.169501,94,443281.563295,177,430257.564107,95,374451.636963,85,354033.270817,84,350575.907252,267,319319.036957,97,309282.942452,96,286409.480645,98,280008.074254,83,262235.618046,176,261818.297678,181,242636.523626,99,241495.04012,81,233627.351527,82,220966.918147,100,200296.669269,175,197142.443425,79,196103.509433,182,191844.085211,102,187622.023412,78,flute
6516609.150481,118,6326411.338692,119,2349873.88228,117,2206531.460812,120,1326026.12925,116,1283353.966699,121,940456.097907,115,907900.825749,122,854851.934148,133,725635.074828,123,715493.029331,114,640171.018572,132,586446.632213,124,573517.381878,113,525550.259881,125,497604.242243,112,440028.620397,126,438089.568357,111,401459.645855,127,386583.136537,128,371124.790287,110,360803.857201,131,348621.470845,109,338624.775515,129,334259.040374,130,308822.581755,108,290952.610001,236,278123.342077,107,275423.949832,353,265272.83904,106,250849.803452,105,227833.854941,104,flute
8550653.612437,14,2104251.219951,27,1837514.342382,40,1785150.961362,26,1667882.186265,21,1516906.430438,25,1430372.501715,28,1400078.984166,20,1288466.503364,12,1111507.059656,34,933235.317986,13,888770.467791,18,795900.42769,22,732799.668928,29,717955.562028,11,704648.869224,23,675552.479686,17,668322.927159,19,536726.020765,53,484333.910293,15,461180.214665,24,439416.700836,54,412989.987627,52,389754.756049,16,375784.092208,79,344789.745051,78,336669.594478,51,319848.240037,31,315981.880634,80,305435.580246,30,294985.958813,60,275928.111445,59,AG
3572905.07758,11,2567222.930839,27,2518128.357234,12,2091258.215003,14,1948068.305464,63,1921941.698685,13,1667714.594391,15,1537351.715428,38,1532922.993542,45,1491301.160616,25,1441906.333466,24,1433023.133958,64,1373990.073374,52,1363908.327582,22,1346085.172744,21,1343591.312542,19,1273331.49166,18,1263474.280908,54,1221646.334106,29,1206819.890079,30,1039806.185124,34,1000622.50824,53,960108.629117,43,912605.716444,62,897374.542158,213,857081.412177,42,850863.936332,31,842500.020247,46,831901.784484,66,792881.689784,26,784773.66299,50,779794.980134,51,trumpet
6793370.326094,38,4321595.178691,45,2546817.351826,112,2312754.02528,37,1651114.299284,39,1392132.431377,150,1381044.971149,149,1369700.186135,46,1346016.40913,113,1228167.27608,44,1112510.271813,75,1043563.097938,36,978863.499368,176,955651.768873,148,950226.358942,76,918798.389769,111,844139.573601,57,776113.237748,74,769342.253661,56,747849.154592,177,718017.51088,47,623471.086445,40,599704.761657,35,513739.659828,48,489731.426066,133,489509.072248,34,443237.473936,147,426696.418812,43,419166.38391,186,412199.124017,132,403013.263643,49,394566.540999,33,flute
2816508.836845,12,1795519.702793,11,1722096.800926,53,1684264.288859,64,1675202.117947,14,1644776.899564,86,1600498.170351,105,1593757.066303,17,1559488.158868,49,1541782.691566,79,1500359.796713,19,1366210.755742,13,1351867.33936,47,1343249.921395,111,1342610.404276,21,1274551.209449,15,1198092.720864,16,1169959.122785,118,1140310.419454,54,1135245.660076,107,1126773.143943,99,1084387.543681,20,1075315.576881,56,1072061.604106,120,1061290.665234,78,1047526.903723,89,1021371.486971,92,984146.232029,60,982491.144779,88,952015.983856,52,948952.057976,126,931842.894533,74,chello
5502912.426646,44,4064963.516727,43,3932211.36618,35,2676933.305187,42,2293123.883253,41,1943579.990569,52,1756466.510148,36,1651108.267255,70,1452643.715553,27,1416518.139091,45,1329439.176476,39,1279619.523655,18,1136736.32743,40,962145.811425,26,921176.852804,69,887590.723651,78,813204.957793,19,803319.122387,34,754700.878704,53,692318.763666,46,668288.243429,47,666571.367687,54,664806.693865,37,631580.789259,58,565886.245528,20,524540.888102,51,511683.917824,60,509409.29093,33,506750.178972,25,426657.152031,49,395051.063125,23,365670.771165,57,tuba
7390157.654303,118,3744148.831886,119,3663934.095521,120,3079467.917108,117,1439778.475417,116,1156155.539472,121,1146525.211453,115,1067714.545425,122,890947.458836,114,876850.912427,113,809316.847989,112,789438.003414,123,616975.919696,124,547521.373481,125,462477.35826,126,392861.519212,127,379378.296475,128,348548.555732,354,328920.471197,129,319892.854155,353,314866.44062,355,305217.269516,110,297573.807444,109,281051.336592,130,279297.219837,237,265427.2309,108,263018.087395,107,257308.125587,131,253210.314774,132,252636.82279,238,251114.013137,133,238899.051791,106,flute
9008599.97853,60,2710311.2289,59,1807714.805117,177,1651743.384164,61,1466608.167117,178,1209183.644895,58,932011.00183,62,749915.807352,119,740862.347063,57,632411.989378,176,622429.408491,63,550345.846247,56,468643.689355,64,425827.441924,55,394831.204103,179,387398.701533,118,377239.260589,175,376998.10776,65,356045.670765,54,320215.125374,66,306191.357638,67,297588.319255,53,290101.61568,180,283421.958876,174,267899.16419,52,249029.276197,68,236677.069004,51,215159.992882,120,210836.70097,50,209299.814278,69,205884.152115,173,200513.595757,49,flute
6215303.884434,75,3479849.57019,74,3148937.212349,167,2778166.920847,76,2359740.71876,84,2351300.412963,150,1718178.8075,149,1545131.172925,166,1208946.1478,83,1173249.852421,250,1064955.180638,77,1049553.406527,147,963921.598194,73,933984.913236,151,821196.393551,88,803147.179414,86,802156.709402,82,791561.770668,85,717522.980438,72,687608.186536,168,664089.145593,165,645335.925693,148,607006.145308,146,603982.745674,222,585768.218267,164,513606.684674,169,510198.903552,223,506244.736758,145,499114.782091,87,490737.656898,78,476838.784449,81,456718.476211,70,flute
4364608.377739,89,3684499.68182,90,1488514.322661,13,1267674.374071,91,1212338.823791,11,1109678.224449,177,725028.807342,88,698122.058808,92,472022.138319,93,466225.63988,14,448582.686447,25,422016.988221,15,421570.27877,17,401858.767503,87,382743.048695,22,320318.324703,176,261649.247659,26,257228.35619,16,241596.423993,178,233554.677718,34,233511.871034,86,231301.093665,29,231091.205341,95,216879.678347,45,215661.471351,264,210743.35392,46,210604.517693,265,204609.523047,28,204148.071585,12,203345.719551,94,201396.544643,44,199441.202287,37,flute
5007952.401734,23,3002765.820114,31,2683887.693072,39,2350038.130298,37,2328590.082193,51,1929482.678204,20,1804250.633188,41,1662897.234895,21,1642675.989267,19,1628679.790614,30,1575007.114097,24,1459327.602523,29,1414084.860861,53,1319427.504748,42,1295461.450163,54,1221611.441788,113,1028637.320497,28,1018963.190278,35,1007499.740785,38,1005827.219126,47,989980.615282,50,883377.869694,25,867319.322435,120,861903.399679,351,849614.001278,45,827280.989848,55,818589.782272,44,809779.637874,33,757646.452804,49,751508.727021,101,679745.051582,119,652668.851302,100,AG
6902134.610974,23,3490605.732718,22,2504237.109711,24,2409187.96734,46,2322707.384871,45,2099464.588074,90,1777480.197515,91,1669102.472185,25,1216213.288405,21,1144408.713447,88,946379.97949,26,888762.456012,20,780872.086929,112,738957.356906,27,726809.74939,19,723608.665151,34,658762.132482,68,654162.546389,157,616757.827374,134,598777.60716,69,565025.814319,40,561835.700415,18,540891.786033,67,537991.949425,28,528136.631251,98,526748.923218,92,510870.168491,44,495932.981937,47,481974.349964,30,479737.323853,29,455933.803289,113,445063.014465,33,chello
1811729.275857,26,1396220.842289,58,1391251.371155,21,1388500.384599,16,1335986.445438,34,1193664.084541,18,1077103.88827,17,1003535.423247,20,978759.891823,22,973664.726685,30,961839.489436,15,946254.211481,41,872736.006851,29,854093.051942,37,850127.366552,28,823051.845949,13,769175.176846,14,757780.683184,125,753136.725349,77,721689.544944,33,710499.713866,35,684128.406006,173,668051.68265,19,667011.402154,36,660490.795689,135,659483.005638,42,624681.989329,154,620723.709532,11,595478.266577,31,585633.623365,48,584723.730344,12,576882.971663,43,tuba
5354605.801233,40,4002132.6736,60,2849127.745403,27,2758088.402007,43,2615771.753167,14,2602695.681113,22,2572490.451839,23,2296788.168873,42,1742066.982785,41,1080280.982125,99,1059705.890534,63,1023062.590881,19,976634.276171,26,907499.277085,24,795248.761379,25,747391.822797,21,689493.509578,84,688628.367559,18,672353.674279,38,658988.112175,71,650340.116145,80,638814.726998,85,635555.593347,39,623457.487689,100,615859.405821,64,526828.164146,12,486341.309362,44,457072.5507,36,427652.989168,37,393972.621668,20,382320.291644,35,379448.976322,105,piano
2853785.473612,29,1825987.629861,71,1308891.170171,12,1193126.818448,168,1168660.845005,176,1155657.000695,28,919844.543354,57,918588.589603,22,909348.462515,13,815237.470825,169,766898.548739,23,766578.839223,15,756175.52648,11,733081.127995,91,713898.904411,72,696415.883015,64,670204.945716,85,668425.919855,56,626643.823635,16,584113.433951,106,574714.352187,32,565625.96663,112,565183.513784,14,524419.332473,70,522046.690498,17,511942.316809,113,496855.214525,88,492510.134335,89,487298.824422,21,480938.261346,90,478119.478517,196,476616.29261,93,AG
6528001.560254,100,4344969.960118,99,3405403.765664,75,2847905.790715,101,2336282.6223,149,1814501.344407,74,1501144.684967,148,1105767.713154,76,978255.036188,98,955246.117783,102,822447.973981,73,704799.131298,70,670492.060261,147,668424.487679,71,663449.731994,297,658288.056156,298,637221.654813,77,615257.763478,97,605816.487226,72,491110.773638,78,484849.758536,150,457121.468275,146,455879.541429,223,404401.241152,96,388740.160148,69,367889.141203,145,356066.802295,95,356030.052168,79,346277.413788,104,346028.633692,198,344059.880049,222,317901.89766,151,flute
6492467.202504,51,6058342.419366,50,2711443.773924,52,2278353.979949,49,1373890.903693,150,1336937.021691,53,1264421.069197,48,918354.756686,149,917302.344113,47,905774.239991,54,692232.6663,55,691257.473928,46,566760.650866,45,556153.463287,56,491066.487958,148,482584.45884,57,481028.505946,44,427803.085856,58,419689.661046,43,401790.443844,151,371956.741728,42,369108.688261,59,330373.608761,41,327579.411313,60,300106.18023,40,292013.519232,61,274727.593438,39,264814.507194,62,255359.156143,38,249229.411916,147,243210.309503,63,228034.762277,37,flute
2755081.662058,43,2209782.323863,58,2133803.674988,44,2066908.530848,34,1877989.476656,39,1789538.670711,29,1663512.119903,35,1568700.301103,66,1407688.133783,53,1214314.750267,31,1086644.136898,33,1060985.5362,37,1049231.019134,23,1011400.332505,45,961056.174405,13,952843.316855,25,921284.047805,40,898198.189751,75,891383.244839,68,888379.564172,17,884182.479234,83,869110.340942,32,868968.687971,36,851343.307965,14,849543.317431,50,816967.981994,54,813900.320085,78,804569.440023,93,782163.716299,82,738009.216542,67,717177.182027,16,711185.802095,65,tuba
3038785.480493,19,2415023.859933,15,2335890.039803,27,2159558.960371,11,2094757.473331,14,1999766.862454,21,1809899.32957,12,1804561.525879,22,1434374.552916,13,1404565.778566,17,1403913.373303,28,1398246.075015,45,1301933.350124,16,1275973.560402,26,1268069.966446,23,1240076.529214,24,1055097.059581,18,1042095.423546,47,992635.458953,42,987877.882436,31,983044.527974,54,978710.345361,20,888756.288018,43,887310.02523,25,847916.017446,49,800086.104219,50,788729.58851,37,773289.364939,30,768261.871286,48,762416.052983,40,753966.330615,68,740562.256981,59,trumpet
6618802.461054,23,4157003.052716,24,3384333.571508,46,3057961.860518,45,1907583.100035,68,1697287.468974,90,1385793.938883,91,1295350.243864,112,1276207.499246,157,875278.545598,22,860542.778148,25,839242.267724,113,786958.051809,89,705250.991352,21,699653.016074,179,646643.211418,134,606823.152704,20,562485.084272,47,542644.172743,246,526194.407864,88,523919.634623,19,508397.835278,18,501566.450203,26,492414.650431,92,434248.14354,135,431188.104397,17,423529.792012,156,389434.359238,16,380208.457551,202,377183.028278,357,368494.722971,335,341993.57971,87,chello
7365945.215072,40,2816900.879866,42,1970246.391464,35,1872044.064938,43,1850742.485141,41,1798512.688743,38,1587512.277077,57,1437755.01318,39,1433612.782499,59,1415359.592572,36,1393337.111909,44,1273414.835665,46,1238070.043409,34,1148136.449866,18,994345.817195,70,848590.289741,48,824990.663034,53,813708.353887,51,729617.51496,22,656739.437248,47,646579.82849,77,642306.858631,68,637336.931648,76,635247.022103,52,614687.853252,71,591275.908518,56,579358.160909,78,532057.918072,65,525194.384306,49,515267.461222,69,513295.702464,75,490246.017025,37,tuba
6605947.531472,43,4604252.064525,26,2976076.266017,53,1841476.139474,42,1603768.332319,55,1588511.900502,44,1541838.855443,27,1206137.049557,41,1088481.52822,17,1073482.339815,28,1006504.792415,52,979593.586983,51,907867.487069,45,864778.461023,265,840518.659833,50,754751.120096,48,695344.582051,46,692860.330487,127,668279.023618,159,657651.762609,34,637317.906088,29,626249.385567,49,606734.244018,31,600205.223685,18,595088.336871,47,582347.012926,32,574495.886151,30,564766.564419,24,529368.863843,264,528360.571063,126,505935.487887,20,493048.007505,25,AG
5913738.315087,47,2792404.195065,46,2580437.867387,26,2472708.590745,43,2158320.467871,27,2026180.83946,25,1972691.552933,48,1871323.263979,52,1835990.938199,49,1831067.827341,53,1578077.135314,22,1393901.540509,51,1364193.87836,71,1098399.453905,70,1076901.341938,45,1060891.103264,50,981086.409274,40,979877.046033,54,976038.599472,28,904548.909414,72,894150.719792,23,788914.458966,42,776762.714278,67,759107.61948,29,732800.626092,77,719453.736472,69,713519.924331,41,707951.382353,33,704881.614017,58,673382.081805,59,600889.737931,78,582626.363211,76,tuba
6553605.85577,15,3984658.251027,19,3400565.796048,20,2130717.96114,14,1780524.147408,43,1551381.06477,11,1239783.220616,42,1173385.218386,18,1091821.978833,12,1071790.393074,47,1032539.632992,21,937042.488976,13,759623.66865,17,734211.742784,57,644454.481314,16,639364.310251,38,570161.63125,64,555805.710944,44,555469.334338,23,541384.32154,29,513627.387491,56,510769.764146,63,483812.36103,48,435517.047124,22,407993.215415,66,398323.739336,46,366771.061864,45,349936.078882,41,349760.857464,24,293556.284635,26,280652.062402,25,270356.37054,58,piano
7988553.596468,89,4653323.156972,90,2408909.749435,88,1838819.12186,91,1309344.925397,87,1193026.349961,92,928195.855784,86,873648.25471,93,728466.409817,178,692913.715702,85,663135.485514,94,548540.770814,84,515544.805055,95,483987.667805,83,429288.919459,82,416911.664386,96,361888.725595,81,342941.064938,97,337173.084918,80,314100.520542,98,307564.541127,79,300227.015907,99,282591.730763,267,280234.727873,78,267524.914938,77,262434.851625,100,241035.14724,76,240096.081261,179,231184.779679,101,228990.228284,75,219843.272361,102,216614.753337,74,flute
5542507.445865,126,4615574.208199,43,4272859.830394,168,3096081.761065,84,1984034.583412,85,1940572.397992,210,1563029.843563,127,1536230.658735,42,1429482.246537,209,988529.473017,167,911497.642688,83,881854.066525,125,739726.764121,86,736380.341273,44,677821.82056,41,670682.741041,208,664386.591121,251,518993.548639,166,487597.831124,47,452130.397685,128,431710.250215,82,425206.853834,94,403407.805789,45,401864.1516,87,399908.708521,140,389543.880769,40,366493.598907,46,342861.74927,169,341825.369589,252,333916.360594,211,311912.766551,81,311864.49679,207,trumpet
5242021.689664,13,4923096.060395,26,2986701.580622,113,2412033.463948,25,1880410.672101,57,1802230.224867,168,1415180.802723,14,1385542.503148,12,1055288.084121,24,1046970.497123,336,920207.766865,11,766425.971448,169,753980.964048,23,736899.323475,112,698959.25817,32,644829.549779,27,629614.948843,16,591589.537614,77,590953.834698,75,586743.303118,114,586489.856326,15,580525.057408,31,569777.723077,51,569322.495796,22,557915.003677,76,554077.713589,337,546212.55322,21,546176.702273,66,521760.900307,67,511231.26006,58,496290.494683,64,492952.150032,78,AG
8140173.3044,24,3229253.529434,25,2668666.786371,21,2327367.117462,23,1647352.082821,22,1477607.887529,17,1284440.006575,26,1065135.628391,16,827571.469596,27,729764.324524,40,635943.706434,18,480470.300702,55,473154.933898,20,471268.783631,28,445555.282744,56,415142.359765,48,412020.984688,29,344114.18548,39,330910.456207,41,315585.298163,33,299211.395371,47,283169.121706,30,268055.360479,34,260490.663554,19,228837.056072,32,216950.350607,46,212997.224411,111,210950.64294,36,201967.325535,15,199407.433609,38,190143.703302,37,183689.801231,99,piano
5757390.752676,60,4251134.383621,45,4029197.473102,118,2936852.526941,38,2632523.456453,178,2068658.191812,59,1730819.148187,89,1283906.134259,23,1208305.512906,56,1061411.366575,177,1006594.134256,179,892353.304527,117,695437.265056,125,685542.641695,119,543989.542914,20,532271.425132,236,530613.785631,120,529149.670116,19,513934.67492,62,509873.528707,57,493604.942954,180,469339.286453,94,462273.30189,235,446350.718174,176,446062.53925,55,440541.98142,116,434654.0942,61,408301.748898,54,389973.359351,126,349500.148714,93,333385.630913,121,327734.430823,115,flute
6339388.418193,40,3428870.208891,41,2518034.194875,27,2376098.603387,71,2371902.149615,42,2368146.94806,36,2056537.622961,35,1932033.156288,14,1766308.215331,43,1630693.237252,39,1564997.225348,38,1139842.090007,37,801093.698426,70,775821.389943,53,762662.927692,80,707859.380712,54,612867.489832,11,569092.074462,28,540118.458349,106,514440.757658,44,511878.757508,29,506913.21912,45,475509.468231,72,465526.627612,69,446198.261625,25,440939.023314,55,411710.88167,99,410394.459112,84,403041.714635,73,378688.209435,34,374656.057178,22,370124.273669,32,piano
7766784.864168,27,3137821.620484,21,2323462.563057,12,2061662.27178,26,2039598.341233,22,1736900.150398,19,1602711.370527,20,1385286.941505,53,1297956.118565,25,1247117.599867,79,1060676.902671,28,1059768.190454,18,821767.097344,17,765197.585988,11,647653.661987,15,628116.486602,23,568199.466302,29,549767.434969,80,539316.528458,16,500212.144033,54,492873.185964,24,392688.855794,13,390140.214258,448,368324.975291,14,331703.731696,30,295059.485487,81,277780.83953,184,275887.099943,55,265913.011976,31,263311.282571,582,227322.560327,32,221439.086064,78,AG
2017037.721079,46,1748840.948509,108,1710489.185028,23,1696331.022298,102,1666656.417411,51,1546397.468759,85,1524807.250114,24,1517394.77034,20,1453367.06213,13,1388334.157045,12,1384480.717876,44,1368689.361135,69,1320028.941876,113,1306667.087097,14,1279716.578292,80,1277730.455274,31,1219165.836988,45,1214295.597015,92,1171846.931748,77,1137744.45786,81,1103565.537015,98,1087407.516852,49,1032630.139543,22,1014262.017955,73,1004404.336785,84,1001951.351767,137,995567.867796,96,974315.48523,79,972512.392985,78,970790.275481,93,964947.77705,64,961788.633873,101,chello
5061949.270713,46,4319435.238634,90,4146508.804534,45,3092207.743462,89,2563563.872901,101,1510616.318928,180,1489258.001068,44,1434973.79906,135,1257137.215939,67,1206381.51808,93,870992.910898,53,868907.82634,178,842437.245246,49,837168.940705,54,801605.119372,43,781165.789129,47,752889.458088,179,751122.206209,91,719951.352945,52,679863.525669,50,652637.476611,88,642157.919582,225,636237.421018,87,634938.884696,48,634535.653236,42,626629.187748,100,622155.05448,102,604216.557236,55,603667.6077,137,579130.725713,134,573430.167391,51,571695.302085,94,flute
6281582.129787,100,6045231.163026,99,2968327.966695,101,1843867.682394,98,1552835.748839,111,1491487.507851,102,1265233.715095,112,1265201.962287,297,1060093.976006,103,1052121.373088,97,804691.722386,110,797177.031894,104,699678.23331,105,664345.250894,96,570302.422234,106,569951.55805,108,569230.22929,109,548055.400654,198,544273.288636,107,502960.639627,95,461691.886071,298,412454.423969,94,359818.558611,113,359079.913701,93,333400.837746,92,327139.275119,296,281742.722018,91,268207.02292,90,249747.560591,89,233584.573689,88,225468.912159,87,217084.678776,86,flute
7835982.994671,167,5264591.42273,84,2050483.281571,250,1496763.039029,249,1273799.703065,166,1065052.971085,165,971407.826929,83,624571.915915,85,596107.001262,248,595650.501912,82,584452.107034,168,578422.248302,177,566316.830152,88,499570.137018,164,425335.921877,169,409096.54249,251,365710.489223,163,316425.78366,162,311458.868782,89,309949.313572,160,283488.972291,149,275811.962375,252,272555.613858,161,256156.17709,172,251640.142002,157,250440.492112,81,238981.122889,170,234470.015883,208,227888.317748,333,227150.209363,171,216378.7447,87,207098.177823,247,flute
4180533.530556,75,3809851.446469,76,3507733.732439,24,2601890.181923,25,2431010.53572,19,2046008.36163,112,2014452.387403,113,1913001.222504,261,1241618.287411,77,1136320.945888,713,1090855.195125,72,1034887.174275,262,1028026.579665,17,985836.450613,22,967150.533251,187,959561.516204,596,889947.361229,599,872513.258208,410,871168.121817,811,851264.531846,23,810355.7482,79,766043.170559,20,760155.386396,39,723595.011916,810,721703.82666,78,706981.189273,73,704385.181785,411,692464.365068,13,672933.453245,18,664325.153442,71,655039.98324,336,632536.082931,335,AG
5685641.971459,43,4866378.363686,126,3087167.860572,168,2725325.34284,84,2388024.494142,85,2296428.587706,127,1897114.49142,42,1346891.327222,120,1132713.907555,167,1093592.598222,210,922897.122365,121,859517.774906,122,849468.419465,83,842702.58449,166,841223.302639,209,799411.73746,125,780938.256678,41,778874.044755,169,696244.29959,45,615116.370245,123,590910.726036,119,584917.284015,40,538553.91604,165,522576.04334,82,478741.959943,128,470620.067234,39,441137.746809,46,431309.915734,118,412276.771821,80,386134.926659,44,379909.631815,160,365465.705519,47,trumpet
7829118.539096,29,3288965.743656,30,2662659.976224,86,1971622.31073,35,1912482.717318,34,1571218.594368,57,1120148.735434,58,1107858.4764,171,1098845.921706,143,1063097.397155,31,945332.955345,256,925164.91695,142,841286.734119,255,782748.542894,28,777944.083899,114,670068.783682,36,669380.717357,170,663527.338101,32,609181.994999,284,532334.840717,27,440833.858304,37,397616.232524,33,386695.555669,144,381717.036483,21,375318.233201,227,373531.845916,26,369449.637598,22,367186.375248,23,359529.347518,115,330453.517248,24,326338.451166,85,325804.617531,25,chello
4140310.8615,28,2922039.100629,35,2525382.83781,27,2392979.705124,20,2267111.751997,34,1891600.100449,25,1701033.880995,23,1610234.393399,22,1569975.522166,36,1454789.968517,134,1364409.26521,135,1316042.493366,31,1302365.780732,18,1217604.759038,132,1214538.123898,33,1185702.664575,29,1133801.950074,133,1052051.868454,26,1046076.885543,24,1030037.907323,290,990375.823382,45,990283.267212,131,966425.965953,37,934991.270915,32,927534.256022,238,842296.049896,237,789138.111656,17,787257.662144,11,749735.122562,123,748032.001356,291,726675.845737,117,712725.189008,83,AG
7579785.634881,67,2835064.110407,133,2577629.090697,63,2551980.133368,64,2500255.345667,66,2272683.882045,68,1652451.538127,65,1316147.12872,134,1251488.474022,62,1004266.242266,132,807378.029737,199,769415.542165,188,683050.925894,69,642283.744027,189,603696.80273,126,589475.030319,187,585670.989912,135,577710.412996,50,519284.83574,125,482783.812487,99,479840.301941,127,453626.725878,61,377966.212145,100,325449.661687,190,318372.774301,131,311008.602484,70,305584.674967,128,297942.123792,60,292463.015867,71,288864.890111,124,279362.385097,186,277248.422303,198,flute
5225610.797083,71,1332797.733714,15,1298308.949355,29,1231185.52178,105,1043364.392879,106,980603.605177,13,955662.180134,23,896526.96653,12,891537.754462,75,873874.478801,72,846861.975202,36,844303.188177,112,803352.372373,70,740074.377624,14,715865.619391,107,707423.34803,28,679579.560793,18,675004.704346,64,664940.386662,76,644897.387303,22,621007.647788,16,586968.204635,63,585137.215913,21,583924.162627,73,554083.153246,11,549696.311307,65,543981.749079,104,515994.100232,68,513887.883212,30,492886.553647,17,476607.974592,37,469889.444847,84,AG
4548614.981582,138,4089591.156112,139,3668617.203846,70,3387753.754438,140,2577373.20518,207,2121680.866572,141,1800745.078247,137,1626802.60186,209,1518248.245207,206,1499893.233015,71,1499130.902347,69,1457326.295598,210,1394556.061494,208,1376641.10883,142,1089328.177109,211,897455.408464,276,883272.319403,275,856263.446896,72,822791.850896,143,801117.978825,212,698014.088849,136,651920.368275,277,631747.806677,279,626805.642941,205,578139.001635,280,575471.075586,278,521243.225217,281,520974.983978,213,480259.23018,144,457353.0224,274,447326.836881,135,437002.019873,73,trumpet
6103922.597299,48,3758072.096107,47,3233816.505648,94,1990332.193676,187,1985365.285946,60,1829689.480816,40,1706028.343763,49,1586477.435337,46,1206575.327271,188,1191120.49017,24,1084383.784408,141,1082035.223082,234,1073295.715881,30,1068171.010775,50,1060154.416028,95,986635.613945,93,951179.946414,79,899061.42096,96,877463.895379,45,833918.859394,281,792841.447356,51,727621.436672,59,720230.449017,36,718764.335517,118,711207.498729,53,680539.592005,13,634647.452132,52,634418.087871,61,633207.584181,44,611118.917318,92,604105.344512,83,595045.915695,186,flute
2527179.436717,30,2448919.160423,34,2328037.866655,29,2146597.556582,38,1881744.031971,48,1821727.162777,25,1695049.330766,21,1605238.154811,13,1477015.266011,20,1473742.43649,33,1453473.222369,46,1433614.493179,39,1366044.64045,43,1223129.550364,52,1184323.203919,45,1172556.409832,32,1163307.311237,42,1115370.68812,22,1114849.503862,35,1107947.248451,53,1056840.417809,24,1037513.425619,23,972897.864886,47,944039.099743,37,886990.783676,51,771648.682362,40,771257.71678,31,766289.694286,123,746283.841168,58,728388.017563,15,628632.925378,74,591783.494415,55,tuba
7613802.672089,75,3195204.121212,149,2606867.624873,74,2310049.363149,71,1982264.098666,150,1761369.17675,141,1700122.519312,148,1409265.781863,73,1351043.355762,140,1325593.584285,72,1226307.413522,76,1146759.36721,147,929744.80479,70,725912.341851,223,673020.69937,77,646299.356765,222,579948.558946,146,533544.235823,145,519234.473754,151,514602.294641,139,464731.426444,142,464659.406377,143,458878.965918,144,436745.811042,78,320489.593306,69,309733.891648,119,291333.680336,79,279789.253617,118,262729.669849,112,225361.935707,138,223413.19775,153,219463.530189,154,flute
4457160.952119,53,4039409.598222,105,3268339.446499,32,3115534.335465,54,2845772.762873,12,2662824.584018,106,2585793.394487,63,2061053.958921,89,1740037.570168,90,1250841.657802,52,1248563.159381,158,1124408.648184,159,1081100.696515,45,1039537.09469,55,989527.369356,23,867504.367713,88,712993.019434,11,685126.724103,51,601249.141289,100,561867.039536,34,561459.407109,56,536212.259593,91,521314.824404,104,472717.392872,50,463232.83365,133,463223.480509,157,456058.600281,57,438308.203255,266,434689.816994,95,431896.698353,22,406349.239147,314,402263.242862,87,flute
4218391.467405,83,3817570.381329,84,3429601.893461,167,3290238.84592,168,3048468.282073,177,2358638.457617,176,2325561.02645,89,1758173.108512,250,1678795.623397,165,1460212.678789,82,1298804.614825,249,1172631.008799,100,1159249.178604,86,1125357.951491,88,1106309.899269,169,1072076.730587,166,1003363.324729,178,949671.070892,87,904309.354218,99,838967.690338,90,818798.296268,251,749978.195928,265,674151.754749,81,669317.904655,164,573393.729219,179,557780.174737,80,514943.620777,163,504173.534475,91,503401.047886,248,482218.187869,175,471575.681871,79,407315.463051,125,flute
2376770.131604,47,2333552.711441,11,1898301.068732,13,1817116.219095,88,1780494.639649,78,1533513.861047,100,1529390.375293,101,1494344.05251,71,1491202.097296,98,1387828.830564,57,1337823.045555,64,1295429.247663,22,1276058.85797,75,1268013.967032,19,1260834.447505,21,1245681.801234,87,1220554.128229,116,1206978.900558,56,1185544.607686,117,1177632.759211,99,1146241.123749,90,1125279.331855,105,1121021.792142,102,1078553.485161,20,1057083.61554,129,1025854.048946,16,949834.114149,85,949067.537868,115,937590.314158,18,922987.443489,82,890662.463446,106,881062.255983,48,chello
7913978.70372,24,3507736.049702,25,1845781.865751,23,1485186.056946,26,1354380.122494,16,1320581.197768,17,1225559.670394,40,1068773.414351,22,1018421.725962,21,914849.442798,27,660648.004203,28,644725.921824,18,569370.130728,20,534616.729436,55,464225.868587,30,459338.528718,15,437560.095061,29,434404.373562,56,402044.845192,31,392350.916918,19,380757.436708,14,297376.939706,33,294687.146804,11,290075.821377,34,276839.384466,39,276335.16384,63,269552.032061,35,254249.028516,38,245848.649882,13,239796.25343,32,231411.190285,36,210359.959719,37,piano
4472615.231069,53,3834914.343945,38,3794855.291355,105,3203978.818797,27,3046405.814168,106,2996915.377964,54,2699180.744529,12,1308306.215925,75,1230024.992713,60,1206662.238661,52,1106494.869266,158,1055769.926903,159,993719.426734,55,972152.859971,119,769493.527025,23,758835.403051,39,757148.322829,59,704180.390328,51,611071.756749,100,587373.670991,34,580510.284607,11,567550.38986,56,539574.804179,22,513877.159943,118,504235.274777,61,495450.473495,57,466746.788112,132,465710.233718,104,465087.037512,67,453085.226416,187,437799.724774,50,420330.51222,58,flute
2911733.686235,95,2757085.565366,252,2367213.861922,101,2267827.448657,51,2113908.529892,13,1871912.937336,250,1810288.155948,32,1750894.693039,25,1682050.845477,251,1534473.213267,26,1525616.735294,12,1466268.445139,200,1455432.548895,100,1228466.479293,19,1204096.262963,18,1160749.16916,158,982889.912051,11,977562.462054,157,911609.123488,17,900143.696295,23,893187.322578,99,848238.503545,22,837760.07784,103,802771.546855,21,778185.722201,104,774731.45876,24,770673.577666,33,766098.387631,253,754378.882112,20,752525.941394,16,748414.73489,27,735596.733343,201,AG
9429643.180876,60,2453611.56918,178,1683584.643799,41,1068516.510181,59,954648.352385,61,748288.453934,40,737245.471146,39,643765.044564,179,635387.126884,119,524873.360687,62,487578.325903,58,454723.293273,38,427475.949458,42,426039.481839,43,305624.742168,180,287939.892384,57,277581.387962,120,276126.72594,37,274755.853477,32,265810.250564,64,264681.208005,63,249525.764795,176,244998.96739,44,240152.573488,177,237023.317794,56,232233.698412,34,226671.195306,65,225707.760214,31,222457.404716,55,207966.240964,175,198042.53954,159,184346.891841,36,flute
4429068.630397,29,4037031.732734,36,3459415.98134,71,3266103.801992,43,2898381.155845,18,2562038.03675,42,1904476.425159,22,1820148.079651,75,1726528.617848,19,1190176.486327,28,1136918.393556,41,1058649.922703,30,1026650.276382,15,999027.164641,17,933622.068438,39,874064.871276,24,804056.811035,38,789209.286108,23,780573.397714,21,777078.336534,32,775217.227971,44,770601.063221,31,740941.961139,40,698411.237773,56,673804.154196,37,557433.886034,16,516755.887549,34,497664.889472,106,459954.780454,84,454334.3802,14,451089.835062,20,430555.303041,33,piano
597333.569478,11,379669.302056,17,317952.371596,14,290897.99874,13,187183.730417,12,178762.600705,15,172608.283133,18,167060.824315,24,163409.123882,20,147683.439648,25,137173.428682,16,111488.955322,236,110227.076727,238,109206.382874,32,108740.611671,31,106523.186577,29,105347.055087,40,101091.509129,41,97839.661244,26,97257.425206,53,95467.438644,22,93751.663256,994,90492.607541,21,89221.473253,19,88829.433687,1030,87511.326976,45,85005.954844,51,82176.771668,39,82161.948679,27,80524.657165,36,78653.865325,47,77916.533491,48,piano
3902813.233894,57,3224527.425304,85,2391200.555577,29,2201618.480464,112,1973162.861844,168,1849276.217165,84,1824426.355883,113,1748037.759165,169,1561618.685725,56,1177106.870125,28,1027155.24879,64,1009019.581425,63,872280.310915,23,804499.866946,13,803961.566385,59,775418.646687,22,761964.946902,55,745341.628402,95,731750.81426,21,721474.158775,111,705615.333016,12,682985.673336,83,667343.842471,60,640382.460251,196,596587.268275,225,570583.447945,80,553242.345425,105,553145.348384,251,552147.222367,11,551465.481012,58,548468.386025,157,513096.816206,14,AG
5835283.04274,23,4126868.019823,45,3327791.424225,46,2550209.17704,24,2118929.706265,91,2062690.865979,89,1691963.730077,90,1471297.515276,112,1467814.07144,22,1428744.797969,179,1144861.814654,68,1052840.723317,44,1024596.282891,47,959627.735341,157,933753.865978,134,921079.258368,135,844336.206004,25,829541.374374,21,749285.962687,92,736213.035548,43,719417.243994,201,706201.673003,26,664229.488549,88,619253.004599,48,595460.427283,42,556350.782249,156,531407.908821,28,505527.638718,27,504440.815991,113,488853.796466,49,477916.612356,41,472395.176782,20,chello
3388263.386726,22,2414274.18624,34,2176006.736929,43,1912210.436279,27,1866302.163115,28,1695849.03678,42,1542372.397934,135,1525730.709133,21,1509127.962675,133,1462000.25168,23,1416469.291751,20,1395864.369434,294,1330134.462896,120,1316753.431506,26,1315157.196629,24,1283880.191206,119,1210059.180355,31,1202908.870515,134,1123330.043554,136,1117718.159078,66,1052044.261576,41,1028304.290832,25,1025518.809554,29,1016756.552434,126,984634.423815,33,955101.282333,125,944880.858198,35,894806.767288,67,891681.246905,480,879908.324567,121,862695.171074,293,856729.239515,127,AG
2884582.446625,43,2561743.773939,44,2446886.602827,42,1917782.755281,86,1884351.612987,45,1805369.480573,87,1726030.560442,41,1721247.512826,85,1650553.438915,129,1610744.774564,128,1522399.023466,84,1512533.427518,126,1477715.01237,125,1474005.308427,130,1456536.060814,127,1397588.592911,88,1393848.956315,46,1381838.963505,54,1237228.716213,83,1175644.958423,47,1131053.47063,40,1101979.828588,172,1070011.438986,89,1064645.012822,171,1051574.197083,132,1047643.130701,131,1033883.206851,133,1030982.759189,124,980011.850185,168,958555.915904,82,934138.873583,39,891420.407198,48,trumpet
5194742.122561,18,4567294.950797,71,3390910.814807,19,2416343.519963,17,2049287.200506,70,1682280.405075,20,1522045.572367,16,1239544.132117,69,1167778.220008,11,1042351.188105,24,949132.838115,21,914177.84065,72,853602.445734,15,845678.628611,64,732059.468272,36,727369.442237,26,704357.487998,14,693881.818566,13,646849.32901,23,628968.67159,66,616885.762024,29,576915.684665,68,554013.955034,74,551990.189135,61,546091.999971,48,486050.697701,25,468199.025186,67,456819.595472,12,441062.927476,57,439039.482134,65,425621.116072,58,411623.375779,47,piano
6689723.387686,118,6220224.800052,119,2362409.291929,117,2143159.075015,120,1361776.48228,116,1241792.33912,121,968143.652918,115,865439.177395,122,838035.916084,112,783492.882084,114,722509.941182,113,670942.771641,123,547836.83357,124,468654.842337,125,464465.759244,111,396770.422037,126,355193.355158,110,348330.533904,127,332035.887907,109,309958.61153,128,300418.19031,108,280586.731008,236,280312.520492,129,278278.695889,353,269998.102318,107,253766.759251,130,253699.161836,106,246760.081437,105,231704.646051,131,218863.618108,104,215500.703309,103,214250.065349,132,flute
5749834.320443,118,5620896.308035,60,3285254.445897,59,2089820.976404,117,1581422.41205,235,1573804.899526,119,1572602.468775,61,1240949.582201,120,1142721.157017,237,1056378.748901,58,918853.449702,236,858769.259901,62,847218.938992,38,810205.187023,177,775394.412851,116,741794.571324,121,654167.736787,234,646909.677464,57,628171.513974,45,611156.729323,56,598684.972086,238,594569.164732,19,588700.06301,23,584560.541799,122,567864.043096,63,504743.916722,55,484812.916651,20,456493.001899,123,451350.330421,115,432961.956054,64,421982.074835,178,412450.724226,114,flute
6490599.45919,23,5409450.164478,14,4311871.789114,12,3148473.62059,27,868109.350653,11,780830.972182,13,733568.325157,26,559492.571682,45,521497.167728,34,497863.795809,53,490287.054307,28,412899.868275,21,390195.980369,22,356946.331641,24,276874.377794,25,249811.7662,79,236464.079291,15,215101.663754,29,213796.275193,20,172664.425973,16,158256.276873,19,154876.510503,46,153093.711584,54,148953.547353,40,143794.991351,18,142897.145894,17,125505.85577,88,113461.330955,210,112687.986421,56,107252.806555,80,106738.84422,30,106469.697628,47,AG
7562824.673068,14,3236852.004685,27,3071091.930635,93,2267003.549019,80,1452540.112475,15,1374010.695199,67,1267496.631528,159,1258952.049434,28,1235834.826529,13,1006613.477856,40,993473.280088,172,985275.386625,41,938423.06577,146,857517.835653,54,753123.704538,106,743749.625045,133,712280.535084,16,683169.082888,26,634591.131351,198,623620.464631,17,583272.799068,94,580954.949734,238,567411.23009,12,536768.520464,29,528982.713222,199,473556.961386,132,459807.465675,25,455490.143387,92,385066.314939,107,375861.446031,11,361114.699062,19,352829.914473,24,chello
4252131.562524,24,3155721.13317,21,2319630.348886,20,1995184.033742,40,1870343.106543,32,1721944.70602,17,1680238.086157,25,1286303.47184,23,1285291.990277,22,1230038.598965,16,824544.362429,48,820352.938909,19,808005.985244,18,697510.801297,99,663371.569134,26,626412.246638,27,397039.410798,28,396182.587113,15,374722.860538,11,345653.360004,47,343900.674274,60,340436.293458,30,305828.685898,29,287845.651864,56,280955.966595,94,280892.267841,111,277664.458524,31,269273.360822,80,251500.291408,55,248607.775628,14,228053.648708,39,224844.463686,12,piano
5225099.701949,93,4840447.918476,14,2668869.323437,27,2551125.367005,80,2258749.407378,67,2085334.729104,106,2067186.721996,198,1825615.573005,132,1404764.444501,40,1370179.290973,211,1201459.715484,133,1134453.729305,41,1115097.504149,28,1054594.414632,66,1048668.975185,159,912448.842263,15,894800.721784,54,832140.070787,13,780151.251154,53,779574.567629,172,728839.17899,26,694068.469888,119,647357.205274,238,619491.313657,237,603251.656869,158,551974.631345,79,518874.907126,68,507157.837543,212,504923.255804,185,495565.382825,131,484401.115715,39,475920.39571,134,chello
7953779.9184,39,4573803.27554,38,2164686.555574,76,1655517.073682,40,1085105.710866,37,943954.357911,41,876452.437649,77,852273.585447,42,809938.032401,152,803818.846147,151,702320.908325,36,645945.055154,43,629719.521118,44,602363.526171,18,569811.274486,19,533990.592109,17,521933.740352,20,488115.524531,75,487248.908683,45,473343.618403,226,469940.02882,114,446060.319851,16,442843.358734,46,435453.295817,21,403284.532319,74,402470.845511,113,380413.453077,153,372408.67364,47,372064.784345,189,357863.156657,22,352084.764893,35,351262.432208,115,chello
7188844.817563,72,3228638.032438,71,2473447.866251,61,2118046.978966,60,2049637.931629,80,1913293.370901,79,1179392.560541,43,1162802.558259,142,1102476.104506,81,1085292.219046,70,995388.896162,55,986362.783262,73,909389.898743,62,889391.258409,54,777383.127528,63,775477.493983,108,766210.187086,42,765722.532383,109,732156.78721,213,726809.902674,69,717831.043305,78,712109.059641,53,680409.585309,75,672717.402904,59,665692.204779,36,664869.751455,82,574194.402639,141,557387.397086,140,551010.010094,65,489392.563301,83,477315.116968,86,471673.934648,35,flute
2165460.855482,74,2036830.626089,11,1969203.694899,49,1886915.192509,13,1884579.122132,15,1775172.561986,19,1772833.409876,89,1768198.880818,16,1725401.326334,14,1560667.174252,50,1515085.470074,48,1481004.692496,94,1388698.990325,102,1370839.049024,47,1337144.558209,12,1092318.584292,82,1087562.724817,51,1049330.271851,104,1031815.697198,18,1001976.423466,62,999991.808049,23,995396.456588,83,954035.128633,85,949189.443721,79,932494.087113,95,916209.111743,27,911821.393,86,905713.834388,68,886097.441413,93,876881.666162,41,873477.638231,67,865428.039971,53,chello
4002158.447303,164,3327468.392053,163,2836863.592802,165,2352312.964381,82,2005105.490292,166,1902448.475834,68,1750976.282402,67,1717704.876414,83,1647840.047353,84,1462755.986618,134,1437360.091065,81,1421273.363197,161,1381062.731443,66,1368699.486947,135,1315191.764727,65,1313960.387574,69,1311778.558051,133,1248009.556104,246,1217901.946905,132,1189686.358118,70,1185555.291909,245,1167013.515688,167,1129982.16892,71,972673.146612,247,952217.904474,131,931507.382956,145,928744.363847,142,923320.434816,136,860142.357901,162,804471.676718,64,800794.989557,150,702642.569523,130,trumpet
4117987.441866,21,3892295.267343,24,2996753.624635,32,2400721.240895,20,1745929.254044,40,1390841.878538,23,1356161.88767,22,1092622.834452,25,1072548.107684,16,842770.792752,56,783599.315434,12,684474.441341,55,612011.234684,13,569816.588089,60,567141.231731,11,566148.799323,19,555615.489153,14,552251.923109,99,498145.555744,15,493580.06692,48,460520.161514,17,425889.605597,26,415981.059313,95,411062.189546,119,402351.112476,41,395745.006911,111,394674.335604,79,348118.657653,18,343619.340339,94,296299.742363,87,292916.063772,39,291140.633875,31,piano
4861004.688779,14,4477686.702317,13,4452224.553706,15,3382134.699401,12,3326766.474931,16,1903444.222291,11,1817000.610334,17,1289491.306978,20,1173020.675947,21,1058733.220943,25,1030814.87764,26,775594.754414,19,742428.90349,27,720695.734037,24,635574.507602,22,364416.160573,28,332529.29187,18,315357.813003,92,285397.900186,93,272208.354581,91,242319.067025,38,239268.942315,34,226494.499323,43,210480.284666,42,210447.109687,78,209186.004943,33,204306.111415,94,200430.695422,39,197095.473685,79,196923.213589,52,195133.350545,47,181892.839651,51,chello
2455951.42177,16,1529803.658615,17,1273237.833093,19,1237431.604592,34,1141146.458866,58,1050377.781115,32,1042081.442892,30,1030852.513022,35,945935.248936,18,889387.413539,77,889067.110846,15,850557.786162,11,840612.809165,45,780915.720705,53,766170.679867,28,760207.579393,64,751049.387272,68,750095.217111,20,748671.035113,31,721058.256182,13,711708.914599,26,693188.140653,39,675492.282933,82,672001.596844,57,666330.995029,44,664908.118094,133,644648.604888,23,630723.370712,180,627771.057607,230,616499.4243,61,610844.258793,162,610682.886748,280,tuba
5021946.551616,24,3347931.046816,25,2296726.612774,71,1924165.384405,11,1820838.8337,72,1800604.073267,141,1760636.733698,164,1656351.306004,165,1170805.338828,118,1161638.455304,77,1158172.570752,142,1115397.36987,70,999807.750946,22,960977.719967,78,952607.915868,157,947975.087778,20,925235.141844,235,919906.420613,19,897847.864791,95,868108.564644,117,863782.085775,211,856889.191792,73,849350.074473,64,827009.815206,26,826341.931013,12,815379.543371,94,783663.826757,76,761262.823747,32,741088.628912,176,700768.342955,179,663833.483628,175,662906.941448,23,AG
5442079.123953,43,3725323.535156,22,2642737.380079,135,2205949.427818,42,2165269.980512,120,1899971.659259,41,1793102.153438,61,1686088.666683,121,1627512.551486,134,1550719.104253,44,1537341.699267,269,1246661.940363,60,1168329.097695,119,1156844.832563,180,1134179.477004,68,921655.930629,179,818481.894671,270,783420.158668,20,779064.310924,126,763457.107137,67,760440.384689,84,752674.087942,358,751978.490705,45,727139.323791,40,685736.726933,136,651121.534545,85,646359.15655,181,607854.031391,137,600857.988017,360,574248.33481,147,560721.956717,123,553286.667364,133,AG
4954911.781474,68,4603999.777525,101,3929391.901467,67,2668749.306038,134,2108836.79634,100,2068211.96084,102,1873720.191718,135,1657045.122787,200,1648471.202955,133,1558618.402906,201,1320692.252051,69,1188469.053637,103,1148504.403944,66,915317.132399,120,852942.075376,99,679535.846911,70,658575.083552,61,650336.782271,62,632231.679239,65,624585.613489,132,588482.373328,98,530583.20086,104,509868.184293,202,495300.810313,105,486805.804195,136,480197.508857,64,480108.872434,107,467365.053974,111,455111.43645,121,448386.443028,71,446065.41396,198,436009.737463,108,flute
4470226.43043,11,3650632.706299,22,3369180.870405,24,3170957.822299,14,2518582.416832,21,2253314.192937,12,2186289.987488,100,2103161.045992,23,1918984.020898,149,1425295.273183,15,1339288.027309,50,1300487.066327,51,1215183.236553,27,923331.195383,20,874616.006644,25,859092.866863,13,713615.405366,53,703894.87733,152,650496.481426,48,617315.609369,26,547796.427101,42,525397.740118,30,514698.258885,49,494096.652818,148,456372.405271,147,449907.979211,47,437553.792082,43,420095.553592,58,406969.056014,28,406110.368911,34,395333.049631,19,381922.663176,18,AG
7401646.080977,58,4412410.488592,114,2588542.301086,57,1929980.051396,116,1786525.41661,71,1527550.170272,115,1508923.050457,56,1451050.029325,135,1076392.928347,67,1068797.296767,68,934923.811376,69,792715.485378,55,760715.183676,113,691606.164589,60,687752.997213,134,659899.897556,54,518496.04549,133,437945.803464,132,427145.569134,136,412253.045902,73,411300.458681,70,377996.607353,59,377682.439379,228,375651.44618,112,364248.240096,66,356584.103797,61,348057.453226,53,337153.276429,137,326014.728457,171,312505.371148,170,305502.724354,138,290240.403573,119,flute
9390910.741991,85,2462014.050162,86,2228394.5512,84,1122807.51125,169,640953.44654,67,635894.729107,170,580567.219463,89,572784.524632,87,468944.478816,45,457518.948543,83,393603.919253,90,343375.415206,253,322768.208505,168,310810.161673,66,303481.183021,51,302483.614364,251,298630.280961,88,288017.729349,68,287191.922733,252,273490.638022,101,241992.316239,171,211993.723294,166,190212.286316,167,180643.776915,44,179727.695555,46,177959.639345,199,175763.599077,54,166629.53393,100,164031.250519,133,154703.854951,255,154347.414027,134,144803.414687,55,flute
3484442.356707,14,2243709.313448,17,1596205.649063,19,1426559.775801,35,1208169.340004,11,1150864.31081,34,1138208.127649,30,1120156.460645,27,1069378.477454,18,1052285.29685,12,1005896.867258,15,963369.389626,58,879324.913953,22,873326.994476,21,854309.641241,16,844044.922197,13,817658.184298,173,806987.841608,38,773220.633627,33,769865.858776,25,735249.782755,32,726534.099984,31,705923.762094,49,695881.831336,40,675578.689661,931,620867.038965,53,595497.859449,48,592285.996456,36,586740.971925,23,553743.379361,57,550646.672793,42,548297.259092,24,tuba
6689363.761946,45,4170021.724036,88,3499340.516319,90,3425133.963584,89,2058633.91149,46,1698401.626575,178,1492701.899899,134,1059750.589638,44,833479.843873,221,829579.321368,14,752308.808437,47,638219.026162,91,570616.182439,43,564239.48391,263,560479.652364,222,549303.700289,179,523506.202402,135,468407.349655,48,428633.384836,92,423798.428813,133,421275.326906,87,401549.801343,40,398293.52954,42,376851.041135,220,354951.381535,49,353655.784169,223,344193.816425,132,334855.075661,86,334806.597506,176,305734.561565,50,291286.058717,41,265468.219439,51,flute
2328681.67239,18,1883747.964129,21,1784956.474662,34,1221629.404979,31,1201854.919159,17,1104608.840736,12,1076339.173938,35,1034495.19227,11,918612.319646,20,868315.991626,77,844021.320576,58,825848.328944,83,810830.117444,15,775013.387255,22,765680.78405,59,749566.105173,154,715500.564025,29,698528.095062,23,691392.914057,48,675809.436149,57,672275.376827,207,669976.350893,227,658091.501946,27,648936.040824,44,616944.849437,28,603320.518256,68,601862.756046,55,582119.414304,45,569646.164185,93,568247.317718,119,561409.400421,56,559562.706973,181,tuba
2331803.330595,16,1585096.766813,12,1433677.776817,32,1362133.740314,35,1289324.114832,21,1246700.842264,14,1115455.612063,58,1021590.56313,33,1020150.553626,18,997007.826465,34,962998.876649,17,908188.842362,20,896771.457392,38,870440.034421,22,849760.601261,30,819252.245132,173,814210.544831,27,750730.565409,23,719195.244436,15,717921.395846,81,704702.826453,24,683123.828585,97,676636.689091,13,636777.406077,31,611511.562522,931,600952.092186,37,598214.277646,11,575234.354475,174,521894.438462,154,506405.45006,108,503226.041476,71,502881.967998,69,tuba
8885404.210849,75,4376329.698761,149,1156930.252389,150,997690.436256,148,852562.831801,74,832044.443767,76,826085.056846,223,431908.351874,222,383368.503433,73,371260.034285,147,346199.164882,146,311977.447548,77,310097.782896,152,300090.454346,224,297757.970806,151,287653.026744,78,229489.824311,145,227163.473949,297,200746.897305,221,195517.8282,72,176723.335267,153,169044.865244,70,145109.726537,154,130341.78313,80,129318.410415,144,123323.467185,143,119450.040471,142,118819.993051,139,118470.917302,371,118453.682301,79,113340.362747,155,110248.685777,298,flute
4543184.92854,12,3397858.793965,17,3390796.035737,16,2044221.013014,15,1605686.688105,14,1434419.959781,13,856882.117685,27,820486.921019,34,772253.359393,35,758942.713022,18,664901.32811,58,606847.728344,170,588673.093952,19,508552.065612,173,503446.904155,48,475212.107902,26,471355.507368,47,463140.263358,174,454351.5846,11,449472.895885,77,440622.607807,31,427129.719364,61,420992.222889,153,403388.756473,52,403000.261002,50,394247.811817,30,389520.255531,38,381030.86508,279,369907.475492,276,368024.678988,154,365278.787548,62,364585.025039,101,tuba
5184083.286939,24,4062780.964407,21,2717363.697721,20,2598029.683299,32,2224322.539298,25,2186674.526624,40,1463157.718147,23,1401448.751944,22,943355.833034,26,895657.269717,19,719638.843153,48,666990.173227,18,657259.952406,56,649213.934523,16,618609.040696,27,583512.41469,55,520957.900184,11,473349.452351,14,469568.023737,12,451458.277121,31,448471.83079,15,447585.008076,13,446240.17568,28,415880.92177,17,367793.204084,29,366473.044631,30,314814.198595,60,297712.243272,47,261144.735626,94,255345.77615,87,254204.004306,63,236409.92185,95,piano
4920468.931102,20,4569259.180598,19,3445238.82341,21,2423623.091067,18,1958900.178914,23,1778077.263255,22,1670919.089643,51,1480588.521427,29,1434103.688136,42,1379792.613436,24,1369861.098026,26,1326242.746372,43,1274012.231353,28,1251654.063057,41,1182453.617235,16,1082138.687672,39,1038274.787396,15,917076.84936,27,884629.425475,49,868559.862209,38,757390.434815,40,730960.780852,12,724168.741738,31,710678.980326,50,706619.76232,13,697484.519853,100,687817.181322,14,681880.897639,25,581279.879727,45,574451.079284,37,562476.14672,30,532807.187837,47,AG
4722583.890357,90,4443787.174562,67,2779660.025722,91,2559450.216229,134,2472331.932091,89,2052015.481259,68,1950030.738251,135,1730294.463001,66,1685665.731114,100,1468159.658893,33,1235263.367495,34,1228834.826095,99,1221553.921482,88,1212808.754418,133,1121965.977451,98,1050475.563497,72,939254.068465,69,782355.089223,35,752200.079073,82,740177.725794,167,727811.508479,81,667808.588964,136,661858.077986,119,655024.684329,86,641851.329012,65,630110.93253,120,621122.132959,101,616794.167219,83,606965.80282,84,606955.249643,141,596136.874283,164,571962.621581,71,flute
4042874.168042,102,3682188.71236,109,3137081.350705,55,3021475.664859,52,2573510.215627,108,2499062.211764,110,2090733.535477,103,2088382.501535,56,1663487.603828,152,1630880.26799,54,1454134.22657,53,1399228.888386,61,1355849.515914,153,1240234.119725,50,1184829.717521,104,1103171.936695,217,1069461.940419,218,1004622.685933,100,969730.479528,107,958719.20961,49,928252.988885,106,904486.102136,101,878654.924948,105,860839.908934,58,839545.379641,203,820924.483915,120,722742.54717,151,691935.882276,204,674861.151513,216,619431.298578,112,617086.677171,48,582831.255381,111,flute
6047987.097848,32,3214078.476449,24,3145965.751171,21,3138706.674379,20,2378657.506968,17,1948333.410171,25,1924763.315377,40,1601169.625181,19,1338577.577372,18,1109653.105477,16,881107.366011,26,724731.794667,31,679789.838099,27,579207.090324,22,506293.096959,33,480336.147402,11,460644.6509,28,459454.876429,30,447984.156469,12,446384.874506,29,405101.352205,15,367241.315678,56,359627.548773,60,327328.373107,23,295504.484461,55,283562.183997,63,272973.042985,48,265702.078032,13,259227.356224,14,178880.40994,95,176771.563072,34,148389.330601,47,piano
5263767.97229,64,5007740.757057,63,1647819.946217,22,1615101.976326,21,1603579.841499,95,1339471.902072,169,1292295.398273,168,1229665.556003,94,1114637.074487,24,1064065.132535,13,1051258.567316,57,1015459.595278,188,1012748.194721,189,1010104.339142,29,969032.789641,32,922132.511878,66,907548.472598,12,841600.989113,71,804465.836409,60,765998.063244,61,724367.206196,31,715601.567222,43,706117.373144,126,651916.088597,251,624358.057724,67,617283.502027,25,607179.942307,105,592054.56567,33,545032.848508,72,531754.453348,30,511024.85182,196,508870.435174,345,AG
4175844.571717,34,2820756.040039,135,2357853.027063,35,2267031.307854,134,1620570.804503,28,1577662.882144,59,1546952.348058,48,1541097.397335,119,1462671.764564,60,1378402.13199,268,1365454.02652,49,1360056.503252,89,1279527.300459,118,1264482.884942,56,1254065.280191,47,1161787.766346,20,1119810.041243,137,1037503.64414,23,1026496.750091,42,999306.64567,32,984435.287469,43,924467.466861,41,923506.956433,37,914815.689803,61,911943.906726,33,909444.205625,356,907507.817639,26,902754.254989,269,857947.157495,120,828613.227093,178,817277.36771,18,816795.476423,58,AG
7632766.26137,38,4771300.442514,149,3322829.08948,75,2842853.406549,112,1056325.136923,150,987671.950472,45,442058.572068,39,419402.073831,37,395061.375547,76,358496.098026,186,334380.855058,151,327107.299748,148,293059.032918,260,239943.611252,297,224659.977168,147,221040.784515,57,219875.458049,113,215675.347627,152,200491.134589,36,198505.714485,185,197473.484972,46,186769.514218,111,177557.260854,44,174326.371875,153,173905.376468,40,168889.879633,223,153183.019954,177,146013.627234,334,140968.724512,77,135030.652846,146,132877.978755,88,132809.822187,221,flute
2482712.138886,12,1847120.323912,34,1710600.306803,58,1660879.546035,19,1492553.497591,13,1480932.624179,35,1334509.873414,17,1204578.705345,45,1000433.683844,21,984538.92115,11,981881.53881,14,926851.623069,18,858791.273764,25,853489.079518,173,790926.239325,50,786641.818342,29,748171.523008,390,732091.324469,38,730043.676962,27,706834.518614,24,704193.39712,40,697522.043092,43,688567.255311,1148,640604.939314,55,622643.208736,184,611439.537542,63,603486.799324,20,599749.007232,39,585533.010102,28,584631.368315,90,583655.163509,96,578726.888345,33,tuba
5782310.973079,18,4568728.203899,19,2785888.797897,71,1946802.340965,20,1626426.849049,17,1282264.880283,21,1097978.816675,70,1068471.082933,16,1027668.300436,72,860721.867498,11,763251.901283,27,740566.077774,36,731844.000482,15,728328.795869,73,650124.341957,62,558327.056115,23,503937.881864,30,497520.178962,60,493863.918562,22,452700.474459,26,442001.73855,69,431117.673357,14,418553.624434,47,396560.479254,45,379135.04586,13,362992.426745,28,347935.659913,64,335032.497865,46,331754.229771,24,319217.803485,68,304679.326096,12,300691.32355,76,piano
5725186.126119,27,4772531.284237,40,3954018.863381,39,2836700.155377,41,1765645.03289,38,1733689.768794,43,1628548.910991,26,1271102.480817,37,1094671.253811,52,1087573.862552,44,973807.755601,53,972365.536283,28,849428.646437,42,797631.025008,79,758783.739991,45,735994.487195,46,647132.225428,14,637600.380882,50,610243.155646,51,600777.913255,66,581812.881798,65,551986.354378,25,550603.765806,36,547210.970385,105,490722.421602,16,484573.222421,24,480490.311111,35,470723.504845,48,456083.651209,23,450865.693439,56,443936.806074,47,431835.931183,33,tuba
6141744.665143,38,4728694.574987,39,2588255.347619,44,2575485.019932,40,2005902.759472,47,1941596.333474,43,1918265.974122,48,1851493.533192,57,1604754.997941,37,1397350.975004,42,1338659.972262,20,1149954.157744,19,1035386.793495,41,722983.441422,45,722680.818001,56,721296.948603,66,601114.301482,59,572618.047005,30,542349.525222,29,540214.115968,27,531649.921454,68,486909.112673,58,465633.314789,50,449932.673261,76,447439.69676,55,443403.704279,21,435882.901449,46,414126.715486,70,409642.169213,73,392412.01514,36,389728.614118,72,356993.708028,67,tuba
8978872.031393,90,2979693.882254,89,1697950.775825,179,1495379.067884,91,1332930.356765,88,1311369.763617,178,907643.135304,87,864188.75798,92,660518.587929,86,605931.582695,93,555562.565423,177,519750.409236,94,514626.133839,267,479982.19689,85,478048.305727,180,434064.026886,84,389324.320994,95,335904.887408,97,335005.16582,83,331006.4474,181,326898.770949,268,326676.554342,82,302263.328774,96,300739.049679,176,279363.740956,79,269766.804484,98,269403.75746,81,238561.091493,80,217947.929248,182,206870.888718,99,201135.249295,78,200308.703758,77,flute
4539454.967408,40,4106291.942654,43,3281246.284959,27,2645321.879082,42,2312123.984797,41,1862660.769752,53,1777619.019297,14,1636548.069296,60,1496175.786869,19,1484994.134454,20,1477820.010975,23,1426375.505542,44,1414158.33914,26,1142679.629877,24,1101669.72068,54,1029475.635949,25,910231.550906,71,880609.883779,29,857473.508133,22,848722.950563,28,812248.722136,52,776428.600791,38,770032.770309,21,732055.362673,63,726536.664472,84,723632.371644,64,634964.110807,12,570567.489611,18,569987.651295,85,559065.004864,35,537104.800712,13,533483.4696,31,piano
6681537.052109,12,4004691.878416,22,3109055.356411,13,2114689.049667,251,1216025.262238,21,1080247.887079,11,1000251.378246,17,966695.470679,63,912356.342897,168,897020.400384,84,862759.194823,23,857077.357146,14,851253.098946,16,828680.33635,42,769355.187343,32,747028.992076,43,708550.972697,95,698301.381477,24,676542.502264,71,576321.43411,85,560344.926141,25,552947.888895,64,534164.504586,252,532946.696808,18,494886.587555,53,489742.017209,15,486343.418195,19,469672.286669,27,432303.580372,26,415669.040976,167,409929.158724,29,353828.676734,94,AG
6005638.518547,46,3955658.51864,89,3578045.716237,90,3139211.524416,44,1852700.095724,40,1787961.696033,45,1741987.846503,88,1449890.193932,92,1094501.241589,91,1054461.498883,41,1049652.356317,133,982975.77028,39,925435.656799,87,906768.665301,178,894589.994819,48,857510.720367,179,819144.708786,177,652973.074032,85,583912.492572,94,581150.436077,42,547075.981826,38,539716.856051,93,532816.860574,136,504574.388945,132,500735.935393,37,481509.669078,49,447552.245043,50,433297.890076,86,400957.913594,225,395337.880957,84,385594.039992,176,385413.658003,51,flute
7596122.817523,39,2414615.868835,36,2053780.225367,40,2021187.649074,46,1831357.520173,44,1559762.470618,45,1547661.259061,37,1481630.372089,35,1425504.32348,42,1285871.872655,34,1248368.295792,41,1201937.477604,27,1144845.971141,43,1064206.901435,38,912650.229992,52,877135.586727,48,834229.777218,68,818338.099467,69,756475.705998,22,747736.929993,47,714714.941734,57,671569.890788,58,639799.328432,56,630714.294363,13,626545.685895,21,622925.707218,67,613067.338694,70,609334.982088,33,591967.119039,60,581008.833642,51,579107.21985,26,569662.07055,25,tuba
4248032.232282,27,3734129.050553,28,3034212.672952,135,2754731.852596,23,2653960.992558,34,2515876.615506,133,2311155.709376,35,1910594.046741,29,1658833.385157,26,1590385.97502,24,1549171.25581,72,1405823.223439,137,1236287.591963,33,1144144.258717,30,959855.907875,134,888198.201461,31,876483.697931,32,814692.003899,285,750363.171706,292,734456.445023,237,709589.733198,67,708923.101448,25,701556.448456,107,684693.94845,36,662600.453378,132,655804.553246,140,650767.796714,12,639182.714589,20,621418.332348,102,617846.768582,136,614316.6925,138,558926.907798,278,AG
9103117.767937,14,2268409.182608,34,1942706.686618,40,1801798.12339,27,1306802.839343,133,1141914.177651,21,1095755.261339,100,885583.742735,20,659070.505963,132,623389.866845,60,595085.320404,59,424209.09808,67,388922.23458,92,386139.183856,11,363916.131466,265,340362.50455,134,335509.552708,22,328557.066695,19,319593.168694,166,315828.891782,298,314889.584637,25,314076.761315,26,305478.37816,12,277559.404839,463,259887.498287,79,256688.665417,99,250619.945449,135,236385.84331,131,232929.970661,53,228614.756642,24,221721.056788,61,210811.424992,430,AG
4382059.062443,27,3948103.102811,135,3253889.050529,34,2817234.95677,134,2363572.679031,35,2141290.258046,28,1660995.061556,136,1547923.351688,20,1529279.285334,36,1214454.696914,26,1083908.021054,133,1075816.450909,304,1068044.050603,23,989363.987947,31,957049.531738,32,954227.074846,29,927599.725959,30,895309.134082,37,886355.535528,269,880516.221353,41,851616.314048,291,842945.796349,137,825510.479028,132,811804.58662,19,795937.533764,53,788113.964708,21,782700.882176,33,735088.637564,265,725823.077842,43,659650.326339,179,643477.948261,44,637039.515942,40,AG
4741885.82789,23,4724216.520912,15,3945628.465586,16,3889529.446708,22,2411406.267465,20,1911641.675905,21,1809301.406099,19,1441522.098398,11,1376414.295039,45,1324845.195695,29,1057798.641398,17,702429.900571,12,696194.848691,25,675332.307645,27,654080.245987,24,627583.808399,14,620688.830963,30,620462.443818,44,617806.918353,133,591294.892304,132,510159.195412,42,494375.917744,60,481405.548836,32,446685.254083,26,442929.61346,31,429682.515768,61,398588.501851,59,392188.825992,67,331511.508727,46,310715.018246,88,289009.281277,62,275966.386606,90,AG
5413867.189581,94,5200929.406072,95,3892243.671314,48,3009018.234376,47,1554190.525527,96,1385163.053337,187,1315139.338465,93,1240205.285164,282,1173600.708124,49,1091014.2939,60,1042406.585387,46,888735.469907,97,878800.34831,40,766847.561656,92,765518.401143,24,715271.245702,50,669341.424446,30,655325.691932,141,633562.423845,91,611994.201428,36,608240.334488,234,570100.300425,98,541877.290842,45,504648.821708,51,498105.15266,79,495933.033495,89,482684.493992,99,467515.662759,59,447671.846934,13,444341.123726,83,443289.717008,100,423158.30022,90,flute
0.0,1,0.0,2,0.0,3,0.0,4,0.0,5,0.0,6,0.0,7,0.0,8,0.0,9,0.0,10,0.0,11,0.0,12,0.0,13,0.0,14,0.0,15,0.0,16,0.0,17,0.0,18,0.0,19,0.0,20,0.0,21,0.0,22,0.0,23,0.0,24,0.0,25,0.0,26,0.0,27,0.0,28,0.0,29,0.0,30,0.0,31,0.0,32,chello
9166394.171777,133,3239952.824632,132,1743666.984501,134,1352368.114755,131,990220.563207,135,786947.822396,130,696207.625447,136,537050.433261,129,484913.989046,137,475065.609548,149,454468.103019,128,399795.154897,138,367654.186039,127,361458.394013,139,301580.067152,140,299192.393161,126,287061.239809,125,247417.572304,124,234192.922162,141,230747.533618,142,228327.678734,396,201662.03577,150,192138.691458,123,187556.366981,143,181719.225268,121,181567.135138,122,180003.24906,265,176331.409621,120,166568.339391,148,166100.801816,144,165982.904023,119,159216.185685,118,flute
3883001.38873,21,3161060.002181,32,3093917.372811,40,2783182.360327,24,2683619.496139,20,1496191.614214,25,1399765.460303,16,1086635.842526,19,1064230.953871,22,873895.749657,11,803237.474023,55,801928.355317,15,780588.331619,56,686466.638449,12,684236.284789,23,677567.387962,99,652520.007935,26,632361.083684,14,605462.628051,17,592147.653515,18,577731.539612,33,544776.779964,79,540433.60516,13,467797.7379,111,424997.455606,27,413413.142429,119,413158.330618,60,372543.288327,80,341577.046427,103,331097.776065,54,322976.021097,28,322437.194657,94,piano
6550703.080468,45,5027503.600513,46,3809089.662952,90,1960021.837031,89,1519236.018558,179,1433848.862124,134,1377388.14731,44,1025617.556741,47,948647.114487,88,889616.725689,24,837215.752249,357,764699.161116,23,703635.311856,43,698392.701408,48,591557.062036,178,550225.584608,135,531087.73318,49,498949.09022,91,444589.117948,42,432602.484636,21,416757.111417,51,406065.191704,133,398237.820775,356,387870.728674,92,385536.366009,68,359905.976807,87,346782.434786,41,341479.502309,50,333494.833635,69,333479.60496,22,322342.339489,313,301063.591569,157,chello
6611679.972344,50,5223045.766617,51,2045783.976284,52,1991243.526658,49,1941261.013987,100,1437181.141739,11,1189072.036316,53,1118615.457641,48,1045342.721632,298,1039123.235772,60,965138.520751,150,960935.312814,12,850357.740192,54,847358.885127,47,796960.112896,149,728874.438088,16,643695.340104,55,636061.322008,20,632568.245706,22,609667.496965,61,587879.808614,13,570725.617175,56,559417.914068,118,542407.009368,46,524241.594111,199,523150.417449,24,478931.038073,44,472944.734399,119,449825.525929,58,434360.960699,57,426207.375621,62,412666.356844,120,AG
2178343.644491,12,2105611.574043,11,1640338.414936,14,1533416.716611,15,1203441.12895,17,1200951.492492,13,1192505.239533,26,1104947.383028,16,813390.570934,57,806491.67253,18,583267.751586,25,570991.526516,23,526320.448392,24,364564.322627,58,323935.59774,27,323895.248775,75,294182.855271,19,249543.531111,20,239652.14697,33,236437.552525,22,217624.625528,99,211915.402455,56,195508.1218,142,190413.442045,59,189564.111986,141,183397.773472,21,178548.564112,50,178356.984526,96,178116.798296,71,178028.404312,143,168341.683213,64,167477.815834,68,AG
3577750.920989,135,3368579.540149,27,3255110.222821,28,2793331.032421,35,2554904.476728,34,1686903.354455,133,1584209.700462,134,1440668.17342,23,1372650.63444,19,1270690.941761,29,1262678.306604,20,1162603.547998,30,1109652.885257,45,1053834.564123,36,941951.638825,131,915169.839296,22,885043.507194,44,863947.488816,137,847238.033751,31,845124.283295,40,814896.039895,41,814298.924199,37,777704.986907,49,774904.353554,47,763220.944573,138,726735.357664,265,714120.130645,676,702643.531976,33,698529.33006,18,690034.49135,677,680759.85535,38,665735.594829,130,AG
5144989.329765,29,3992412.317308,43,3589170.286479,71,2805475.035122,42,2419241.618705,22,2287143.190837,36,2063929.880494,18,1856744.21238,19,1721031.812582,28,1233676.779298,30,1225930.276741,75,1188667.044517,41,954432.68518,44,796429.381831,15,767487.328142,31,750113.393777,27,747712.499454,32,741992.507036,40,702204.323822,21,602516.401203,20,564057.213426,33,560738.238334,39,523082.46928,17,499934.344365,45,498588.936755,25,484699.887559,26,464858.263868,74,463481.671531,38,443138.080521,34,415799.129854,106,389766.117151,70,367691.142364,46,piano
8212202.51212,23,3517838.05682,24,2732521.361997,90,1919716.888007,22,1610455.446846,25,1003722.270962,21,960344.987104,26,880078.740792,20,840176.893233,91,780530.246163,68,688668.296167,19,687010.60271,27,577566.069964,28,545131.187424,89,487203.456147,18,419055.405089,30,392909.99427,46,392785.259347,29,382023.840573,112,367425.290988,69,363598.390712,31,362449.155461,42,360956.172317,16,358329.372976,92,357613.158951,44,356553.111289,45,330009.55316,17,327170.52943,15,325479.736113,67,317205.987315,32,307766.567808,41,291853.406876,14,chello
4835768.484071,39,3685723.462816,22,3356399.759352,43,2685774.599428,23,2592009.734651,27,2377377.416673,35,2031639.825859,41,1858597.466623,44,1789486.91988,40,1676785.192573,18,1310069.641474,42,1244393.233327,36,1171296.613611,53,1144164.875584,14,1073065.187127,26,1046204.587641,49,1015134.296953,52,986818.682348,47,957319.876281,45,927954.55631,57,915878.398369,24,865653.917039,70,831215.289558,21,807299.709544,19,801207.813639,48,707636.169192,46,686678.211084,20,637556.253629,31,593873.341289,25,574010.374527,58,566318.237166,50,548040.211681,32,tuba
4017263.075254,29,3966909.01773,64,3049383.499866,48,2996669.952638,63,2986924.679089,57,2848760.885105,28,2256178.733794,56,1673878.761119,61,1643569.660846,43,1447869.319,47,1390938.591374,65,1343985.984731,60,1302591.651755,15,1167477.814524,26,1063029.680031,49,941309.018699,62,910374.018903,22,904816.314304,42,901042.258763,51,853371.56099,53,837301.041145,25,833884.303149,54,820249.920224,55,814894.451277,30,803633.700143,52,766427.818233,84,757497.573214,50,661960.927796,46,650131.375592,66,645766.116721,27,634921.521978,58,613466.229984,59,piano
7791910.795866,24,3752566.64178,25,2087876.445762,23,1537511.686893,26,1534597.241085,16,1532770.793269,20,1414417.376628,21,1175522.983604,17,1080336.711169,40,1010519.261594,22,877773.798837,27,788378.285529,15,593168.017673,19,580368.175017,28,557224.566763,56,555060.25672,14,530808.930777,18,480218.466887,48,447734.792675,29,442222.13937,12,401878.92549,55,347957.611584,41,342720.632218,33,330741.159671,11,310566.176983,13,300701.994258,30,249886.513404,63,230503.671644,57,220883.850218,31,218769.972666,42,212239.3268,60,211815.780871,49,piano
6396168.011998,47,3480652.792734,48,2715860.00224,44,2710821.416737,16,2333369.426612,17,2320048.594502,32,1500481.184738,43,1356611.330802,35,1341121.079882,59,1318009.467027,46,1228149.206074,45,1193867.675179,36,1123620.977473,78,1021268.895751,42,1005898.921862,38,968735.884897,33,934518.894873,21,918305.89407,18,859365.705836,62,819143.817196,60,774674.939163,19,764222.323573,41,755078.569947,39,690083.607046,34,674783.9828,22,646648.022444,28,491549.960218,27,484283.533228,61,467366.052226,76,454899.986233,77,453230.454246,75,448886.699923,31,tuba
4201010.41092,47,3421444.722593,41,2965667.763126,36,2758088.652399,44,2402469.445525,40,2359541.239225,39,2029611.119408,43,1957281.757833,35,1842504.118789,70,1818419.43937,46,1573690.146527,58,1480306.280269,38,1475114.032432,59,1415911.326805,45,1301453.74829,30,1170340.866342,34,1075093.702308,48,1052590.455568,19,1047113.360637,49,1037983.084403,13,989572.835178,23,983433.378346,51,968033.594149,68,908244.582623,24,887697.782331,52,808505.029041,42,733183.654959,37,709206.301421,75,659448.980735,57,636733.817795,56,634466.892222,73,631577.405512,18,tuba
5938978.056906,75,3551191.807441,149,2737744.887795,148,2732506.720518,84,2708373.486364,74,2268460.50953,83,1660721.945782,85,1629234.616616,167,1611076.117675,76,1491348.70523,168,1302524.095329,82,1149799.863251,73,1037522.539874,147,1021688.315517,169,963236.344034,150,920787.926108,251,895015.711824,250,876550.103778,222,811717.19326,166,806590.924084,223,772804.837957,77,733860.507032,170,687939.868088,249,609174.671702,71,588945.601091,252,580085.038219,81,557053.63672,87,528770.621544,151,509079.325943,72,505006.102775,78,480236.760461,145,465152.850733,146,flute
4437157.433933,141,4086689.739782,140,3876048.68634,139,3260794.712233,71,2140007.186149,142,2082391.587515,211,2052472.935566,70,2040386.008128,138,2003244.902227,209,1729073.844485,208,1640381.618624,72,1393597.309676,212,1197582.160307,69,1004606.019694,210,943531.55312,143,913078.604812,207,805535.012975,137,757364.459554,278,735326.94963,73,707565.881204,282,671375.185979,277,648859.526928,281,595538.226695,68,569468.735652,213,563218.961262,144,550995.885296,279,492274.533695,206,490599.609694,280,461829.544081,276,418444.039808,136,414324.477346,74,407469.120792,145,trumpet
7158402.019135,90,6415171.525456,89,1677376.668167,88,1573641.537404,91,942413.817906,87,883285.076787,92,752445.371578,93,713496.759181,86,605538.844781,94,604170.428277,178,579534.622641,85,490550.789334,84,475232.476847,267,438695.40508,95,408208.75423,83,395797.628611,96,326077.056755,82,321144.094514,179,298971.567629,97,279564.352328,80,267375.293928,99,251604.135118,98,248569.289783,100,245383.859047,79,244716.471551,81,227563.024419,78,216390.960669,101,214435.22336,102,207434.6424,133,193690.178648,77,189098.416807,103,186286.472083,76,flute
5284098.831878,24,3379145.821687,21,3376937.495114,20,3000775.918327,25,2520085.291839,40,2469250.021784,17,1753160.132018,19,1694233.324914,32,1435394.465557,16,1392590.484385,26,1221033.088868,18,1025549.509928,48,1017868.543775,27,761560.169383,99,745694.281097,28,618032.64739,79,606256.700167,29,588394.615166,23,545814.595453,60,524062.132223,47,521277.540859,22,500492.773888,30,475922.189207,39,472752.712977,31,452427.255695,80,422753.929612,95,419436.503394,33,413146.261684,111,407850.505853,34,405578.739904,15,402872.461733,11,401725.239654,94,piano
8915358.443802,14,1909621.874862,27,1863848.602515,28,1715882.211011,40,1673698.908062,12,1414511.697462,26,1238252.911838,34,983537.060983,53,979035.005299,21,962230.221214,25,855763.079047,20,677718.275575,79,656473.791845,54,564312.090373,24,559956.702045,29,454804.560639,80,389461.265386,30,373926.752868,13,348591.80685,22,327564.915425,105,313665.037677,60,295819.714449,31,290730.751,315,290642.234856,11,288054.034999,15,271492.825355,210,262201.227367,392,261691.729945,131,254797.663377,51,252653.381696,52,235839.69003,393,235179.897003,18,AG
5418304.644952,29,3899706.386687,30,2613846.613525,28,1931850.657733,24,1756310.184113,45,1627820.127489,34,1511422.567703,31,1493280.075291,57,1406133.766625,44,1360428.824625,87,1348065.806039,26,1330952.80262,86,1305971.461394,88,1304964.169293,35,1274493.644172,32,1140360.766507,58,1133619.158177,27,1084329.699202,56,1050631.323654,46,1048732.6516,42,1020834.869161,33,957502.711537,18,904891.103728,25,842852.95773,114,840758.331069,55,814984.028299,23,801673.76522,47,767405.499177,68,764923.192544,43,744384.410876,171,698964.25322,41,660395.443998,40,chello
2482223.479777,85,2308485.292009,84,2168288.30012,141,1955197.003679,64,1779022.794758,63,1765040.55623,140,1734004.408565,22,1635110.347622,105,1460810.801296,29,1316107.47725,168,1286833.475854,23,1256163.049013,112,1246106.317376,21,1181399.213383,196,1143349.173186,113,1128728.74395,25,1125284.211636,104,1106611.293477,338,1053013.003297,252,1023964.607543,12,999807.227642,197,919250.399724,43,882814.099163,57,861744.426126,106,854279.239954,13,796150.741784,66,755860.951497,251,755550.198689,19,740141.38355,142,727496.047898,68,704795.360593,24,703697.123738,11,AG
6387247.147483,119,3862454.431866,60,3846021.487121,59,2448133.097614,118,1871979.276852,177,1607487.606469,61,1535347.230106,237,1453191.588946,38,1286584.028716,58,1198484.069527,120,1055339.808137,117,934623.320233,62,869548.602375,45,856394.182824,56,807300.50442,235,787691.302896,19,762628.608435,23,723218.136956,121,712678.963454,57,712455.628983,63,692028.890328,116,581746.441173,122,577083.782933,20,571986.529809,55,562654.789749,234,551258.85761,178,518425.700183,238,512681.449305,236,507051.567302,64,439660.637017,131,437908.655061,54,433495.982072,53,flute
8179972.899535,75,4068436.813081,149,2932490.831605,148,2029602.193724,74,1219727.15025,150,1011553.83681,76,879281.380662,222,786301.048313,73,766738.657139,223,532298.751906,177,515028.001237,147,511486.363809,88,470785.348348,176,442909.790254,89,439438.71381,151,394215.241027,72,391992.959887,77,342943.179315,78,337063.805259,178,305876.623094,152,279856.078502,71,278391.399463,224,275447.909074,265,262424.201617,90,261735.402254,153,247760.37154,70,247562.812732,79,224342.827227,146,206804.175829,154,182692.179951,80,180356.568674,296,167754.99789,69,flute
6621679.064813,55,5921442.127951,109,1972066.627509,108,1942730.586548,54,1681106.283021,90,1611145.36185,110,1415494.14598,46,1383840.336798,45,1119066.419124,53,902980.065862,92,699816.386424,101,645522.005886,67,623082.414117,217,549198.446307,136,544322.544972,89,481743.112207,68,467354.421833,52,391121.735682,91,383628.564516,93,371777.52364,215,368304.083317,225,361455.23134,162,357192.353866,164,336875.501316,161,324000.724199,135,319338.50929,34,308059.618796,51,299204.210412,179,292575.442742,58,285138.39757,88,281555.216492,214,280069.589854,106,flute
8657930.718339,60,3822939.813523,59,1806077.890716,119,1510008.7196,61,1400964.645102,58,1095569.015775,118,824077.594058,62,812044.857747,57,721982.774062,56,712419.657519,23,617405.44341,117,534605.991647,63,509100.767786,38,489270.446813,55,436147.830413,120,387093.501332,54,373430.84842,45,367834.679595,44,354386.852433,53,342455.967935,64,317263.211876,19,289444.147897,42,286637.218841,116,286350.160891,52,276878.335836,43,267598.350049,50,262062.660139,51,259412.173095,49,255148.396323,40,249892.718993,41,243177.374813,48,239113.184803,65,flute
8400395.327836,60,5283306.072871,178,1253087.55487,179,1023579.110266,119,899549.329386,61,877363.755778,59,588008.503841,58,485364.752641,62,392752.430647,57,359832.868938,180,312987.107519,63,298494.652559,120,243642.113129,56,204932.131868,64,198418.256615,55,182854.681208,67,174013.692065,54,171521.018609,65,150335.130965,53,143227.917969,66,122130.953306,52,114932.066021,183,112134.797894,51,110269.765298,181,109569.16108,68,108379.983384,118,104120.641597,182,103966.318047,176,99748.018363,69,98868.096966,50,96603.202635,175,95056.062697,48,flute
7489632.394905,27,4374550.758814,53,3169673.99708,54,2370378.112754,52,1895251.113758,56,1476632.360614,26,808913.631921,55,768630.161034,49,765824.511265,59,755370.656476,79,730553.643899,82,691851.266659,57,669389.053532,80,552826.029141,76,536684.26916,78,534418.57751,77,517527.627864,75,479625.749111,48,414522.609754,30,400331.327485,24,368658.272868,81,367976.427454,58,357243.798389,74,297862.065186,83,292079.681465,28,291675.083558,105,287201.832693,73,273858.462138,39,272967.552524,106,268820.63407,25,245259.12399,33,231891.502157,31,tuba
5815960.649052,23,3902806.002129,27,3880121.514759,13,2558604.56162,15,2514262.046665,14,2101609.581777,28,2029611.579203,12,1779125.65489,26,1486363.76402,22,1476631.434709,24,1193682.766123,11,970702.671207,40,968877.808209,20,692425.990327,45,652089.221069,39,638911.972085,53,572505.367927,16,561315.910281,21,526921.493688,30,502117.522969,41,501608.145497,29,488156.663117,18,463025.73217,17,422559.396656,25,389563.135493,32,382427.385651,34,322950.83828,31,320626.602753,37,286095.002296,35,250143.441317,33,249175.566684,79,240237.512478,19,AG
5084823.056579,18,4674144.486751,19,2326679.192447,15,2103918.661342,20,1988501.479558,42,1935906.442958,85,1810587.832085,21,1648234.002805,53,1608953.384688,41,1554886.526771,84,1507801.192897,17,1242855.021728,40,1161712.994115,14,1160230.508023,54,1154590.60771,16,1137063.039112,39,1113873.595429,11,1081570.327582,44,1044646.958933,13,908716.182822,36,907503.255982,45,805234.579845,12,787070.53068,83,771640.208993,43,769201.822329,28,739231.938908,63,659988.26974,23,637991.102491,32,624421.223362,24,566180.808215,22,562535.353139,51,546298.114371,50,piano
3700041.08187,25,2225219.480365,30,2058531.810373,48,1950090.750889,47,1660988.579688,17,1629339.189114,33,1349546.037367,44,1333890.000426,52,1163004.357223,40,1160954.39677,26,1160482.242566,21,1113626.829862,49,1069852.096829,32,1037351.83478,39,1037092.587541,46,1032085.232805,18,972167.386889,43,944593.080741,20,944190.602341,51,879212.91607,23,878951.595315,54,849773.863617,53,810679.808414,31,746768.706623,15,740640.58142,62,730716.360139,14,712522.913798,34,680802.713171,19,674596.612974,121,622825.68029,154,621859.42351,24,621736.992892,29,tuba
4635014.026491,89,4519216.522924,88,4466779.689812,177,2602875.339715,176,2486853.543934,112,2209478.918384,178,2062036.528064,100,1887612.307654,264,1801142.933092,90,1731850.682592,175,1512557.562333,265,1027923.721979,101,992613.11995,111,859792.012588,179,704459.278827,266,636993.35841,99,615550.445643,102,578767.733945,87,555586.788685,180,534022.486041,110,446723.835329,113,426953.648,174,419227.098677,298,398591.249859,263,356655.07869,103,338935.587894,104,336048.578693,109,311097.159587,108,309418.17383,98,302721.541157,91,277481.970996,173,275333.092194,106,flute
3815178.554446,20,3727928.031777,19,3179383.123137,18,3042761.995421,22,2971825.144642,17,2897646.823701,16,2664573.957516,15,2124878.46415,11,1960960.658517,21,1853050.667521,13,1818135.186746,23,1521749.668167,12,1423220.044407,24,1323271.71051,14,1296998.974821,25,828043.559428,27,747208.319643,26,697363.188459,31,672097.749336,32,624327.79914,33,607376.091169,34,568512.992424,100,558516.872232,30,513913.649022,35,428875.25756,36,357848.64272,51,319201.299109,37,307362.857388,52,306432.439757,40,253745.196653,39,249896.686233,44,247275.800068,53,AG
4461922.138679,71,3536070.979844,72,3072414.174242,106,2501857.675983,107,2162424.431542,22,1568914.678491,29,1320541.591362,141,1145052.128815,142,1144595.320034,12,1074661.743714,24,1029248.473614,21,1011503.633592,64,1007156.783892,25,994982.017996,69,975652.659323,247,969216.16681,104,944347.32556,70,907864.045306,11,895014.315645,36,867188.518686,423,774691.676156,246,725731.821238,63,679833.130291,18,659634.036981,66,655054.667462,109,632917.44827,212,616333.651622,57,596097.318733,23,583262.294677,169,575344.444633,77,571596.295234,211,560390.988698,75,AG
5787073.851106,126,4192001.047217,43,3441973.40555,84,3311726.610696,168,2155794.229896,167,1951880.477283,209,1853156.683166,42,1784257.485702,85,1466560.413573,125,1403340.427835,127,1111322.650858,210,1018073.880033,166,913252.529075,44,887164.302219,169,849992.395043,251,818067.918156,83,812250.677156,208,667410.899366,41,629091.251663,86,557891.15619,165,545500.049033,250,504756.381823,45,439436.627488,124,428960.618345,128,424449.707246,40,416211.381216,82,412679.645314,170,408050.83485,207,368908.185194,46,362191.23786,211,343886.06606,293,337329.47429,164,trumpet
7287387.21108,43,3265379.700326,126,3114956.885126,127,2704397.736861,85,2234024.394303,168,2104387.254384,84,1202431.909823,42,1162862.88153,125,1042072.687008,169,889660.562492,128,879214.141978,167,842965.869781,83,830335.486808,44,781538.541559,210,681641.245823,124,575435.370738,41,564668.972894,129,561938.491927,86,538345.662252,82,533625.83084,166,482199.497848,40,473066.103861,209,470045.975933,45,459538.688481,130,440848.214978,170,409027.002757,87,396647.405845,122,396096.696142,123,394750.449975,120,364311.360787,131,348200.895121,121,347519.026547,117,trumpet
3771413.560758,126,3501249.577716,63,3415416.25401,64,3055611.427498,125,2347182.493077,127,1916663.955866,188,1818303.769817,110,1756529.933862,189,1526000.753235,166,1377908.181468,62,1369715.947181,57,1349967.279237,165,1253102.334823,123,1235424.496536,190,1223689.251442,167,1220873.132401,65,1217105.04264,55,1191981.948023,112,1160852.772103,61,1158388.716472,111,1137764.494808,109,1120911.660119,187,1117910.897009,56,1002038.426228,128,942664.138683,58,899747.639619,113,828759.207464,124,805347.902162,164,802987.926567,251,688720.569055,168,666631.000767,66,640470.804532,122,trumpet
9088115.763336,60,2043460.762362,178,1909173.148193,179,1709583.004972,61,1643001.17636,59,1049594.16151,41,838970.726029,40,838636.620237,119,826492.762793,62,747859.363489,58,650162.871775,180,618527.116997,177,565209.568749,63,509857.522531,57,417758.241961,181,411517.081709,64,407288.366463,42,406862.26411,120,396985.323961,39,383216.794425,56,378950.069961,176,365585.225202,65,303607.905578,55,297569.647919,66,295546.66812,182,261111.71335,54,253157.616616,183,251089.689842,175,242086.021194,67,237321.77024,37,226419.723846,36,218940.670816,34,flute
7365536.212891,14,4272159.878393,93,2046750.361797,27,1896416.083989,80,1686549.718971,67,1639773.953246,106,1574842.03972,198,1397378.964366,40,1371449.567842,132,1110497.578948,211,956959.714146,28,873870.249288,133,828844.398766,41,771377.46413,172,764090.456919,66,748106.090678,54,717855.688618,15,667387.252028,53,548160.580927,159,535023.919492,13,507338.372179,237,489923.479453,119,478924.383418,26,470846.542531,39,464671.614383,238,455230.937876,29,449371.778049,158,433966.946781,185,431202.995226,79,385483.370578,68,374660.173357,146,361580.756247,131,chello
3166910.87117,13,3149347.11538,12,2978620.333837,17,2484681.622149,28,2359236.356215,24,2319524.145193,27,2252409.185356,15,1789430.181509,19,1631563.612708,25,1597378.643773,29,1555372.130437,11,1543312.963718,16,1440107.476303,14,1413819.090497,44,1352932.36746,23,1142879.691585,33,1125034.504076,68,1020739.79686,45,1017450.475348,58,974844.03636,20,877007.968761,64,860666.672201,62,828491.171716,48,784028.939962,41,748984.463435,46,739909.934577,38,735207.189135,66,653753.760272,34,642290.445722,40,640484.258069,52,626750.592144,105,623640.692457,49,trumpet
8382488.517645,14,3435169.966752,93,2220732.722299,27,1429126.149398,67,1414749.386576,80,1081449.575391,106,1028515.993633,15,1003643.469653,40,992559.54815,172,949088.351042,66,850513.80036,13,786174.989318,28,729161.110329,41,662286.32691,132,652140.534536,54,597599.53662,198,522748.456784,26,515870.624019,211,509749.59919,16,483407.758224,53,432383.171788,171,428213.222289,158,412975.571588,92,400341.485487,133,391412.607045,79,376465.319358,159,376376.624096,17,374606.205791,29,372524.278012,119,365958.802042,12,303474.987546,42,301763.721178,65,chello
7824877.416032,24,3551684.054523,25,1801263.880415,23,1647915.138539,16,1446544.436708,26,1255057.850713,40,1071218.625997,17,1030460.452474,22,1009763.189968,27,778533.335692,15,654433.552692,21,637617.979829,28,582038.213211,13,535738.42343,55,510609.514014,14,484118.873813,56,472353.173017,29,452824.451295,11,449799.395441,32,433245.597149,30,388684.293898,12,377317.81127,31,375609.639562,20,319620.950991,33,241470.129704,48,237640.399399,35,227056.18579,34,210091.641659,19,203631.621133,63,197385.682035,42,196392.019499,54,196273.132743,36,piano
6583319.892962,75,3927906.144033,149,2994835.518413,74,2434443.051305,148,2002093.290214,120,1814395.231208,76,1529698.593218,119,1515717.708245,73,1387645.164014,118,1308412.027193,71,1173391.431204,77,1096705.421842,147,946733.033025,117,907059.872364,121,874809.364671,150,836660.443004,223,828843.788925,72,787159.164346,78,676728.919722,116,676177.213043,146,645938.118855,222,593503.736915,79,561182.47032,151,550578.244967,122,529663.056779,115,468233.706816,80,464628.731885,113,458947.081104,114,452046.807986,81,428857.993731,145,403040.180434,140,400384.087546,152,flute
6414419.834448,43,3681201.252785,120,2096023.906374,134,2023867.944382,133,1975601.731564,61,1785763.223586,34,1421626.339553,121,1292625.789834,479,1226209.744289,126,1189800.378323,19,1174416.208788,60,1127822.236577,42,1109154.373503,59,1042950.894725,135,967087.769698,480,925411.935378,58,882920.942223,20,861876.532338,44,810598.657672,35,766285.986146,29,760083.919037,127,757059.854487,180,750218.244838,26,598365.73822,41,595362.291123,18,593498.688829,22,583996.630972,122,573885.719047,266,557811.103961,36,549670.004411,722,541550.048332,419,539811.160876,136,AG
5664489.337838,126,3910861.120334,43,3806170.541762,168,3665544.565777,84,2131955.642174,85,2128373.229609,209,1761608.137604,42,1420431.792446,167,1289269.932869,210,1102678.303649,83,984882.054553,251,903791.075787,166,887619.899926,44,844580.41231,208,842613.519331,169,772974.933096,41,710493.756065,86,688727.436583,125,621507.405463,82,576320.397087,45,529489.082316,87,518519.964111,170,495317.647837,127,450151.738249,165,429698.121028,81,427503.854704,40,405702.662393,207,396913.293353,211,377081.189645,164,366668.620928,46,351147.924243,171,334483.145643,39,trumpet
1876658.577724,82,1784583.769508,12,1777596.057027,77,1741070.873279,80,1714927.191892,11,1673096.069325,46,1651731.159711,92,1643233.519558,47,1523576.775455,88,1496911.885279,61,1489030.652876,20,1371229.192692,98,1361542.06648,13,1342224.373513,104,1302121.688119,75,1208428.641177,49,1203178.924729,89,1196641.809113,103,1174143.949406,55,1085697.65567,83,1080798.198252,22,1076322.585017,59,1059143.967725,16,1051878.729307,91,1031521.504613,21,1027087.736531,100,1023686.298973,50,1000736.269962,76,973655.678503,94,960069.801378,19,958771.435496,78,951886.397966,63,chello
4294454.909734,11,3587543.545364,14,2905073.65929,13,1879218.976263,17,1504462.56884,16,1451256.833092,12,994456.642579,24,953167.214434,25,806879.426476,18,793854.913098,29,780458.787833,53,748624.12909,27,736826.616162,19,651450.359795,35,611656.624734,31,599930.772368,23,515147.392752,22,508792.083323,36,444088.201008,20,404895.910406,46,399217.998157,21,389363.266815,43,378114.480344,42,359799.305541,47,354121.767893,32,335652.781633,26,322175.801342,37,300961.747115,54,297712.317275,15,257908.401216,30,247407.385451,56,235035.330077,68,flute
6596657.404762,15,3667906.519506,20,3033436.317917,19,1661150.566445,14,1516891.860472,29,1400928.412378,43,1299028.363551,21,1115235.60094,16,988777.085675,11,982589.772692,38,910446.473997,42,868751.273217,22,761950.206088,13,730617.124323,63,701676.306338,57,669496.090535,48,666697.81629,47,635194.998643,12,632253.232344,23,576777.892597,30,559856.699591,24,548532.730717,17,504110.147697,18,455796.836434,25,453204.976038,44,437105.659389,31,392237.467557,49,382352.968806,58,356880.82256,84,355962.618267,33,346594.087393,28,343694.799324,32,piano
7614715.064698,119,5605883.036006,118,2511389.989077,120,1565083.206964,117,1050961.409856,121,910150.018616,116,766321.63648,122,765009.350318,115,636062.555997,123,603746.859182,114,472144.360224,124,401646.770549,125,348385.447073,126,346862.477862,112,315967.459406,236,312693.947335,127,256852.860458,128,236113.754755,110,234610.75712,129,219679.88421,130,217712.746325,353,216495.878469,109,205180.199401,131,198588.40615,107,197476.661767,354,192807.314757,108,181648.962083,355,181209.871238,105,181102.587919,111,176055.86901,132,175011.775534,133,167914.576507,106,flute
5208625.437581,203,4077642.378366,136,3167244.021063,68,2688440.14663,135,2553482.462914,29,2179220.648958,30,1888503.34421,69,1477852.618526,34,1471136.689957,35,1410361.628057,202,1126834.066226,58,1088166.611619,86,1064921.038886,134,1063261.790252,204,978648.88758,67,958808.603695,102,933072.358287,201,835792.731328,70,769649.32134,143,702600.29287,133,701065.300312,137,691804.295519,138,607693.962486,132,587636.831114,28,578146.670081,21,563262.257821,31,558221.295533,57,554797.219454,172,533789.307402,71,516338.379315,85,510669.571708,59,498951.363573,66,chello
1032581.158528,14,812615.368211,12,592350.858663,17,552090.085462,16,509000.281621,15,448682.216627,11,430345.856259,18,429799.903788,25,349758.253027,20,286710.406704,19,271323.201767,21,249444.337767,29,245997.432371,26,216610.078859,38,198255.583618,34,195719.950581,88,195423.424688,236,192541.040338,66,190736.595406,22,186951.33997,48,182032.1579,40,176757.7697,33,175886.281032,23,174173.088266,28,173667.960684,37,171804.626346,27,166560.347579,35,166067.241566,43,165898.050747,41,163371.707156,70,161929.996937,243,150826.388157,44,piano
5046328.250298,38,4088160.844385,53,3251572.822165,106,2964105.551201,105,2761743.335893,12,2622266.7619,27,2072994.454763,54,1758501.187019,158,1513618.922912,23,1315747.091794,75,1295813.219695,107,1250899.051679,104,1247253.674944,52,858354.780777,60,784140.024496,55,743676.424594,103,743384.639294,56,734443.188461,315,733139.650398,45,709140.751637,132,700239.79847,119,684252.239934,108,667737.196734,51,537754.096345,102,524964.809236,50,516862.930388,118,483514.056339,28,474949.074774,187,455467.239427,109,442830.974387,101,425792.812485,37,416126.394419,49,flute
6278209.532294,35,6225834.555037,34,2061509.325846,33,2003675.127112,36,1615708.295952,101,1409459.204935,26,1294511.258557,32,1207727.253007,51,1142651.565976,37,914879.221927,27,889622.32139,31,805374.571797,30,790696.78426,102,778150.202057,38,712804.172256,29,644085.870979,28,634367.391706,68,590215.890425,39,511623.835058,40,510044.076798,76,406220.634843,41,402612.573153,25,354739.184818,42,333156.744369,22,320253.731033,69,308437.767945,103,308285.267241,43,300082.671991,52,286381.531005,53,271922.975266,44,241520.250043,24,241332.188095,45,chello
4296183.076604,167,3637833.627089,84,3170969.873727,166,2990724.486474,83,2742660.987594,88,2564817.144986,89,2157875.096688,177,2026127.214084,168,1645912.006077,85,1628803.231092,90,1625725.994614,250,1523303.913488,178,1470005.065945,87,1359309.237733,165,1056482.021479,169,1034047.195188,82,982467.312259,179,954829.721105,264,946360.474455,176,922146.330052,100,829547.752512,266,805505.098534,265,750108.410533,249,706106.24606,81,620558.527617,180,617951.423772,170,611581.650998,92,611226.320242,86,559997.093834,263,556323.187091,164,532871.338823,80,527145.018663,173,flute
7767070.72109,75,3235920.233555,149,2591396.132535,167,2554657.080949,74,1950131.127397,150,1884844.380201,148,1081491.950095,76,1021366.147376,166,1002895.295908,168,932483.165332,73,930036.208793,147,813518.027044,223,802403.80901,83,643745.076086,222,640349.614712,84,637844.904912,151,635146.728443,251,629245.295176,77,585872.711302,165,584662.737512,78,561857.090778,72,460659.981593,82,458521.340772,79,441303.527498,80,404184.707186,81,401340.981104,71,359496.423052,146,358529.866475,250,347323.926134,163,314639.491348,70,308979.125437,252,300682.682904,164,flute
6937186.02358,67,6295803.147476,133,3078630.242185,199,1081755.23312,132,1072700.092068,265,824022.107043,198,745717.808491,134,566244.410236,200,530069.487946,66,519051.670728,331,502632.465409,68,444175.511925,131,410883.73574,264,392997.928713,84,349962.496877,197,305813.124858,129,275767.604497,142,270662.021478,143,264405.812412,135,264169.917841,128,258942.747,330,251430.755724,65,229506.207696,130,226558.283626,165,222605.577368,81,213184.744616,136,207393.447342,137,196908.089024,196,193080.415158,127,188422.455383,266,187166.938193,195,179917.149326,166,trumpet
5661703.714607,99,5650212.818228,100,3125869.834005,75,2501468.663644,74,2379167.766187,76,1421241.528788,98,1393104.121658,71,1390285.290633,149,1235872.461768,73,1214739.453155,297,983535.504532,77,979355.86938,150,786871.193947,101,705167.488785,151,698912.973283,72,646695.06319,97,600996.3528,148,534536.699834,96,525886.767789,296,490411.60625,79,474792.042547,95,466816.036205,78,460544.206951,198,434118.438752,70,429026.461026,103,387970.877232,102,380830.38429,152,341877.21088,80,340567.675344,104,319821.164314,81,313961.521721,106,300137.18703,94,flute
3576346.710086,64,3450463.382529,19,3422686.433158,63,2343047.629554,20,1435177.679642,71,1328973.401329,17,1309451.630346,32,1281133.022523,94,1246316.295787,24,1137108.669895,251,1030569.171907,18,971480.057246,23,856369.139186,11,819680.537591,33,654933.538411,25,642390.630314,22,591599.420373,95,517977.366563,250,510605.263662,75,508039.910507,164,496320.232495,13,488880.183161,60,478158.810398,662,441815.268666,66,432127.832183,77,430746.558272,259,428418.024397,67,421576.872907,16,414783.101447,56,407697.940493,141,396327.964935,661,394763.855124,61,AG
5197962.149571,42,2901633.750351,43,2359701.182523,20,2126954.391848,22,2034500.297462,134,2029002.409754,41,1826748.47892,21,1757697.542125,19,1422879.008661,137,1402068.574524,28,1324647.972475,68,1313830.101613,23,1285510.205232,135,1277858.377142,18,1270645.006827,136,1213564.773845,29,1018312.471382,27,1013793.133142,269,1003260.488494,40,983340.323998,44,871790.040387,39,807609.429409,138,791741.50058,130,706650.734066,17,703707.341016,35,688923.269042,56,660361.851485,128,630535.032198,270,619668.780031,268,612433.037009,131,610663.279759,124,596609.846115,142,AG
5817841.961048,125,3513369.167176,63,3294084.954241,188,3088739.423672,64,2522243.235424,189,1657742.746177,27,1653286.799087,126,1586409.869131,190,1486924.65342,127,1415614.252301,40,1397511.362986,124,1243294.345892,250,1053704.314214,187,1044838.418902,251,967519.966966,53,904018.434995,65,836731.056111,191,822169.945686,128,733122.553586,123,731400.818057,54,721255.983208,62,652951.282064,79,609385.11864,185,599292.629917,186,578837.442668,106,578229.496588,61,545716.455456,129,539880.530038,66,492009.41434,192,463091.513185,121,462189.327447,122,454192.622357,130,flute
4383707.19743,22,4098082.111598,20,3691201.41511,21,3489271.221082,19,3224263.953805,23,2230367.474021,12,2109342.625843,27,1672363.843967,11,1355214.258531,17,1187769.006974,18,1104499.478419,24,1072638.755442,13,929227.770121,16,761144.44981,29,758748.074141,26,690006.045782,15,630419.467636,25,573190.629564,53,571738.140815,39,562661.014444,32,553374.473385,30,538298.133364,31,533252.441541,41,523752.756711,159,522846.121261,160,469134.729365,14,438610.428202,33,422013.259569,38,415634.077044,80,398946.748392,35,383402.72815,158,371865.839718,36,AG
4538118.748787,22,4411380.479824,40,3998955.598696,43,3228501.27598,60,2226007.386325,27,2149196.38704,14,1648728.093846,23,1534041.934627,42,1343600.280801,20,1288385.669112,44,1216603.107971,39,1120867.458706,21,1089960.446081,63,959405.510774,99,926010.687782,64,884095.656193,18,792538.831072,84,756737.903093,45,747188.277109,38,736237.520425,19,730957.17564,41,691276.509822,17,686386.96011,24,655850.834296,15,654242.412525,16,645841.907416,71,614093.657334,46,613668.953171,26,609432.596984,28,523263.987517,62,513428.770636,37,496532.613002,59,piano
5179985.349135,119,4443760.848257,178,4262460.859196,60,3461236.444852,45,2715688.589805,38,1579560.922126,236,1493600.24861,237,1468360.454644,59,1170947.549109,89,1104420.447048,23,1009136.976762,56,974493.047376,61,856966.631507,118,829391.212267,120,780865.577458,117,621839.654368,62,598138.717409,235,597713.731944,19,578681.494639,20,516032.403895,58,485309.616216,238,482348.836036,116,475002.552892,111,457710.303169,94,430358.56538,121,415197.956548,55,356468.72659,156,355160.745503,57,349894.265103,133,340335.518358,115,339160.45379,234,333214.265485,112,flute
6580456.99045,23,4075798.444384,45,3543729.717119,46,2581395.282952,90,1546135.803354,24,1356818.496615,21,1320828.511792,112,1246506.82665,44,1183422.427406,157,1157034.405713,22,1035121.067463,68,912418.642346,19,899124.584014,47,837262.369449,156,810354.821079,89,727667.806603,39,710841.198532,37,691244.413418,17,658064.606091,25,649226.948634,75,627345.232073,20,572440.418334,38,564277.944545,134,540651.678967,42,532387.519078,48,529711.714578,33,517769.33822,27,491839.470486,16,480988.784556,43,473008.066579,40,467763.172418,151,450322.22702,180,chello
5560856.844095,29,4742586.99943,30,2654583.658623,57,2006181.506297,58,1633131.035909,46,1578637.229488,45,1509813.79695,86,1461109.618434,56,1345406.547059,87,1307815.307788,18,1211175.64739,28,1190275.127834,47,1123333.144349,44,975863.535792,88,948172.44383,24,941631.284019,21,918504.73977,59,847596.290346,85,836525.253539,34,756097.882277,68,746146.916566,23,683639.819505,112,667712.662278,143,665880.131513,35,660068.239744,31,659147.289581,32,647452.71961,69,632651.722788,55,622121.580029,252,618879.817201,42,612123.212024,33,600241.423077,16,chello
5404042.411055,13,3921453.579617,51,3096808.814585,101,2985873.531435,26,2837617.49875,251,2350095.511014,14,2162298.931034,25,1858821.337317,351,1790723.093653,201,1200221.294923,250,882582.489732,24,835851.460989,200,784739.126372,11,784703.411516,71,783896.22326,27,754219.896723,15,704380.336493,38,690710.790641,12,687514.807988,151,662043.658683,28,645784.347301,252,638184.936361,63,591867.230019,18,591128.178643,23,578536.782936,16,571301.017354,50,545690.403733,249,487397.475943,64,486428.883219,33,485678.513653,99,484198.628626,32,481008.348912,102,AG
4619311.311515,27,4424921.868547,93,3448453.096348,80,3103349.238303,14,2101968.069358,67,1975700.883111,15,1793988.812049,159,1791808.582449,28,1507387.222248,172,1453380.628501,40,1334493.807361,106,1325692.402792,41,1307722.478217,146,1191738.480018,26,1161133.582972,13,1136268.105962,198,1098150.114358,54,943018.803614,16,890629.056516,133,776170.78321,199,678073.173718,25,667704.058302,17,654030.41195,18,628441.109183,29,614325.525279,238,586431.281066,24,579374.117504,21,562772.525212,107,551685.149114,23,548688.620694,12,547808.631838,53,542261.863093,94,chello
9031783.402627,50,3871785.519977,51,1663732.150973,49,1108151.83397,149,844430.315535,150,831949.735861,48,645567.675868,52,544926.84361,47,520866.514466,53,393053.744927,46,385280.737811,148,384557.506003,54,328217.14493,45,303646.757997,55,272138.102628,44,264666.138187,56,251512.469075,147,231488.9436,43,222643.247161,57,210891.006295,101,207532.108153,42,180385.79052,41,170525.411108,58,168246.436544,59,167874.788475,248,165236.159873,40,148617.799644,39,143784.814794,38,137075.888397,37,134826.688701,62,124246.946562,60,123170.288428,61,flute
2554119.26798,19,2412514.409883,20,2046854.406406,54,1761282.260712,52,1725562.241806,49,1427232.617371,87,1369298.785424,24,1324370.800605,14,1314815.63326,51,1298106.480813,46,1282038.845147,12,1210806.989594,69,1203187.563078,41,1173609.138429,66,1159922.189742,55,1151096.382635,107,1135545.242253,26,1126118.667461,70,1106384.40026,114,1092406.696458,67,1033741.588417,110,1014896.171904,99,1009110.483157,45,1004639.813678,139,1002831.409899,73,1001709.95102,30,957024.978771,29,956523.631322,63,953924.824949,76,949271.078394,64,917814.155523,28,890437.26949,159,chello
3989713.355846,14,2507029.771709,13,1339923.266344,11,1046796.867306,16,1023175.282771,17,963221.181287,37,952760.527349,25,912407.946623,15,891676.301266,12,865198.42732,18,741912.363414,22,640136.218546,24,566268.323526,34,559403.43093,31,549752.206733,20,549595.181124,23,547485.016065,28,535345.989922,21,503754.171012,33,472240.498927,44,402207.84817,29,401065.492576,41,362247.255044,35,350420.804334,32,350298.68946,36,340962.173329,27,334318.399441,26,306371.609766,19,306069.111833,50,303948.32477,43,278727.743077,61,253313.514833,55,flute
6140019.386329,72,4027775.795384,71,2955442.02124,81,2539567.98664,80,2308851.326215,73,1999742.522908,70,1902034.353888,79,1703081.36166,142,1494470.036713,74,1291138.109903,55,1184088.678952,54,1168774.305865,61,1070507.080672,62,1043983.34979,69,854301.700711,77,766634.605102,78,736971.461331,75,661735.130382,43,652050.968743,68,645815.208039,214,580755.181317,213,575153.185546,65,551275.544877,63,547559.074209,67,503347.164358,64,501059.091805,84,492919.417079,144,485144.928344,143,459558.849428,36,453946.932007,212,450983.508703,76,449395.712429,66,flute
8972095.905465,118,3397374.439492,119,2083984.512467,117,1242484.49698,120,1059018.795527,116,835862.829706,121,827022.922359,133,694542.978393,115,581787.954104,122,555171.795999,132,540088.61697,114,490933.756857,123,460350.86778,113,376595.460844,124,369738.273459,353,342313.184512,112,333205.541541,125,329299.037392,111,316162.813378,126,281980.933219,127,279749.498873,110,256544.272163,128,255496.552752,109,244343.233702,130,232492.803691,129,230614.401084,131,214049.571198,108,204230.290502,134,198374.988689,107,188051.708587,106,170227.1735,105,161777.948221,104,flute
4197323.992031,115,3531703.598591,58,2767563.090219,57,2556102.95716,59,2307250.059542,61,2298096.387345,135,2201493.095492,121,2160369.746654,114,1977278.719023,134,1950481.26318,60,1539474.542158,67,1527820.87147,120,1401717.629801,113,1319788.07651,122,1302324.023373,112,1248092.134024,116,1076646.149265,56,1072314.96603,55,1071660.339929,72,1021038.569165,170,1009816.894845,133,987003.402789,171,844080.676364,119,841139.818732,136,829062.090813,62,785921.655017,111,769654.843831,46,643129.978825,71,642341.212974,54,631530.468464,110,593135.075401,124,585588.295888,173,flute
2997934.392943,17,2571609.681108,16,1461247.903826,21,1357641.728138,34,1194913.094894,13,1139085.707675,35,1137633.288746,36,1120510.395151,15,944865.975624,58,900536.352514,29,846497.757958,25,775884.705675,159,751476.37046,32,726375.46866,102,704904.339539,23,693636.400456,22,682225.442624,44,673529.803635,42,667607.85794,31,641169.593327,39,641122.395718,77,633442.267149,134,623871.009159,87,622534.709916,12,596124.806718,28,588655.492752,135,584625.212621,408,579955.929185,14,578014.022861,55,577747.439677,154,550174.905413,45,537256.280996,33,tuba
4769064.430284,24,3599559.589598,21,3108191.544449,20,2705273.742818,25,2470753.006554,32,2124664.888056,40,1314678.283274,19,1173283.199636,26,925484.51541,18,856661.853717,27,723071.399881,56,702981.849397,48,657124.808881,16,640712.464113,23,592156.84713,55,591078.208411,33,523679.279938,17,518786.530525,28,514791.511171,15,453988.53711,29,449933.019097,34,437114.172066,22,389094.572425,47,373832.64079,39,361775.037991,35,353835.013018,14,332769.359209,63,301194.230281,37,295329.635938,30,287256.735882,111,279339.083899,57,269910.355159,94,piano
6071288.791768,85,4515641.641381,84,3475924.256751,86,2545904.335687,83,1951851.666088,87,1753255.300538,92,1748729.849831,82,1322922.934467,91,1204966.511147,93,1159407.215175,67,1154919.388737,170,957618.197741,167,938893.179897,90,921295.354213,251,904183.710586,133,799423.2918,80,711824.888077,88,693768.908175,81,557834.727478,179,525573.751079,100,524024.269808,79,516311.757467,180,502566.401579,181,499518.212499,178,468245.904049,166,454251.857689,101,443675.769223,182,396137.600993,177,395337.833999,134,393716.49371,78,390529.000911,77,390491.142458,94,flute
2429183.622247,17,2365416.606113,11,2328295.929952,16,2323177.827474,12,1647271.046539,34,1574123.718016,14,1349616.307783,19,1248400.708886,13,1133238.880939,33,1110396.414207,15,1088794.638808,30,1048771.450164,22,937222.700196,29,880051.414515,23,833200.638189,32,828162.895891,38,796334.377109,173,735129.691501,39,725836.249096,18,707713.14016,42,669261.29577,47,648794.209611,58,626892.716939,142,616683.322467,26,602710.010718,48,572563.351805,41,572480.396253,62,548840.640835,24,538634.116005,67,523036.004007,35,512704.368228,165,512393.069361,49,tuba
3025382.909651,17,2449806.41536,21,1896168.616929,19,1700650.393456,15,1406087.866283,22,1399099.175092,58,1270422.930422,26,1137399.109342,12,1119201.588801,18,1080410.559194,44,1033479.782219,13,897236.698184,23,876349.248165,16,865845.305386,36,860088.498712,39,827302.185088,173,781403.131615,31,771451.906645,27,725738.189905,57,697228.589298,25,684709.589904,34,662242.435177,931,648956.88912,91,647421.409968,68,643197.309514,33,634590.651816,24,625679.466084,20,590174.198738,61,588167.656207,53,583986.223071,42,564862.248409,153,562460.337514,29,tuba
6251011.136058,109,5163271.169961,55,3509284.589429,108,2252002.47228,107,1688816.064049,54,1623639.387834,53,1393584.335882,110,1130447.631896,51,1117640.131947,102,1086568.525436,56,1082797.692063,163,1053932.461003,52,987029.72634,217,860896.916108,111,785276.852637,103,678344.309879,101,610411.772447,61,587753.189392,112,524778.034175,104,437435.694178,120,427779.194677,162,402273.719483,57,367877.487189,100,360006.084577,153,346824.725542,218,345238.230795,113,344849.90903,152,341420.33324,99,337217.724778,216,332052.059906,114,316012.614658,105,310994.722418,68,flute
3872385.217534,17,2953179.594484,12,2269761.700583,14,1935317.626973,18,1350563.444509,16,1347946.282554,34,1344846.614592,58,1139569.444161,33,1070954.296795,23,1044376.966482,31,1005638.551523,24,826083.014038,11,787593.378301,13,743284.737809,22,736431.824461,59,734640.297669,37,728513.09175,15,655154.204939,30,648311.069831,32,639750.818536,35,627338.26877,91,622892.353201,42,601125.456319,173,599084.460348,25,576658.485596,118,576401.378325,135,575160.350685,67,565652.312881,175,558656.161359,201,533506.936119,153,523927.996232,51,513394.41228,60,tuba
2880429.55566,17,2082255.441265,13,1928756.598025,14,1777435.71891,34,1624760.745247,11,1563177.277949,20,1321312.90445,15,1202769.674132,58,1202669.373246,31,1132869.196949,24,1090748.600399,21,1060647.747024,18,1044736.049817,16,1044680.066417,22,929245.050507,32,883391.840601,12,842578.418543,36,810841.822678,27,808713.234577,37,803791.17672,30,736099.310656,173,665141.376255,26,664433.990008,77,643079.580316,39,641828.520796,33,633698.827773,46,625672.343418,68,548888.662456,167,523711.330349,28,522854.513169,137,516146.109231,199,513487.795778,119,tuba
6552021.073309,60,4186225.93846,48,3534937.72774,47,2314556.377765,118,2248088.91849,59,1679927.746073,178,1631791.371487,11,1450441.076286,58,1179158.624156,46,1137075.932182,117,915621.363562,49,867094.059887,120,780295.214919,119,765349.971132,177,650953.494617,57,636488.292463,56,546912.215461,45,502073.021493,188,490742.064139,31,486745.68272,94,451900.703712,61,447473.401048,55,427587.720972,50,401278.624039,189,383605.179178,18,380489.064352,99,373580.938826,30,367188.716152,12,335373.635039,238,334874.637408,62,330704.397249,176,328798.414234,66,flute
5827846.406791,67,4085652.918855,68,3548783.697404,135,2849151.126135,134,2569309.695562,101,1933643.121287,102,1872250.148824,69,1448817.830426,202,1412552.84025,136,1223082.269278,66,1072919.067323,70,1024655.655978,200,1007304.071392,201,789218.818318,137,766402.553235,108,751326.488298,199,724134.420652,103,668338.501956,65,643590.678522,203,621403.641019,99,619459.04015,198,588076.808225,132,582978.03418,71,522733.63701,64,506180.116632,72,487024.335692,73,452387.952853,60,430697.434939,133,418505.408932,98,398295.418215,104,383949.317305,120,382279.293655,110,flute
8397312.31913,14,3590679.607709,27,1900069.452528,40,1775378.092903,21,1421361.369276,12,1270972.29113,20,1250638.217999,53,1186511.284787,19,1057774.585349,26,1017140.977789,34,764750.040649,22,727162.461208,79,708925.801344,18,694747.53079,28,626416.48305,25,594621.070737,17,577509.780154,15,493007.530846,13,415622.328773,16,354053.277764,23,347578.298745,29,325880.63593,24,317617.672263,315,316401.916372,60,287270.409452,11,261454.313338,54,227934.313059,78,221947.186033,132,200817.477186,80,196979.312287,59,192711.712458,67,190844.81791,184,AG
1939052.8463,12,1497290.165636,34,1475471.799766,11,1471962.610404,13,1427093.942095,22,1374708.133904,21,1358687.141566,16,1242436.684017,17,1160099.373016,26,1090960.903546,14,1061659.842075,58,1020938.316741,15,992556.822713,18,908832.734281,33,862834.909543,91,816979.42952,32,814412.175361,19,771089.95873,20,758207.439512,251,709011.280526,118,703048.75088,39,694224.470014,25,689125.36799,36,685064.694922,53,681655.530274,55,657137.239995,76,648154.735103,45,647416.311362,80,639325.215198,83,635614.913438,154,625641.158554,28,617025.669923,27,tuba
6503767.959555,121,3711639.210454,41,2827787.870498,120,2663729.974495,81,2332296.217745,90,2145752.388685,122,1977447.380243,80,1249064.121105,89,1098221.935885,45,1085208.613064,91,977661.738171,119,954467.50813,201,896616.673663,241,870967.073227,162,825556.843537,159,714637.596059,82,699428.677731,46,674454.597786,79,640599.064388,118,626934.320103,40,624554.207589,202,604748.645,161,590919.023107,160,586421.358433,123,565391.31974,88,538313.779759,83,516166.497037,135,511945.752016,42,475975.01579,43,454753.011287,117,440247.563027,134,439581.233232,92,flute
6401085.796409,81,6140078.57303,80,1477655.186483,79,1308137.00758,159,1283319.042727,161,1106402.90048,83,1064432.193858,67,953026.068626,68,846095.331472,240,836571.320299,100,832152.394407,78,815121.757114,101,799963.031283,163,770815.076549,77,756370.155155,238,737700.074279,160,725568.990311,71,670381.66225,76,648356.764497,89,638691.785174,158,637422.257094,84,635483.277673,135,592136.079665,82,589135.294767,133,577815.885927,162,560974.924441,119,557594.786337,239,551759.562275,85,545178.232339,120,532200.02521,86,530629.746554,75,528258.152053,87,flute
5737386.829084,29,3922196.211324,30,3910549.869831,86,3046549.93317,58,2307237.341327,28,1987104.881681,143,1754908.574354,115,1452373.802716,31,1203853.851016,27,1147906.848142,87,1077433.184394,32,970456.173024,114,950707.670125,59,923280.821937,33,912779.237447,26,897385.919233,23,823025.776958,257,678532.239952,25,665459.538813,24,662967.906401,228,612281.646041,57,583329.059844,85,579022.938822,22,550647.052822,172,495049.776997,200,488767.342795,285,466150.161638,56,451460.553982,18,437761.619537,113,427881.82629,60,406386.98107,90,336697.048992,61,chello
8850981.174481,72,2401948.097693,214,2023616.733519,71,1288273.604888,80,1271822.97002,61,1238461.284836,215,1087412.372888,142,1053224.324688,143,1042521.801491,73,969644.823259,213,941763.089104,81,782676.907344,216,760654.767353,79,646696.020162,70,632787.779303,107,528602.380876,55,527534.996474,54,526298.943276,212,524228.777796,144,505626.299326,74,491159.132359,76,479318.625793,75,460112.576627,69,387574.616132,106,300206.372208,211,289244.138065,145,284850.027022,141,280054.887764,78,278704.836762,82,269190.563048,59,264625.222244,56,252201.66897,42,flute
5093770.345532,27,3917849.356081,134,3824668.853709,28,2395332.470475,35,2372683.918753,34,2248776.290146,24,1943157.422653,133,1539081.473683,33,1455666.305972,32,1301373.803608,135,1203569.476207,23,1017716.646811,25,1004165.670195,293,972540.252159,22,910036.51605,31,779480.129733,26,763417.082177,67,738847.63787,29,708695.010414,137,692139.799456,45,629560.042255,68,617124.907128,71,613068.993855,311,610706.508778,30,595838.012129,12,595170.590335,54,579469.992782,21,564376.500702,36,530950.133208,144,459251.472364,111,455198.973274,130,454044.609711,267,AG
7188666.444735,75,3274684.852494,149,3120788.161602,71,2498201.879577,72,2293954.30431,74,2246432.661337,76,2038444.291023,70,1700765.514081,73,1253925.860959,150,930003.714823,148,864474.043325,77,847015.701379,142,793270.91471,69,737453.84227,141,703302.950483,143,652901.770086,147,612357.995241,223,487805.97379,151,478753.373082,144,476815.427185,140,392387.811729,78,306355.076551,145,296924.016433,146,285123.533822,68,277384.003345,153,255618.295,224,231218.782234,79,221052.677644,139,220763.426604,152,214509.396201,80,209958.308064,66,208533.642146,67,flute
6172127.090612,125,3822971.807866,166,3276890.662045,84,3273725.201048,42,2001888.620278,208,1903302.921053,83,1709211.535616,207,1522861.855341,85,1516296.635792,249,1273543.525182,168,1213077.690059,209,1115195.690686,124,963742.186942,167,832075.161131,126,772472.354454,44,754432.340278,43,733371.567763,169,691293.690341,165,634623.93524,86,617775.606661,290,583764.740532,248,575054.544624,41,565983.85374,82,543752.730524,164,543719.02814,210,478100.265671,170,423269.306147,40,412655.682255,45,403936.348659,171,401789.662712,87,394275.095674,81,390443.040467,250,trumpet
6471804.363968,119,4158784.674043,118,3359449.76441,120,2897062.534098,60,2727853.278914,178,1941893.316039,117,1176675.811416,59,1103078.208236,177,1049946.632823,121,998077.865374,179,964983.858202,61,957244.794868,116,883037.766947,122,755098.732243,115,650535.670679,123,597367.045419,114,550618.725978,62,522202.965318,113,497776.415774,58,467970.570383,124,453123.212418,112,442982.694156,63,420455.781957,180,404298.685545,125,388189.10039,111,353096.092525,110,341670.901881,176,338315.824,126,333018.435953,64,320099.172375,109,304421.589563,67,298931.642571,57,flute
5759451.207147,84,5208911.449553,167,3575010.525759,83,3439836.135454,166,1960629.529792,168,1606650.131351,250,1344722.996682,249,1035953.660597,74,1004967.671282,85,938895.116555,82,779457.748775,76,727332.404964,75,677863.24267,165,648814.194802,73,589465.947561,77,587561.787139,169,585636.468213,251,558984.578365,81,530670.208051,149,500668.944173,164,466108.711356,78,435823.03704,248,433996.009318,148,421091.77596,72,406237.804543,80,398283.619404,71,379025.762997,150,366120.256167,86,336321.042413,170,329188.24884,163,326208.750197,252,306248.858426,87,flute
5938631.251365,71,5142340.576293,106,2626025.142678,22,1791013.922261,141,1787040.506075,105,1659467.023115,36,1413166.281633,107,1358750.470874,423,1273229.742867,247,1042412.6969,72,1036142.96962,63,1014130.328795,43,993564.789247,29,920740.766469,64,918440.844924,23,859433.540829,21,821953.32669,212,807040.237036,70,762739.124633,73,733666.521066,108,732318.235497,211,720000.147948,246,702227.178099,57,680398.218195,104,669195.471238,142,559368.425357,113,535958.597555,42,520408.133101,103,484744.286657,109,463386.27171,169,459482.011646,85,440293.388999,62,AG
6620882.81919,34,2608157.721467,119,2526505.35499,60,2495819.947803,35,1822439.168279,134,1580325.107894,59,1468569.220303,58,1434385.792016,33,1399605.710471,268,1286448.19776,223,1209492.484908,32,1167357.450896,292,1122230.344441,135,1112571.763115,36,1011107.098873,42,973488.658462,56,905525.560773,356,872810.253917,313,829778.984092,178,804088.417309,20,787332.799418,90,775258.817454,118,766735.9152,19,748291.118728,17,744304.638132,107,730085.52132,237,720844.82461,355,672751.895439,312,666070.127536,137,622089.289053,44,616135.404344,106,542459.249235,314,AG
6344160.243728,24,3580269.388745,21,2663279.618155,20,2645666.216045,25,2220971.887153,17,1691304.4591,23,1643926.240645,32,1337340.488202,22,1222854.555617,16,1212119.042267,18,1184338.190845,19,1131093.025739,48,1074940.662544,40,1030421.524727,26,696217.152269,27,695749.936575,99,512509.548288,28,488311.554344,47,458982.406624,60,457945.077318,29,456690.738841,80,450414.074878,79,420859.612733,41,374184.183625,14,367131.99343,33,366247.985351,39,347448.734117,55,345754.398065,111,334658.045207,12,322497.216176,13,289931.153099,119,287894.133959,49,piano
4428173.574957,14,2263320.273592,16,2051896.624073,13,1591666.694883,17,1316699.904126,11,1241832.786783,25,1220219.67509,12,1050912.889674,15,979140.24829,27,921439.761163,37,851225.869353,24,848025.986865,36,816693.548389,22,750157.947554,18,486693.51774,23,455300.098597,32,453488.89232,26,436431.168108,33,432286.099261,38,405006.289849,20,389666.463107,21,381905.121934,50,374515.697491,31,366119.90468,47,331151.172469,49,323460.999749,30,317099.153801,41,311523.778034,39,289530.908898,29,268822.186905,28,251816.25003,80,230513.739134,45,flute
5919625.455058,45,5780121.053524,46,2427949.316426,179,2178843.679626,44,2115067.844988,47,1457245.706255,134,1397120.726641,90,1344116.175599,43,1278206.108308,48,1099761.813289,135,979096.888854,42,972972.183297,357,934493.151366,49,868546.020432,89,747446.935693,24,728711.423294,41,705319.166166,50,647785.259,40,618203.475718,51,530923.547474,91,529535.662431,39,528044.052397,52,522014.843397,23,481021.405241,133,470390.139802,38,452265.689485,53,435371.87161,136,401299.017602,36,397436.133807,37,378735.735518,25,374128.232432,35,369897.051728,54,chello
7256852.072774,50,3461507.497104,49,3356944.724519,51,2595101.846196,28,2137366.487717,48,2023844.196945,29,1842834.372698,52,915626.809372,47,836072.080591,55,729814.504339,58,671150.658188,54,656027.200735,53,644622.959293,45,643841.321792,26,628967.811745,57,582216.265807,32,575313.730043,148,562237.441946,44,536324.581832,56,482385.603217,35,480599.334975,150,475280.941742,30,466794.596312,41,461580.296503,31,409208.808925,84,405316.491109,38,363358.823117,37,363145.244783,60,362011.830943,151,345784.470773,34,344887.986581,61,331468.268534,46,flute
3113474.737338,13,2195320.83324,14,1492429.576939,16,1442285.276429,12,1368659.517352,11,791975.463442,15,777729.395643,21,753418.22077,26,682733.538439,24,552970.723666,20,543370.362542,27,486928.336015,29,448438.54946,36,446399.004549,38,443275.763514,37,430368.319301,17,412245.123495,19,375329.472122,30,366127.719083,22,339671.607435,48,324824.490703,31,322941.964241,32,270468.951658,33,250974.106482,49,239937.357536,50,238520.642441,23,220080.405207,25,213707.65365,45,203676.17163,18,193135.655236,53,187999.064267,54,179415.991853,52,flute
3948559.749154,27,3817029.066262,34,3010926.782914,28,2496595.351255,23,2050283.615723,292,1852467.513054,20,1746745.631962,135,1433651.629928,133,1427739.527525,26,1335368.994311,134,1305395.357792,35,1277691.087959,291,1212474.538581,19,1177671.76525,24,1035085.360494,304,976329.124543,43,961357.024449,45,958750.047214,29,926422.552674,25,897348.548886,36,881655.159718,136,870518.31742,267,819908.660005,80,795662.802489,18,792383.237801,33,779023.91061,12,776279.813931,46,770542.385812,111,769422.865805,21,769357.879761,78,768623.179202,30,724291.71255,132,AG
6713196.293207,64,6347520.381394,127,3487492.346877,190,1100956.741505,253,1024251.756173,128,988870.15244,126,855431.447962,189,792433.931195,191,638258.000047,65,541086.764565,252,414127.427579,129,412164.113603,254,392900.938171,316,384964.084036,63,340316.332757,192,257939.638704,66,241360.887815,188,223225.275578,315,193521.183124,125,184536.001768,255,181836.821604,317,172598.225695,130,171125.455057,193,169756.723995,131,165034.326864,166,164584.087103,186,163778.623492,56,152219.587253,137,151003.749799,111,147122.754619,124,142909.229463,187,135141.041491,251,trumpet
4417610.751543,134,3120141.498973,22,2623293.767683,43,2082900.110092,267,1961085.515913,137,1871236.138296,42,1712816.7093,135,1677472.381852,136,1522592.740658,19,1393415.601642,138,1382513.154775,130,1306639.396505,67,1292389.983383,139,1290001.875466,131,1279960.789153,40,1124969.212783,140,1123065.562769,132,1069099.68088,536,1039060.519139,604,1038220.65573,20,1009752.136823,200,914933.142854,133,857534.446772,201,846277.870555,672,823530.013636,44,783293.096234,29,781964.0226,129,770186.327678,68,741995.608938,268,729465.380599,141,645418.949954,603,606807.964834,671,AG
4071742.401074,21,3781042.443326,32,2699358.825234,20,2453750.108861,40,2419059.7001,24,1424663.575004,25,1299343.363287,16,1139829.38887,22,889888.065693,19,842680.016984,55,796008.162484,99,793657.867716,26,698466.563845,17,665772.383759,15,652696.849448,56,595106.468226,27,571281.948456,29,562612.905592,41,558196.62734,60,535695.419476,23,525325.277822,11,483788.244566,42,482147.528871,111,473050.474468,33,460527.352552,95,454170.285205,28,451832.009732,13,447491.170858,12,407519.279917,94,397662.585404,31,391053.693736,87,389175.098953,14,piano
6506527.760711,43,5124269.534092,135,2411394.242728,136,2013680.065254,42,1603767.990149,44,1503474.499349,68,1307147.588925,133,1229567.219529,134,1030048.217931,22,1025974.486262,34,1001749.467698,137,986555.094403,41,933259.6824,120,873465.669711,121,862634.551133,61,725983.188327,45,712020.587216,85,691570.813322,119,653249.366508,26,580494.026511,132,577356.36366,138,562248.74434,270,512017.808298,473,505477.779674,125,487055.349846,11,484806.855193,127,474291.103097,46,469855.007367,47,461431.407895,17,456225.394422,131,440210.195058,139,421725.740551,123,AG
5430987.642466,29,3501247.383961,48,2719265.962735,57,2376071.449463,28,2231274.062684,63,2008864.337243,43,1989643.296488,56,1832264.27421,64,1675733.403442,47,1589690.079326,22,1558890.317962,24,1443252.043375,62,1344281.320386,65,1130496.218006,15,1108971.673308,42,1088491.429471,30,981343.468963,25,973244.808622,27,962361.500042,84,907672.316399,26,895297.075549,46,865607.251392,58,858479.840585,66,775330.59489,49,743937.250683,44,727563.477613,23,707702.070814,61,698813.390975,20,659513.62321,60,617678.956812,13,590586.819124,11,588076.707513,54,piano
