5651144.627102,45,3499543.186901,30,3073893.200971,48,3009874.780855,36,2202497.232282,47,2163647.316615,46,2117901.949233,31,2079476.95702,94,1515732.335897,44,1246322.936426,53,998849.200157,24,961746.713047,18,948187.519649,29,884415.42168,60,856383.187173,178,830021.498618,49,826835.770224,19,807822.792586,59,801660.132947,133,796574.736422,13,759566.14856,89,751480.141388,32,739765.128429,43,698227.47071,93,692785.720269,177,669175.539742,42,666218.93524,141,662362.633988,33,643847.72428,140,591506.162282,186,563352.187064,54,561764.407309,35,flute
6944564.156979,53,5275552.405972,54,2685674.841117,158,2099169.931645,159,1756241.656249,106,1250957.71522,52,1045721.048952,55,921056.308467,30,909355.122837,107,827790.357746,51,814609.890671,60,721847.273079,59,717000.846957,148,696280.951924,31,683802.99036,157,670447.134209,56,584236.241487,50,526109.054068,105,500488.722756,57,481813.915409,61,449152.567732,58,444986.224874,29,424342.47884,49,415753.210444,89,391806.523482,156,385781.030138,90,375657.59159,62,360913.18503,48,353613.070434,32,337420.181643,160,301571.203295,47,290042.42622,63,flute
5273263.611054,53,4837306.405482,34,2911158.086357,33,2897514.565621,99,1961395.39402,67,1796429.728063,100,1664650.799213,54,1656743.325233,66,1620888.019992,52,1256878.914045,35,1171401.797008,55,1094035.135699,44,1093482.949614,45,1062279.291,32,865659.840771,132,809531.383222,50,759040.445451,101,748434.813824,31,740689.626149,23,643303.469711,65,643267.877013,133,643193.222205,51,613220.112726,260,555000.201136,105,532853.254218,49,512934.557337,102,479264.888311,88,462667.520115,57,462170.621364,56,447006.715729,43,419591.444171,46,407648.689724,166,violin
5914595.100411,34,4083001.666112,89,3198004.320412,45,2846229.018856,26,2508648.899786,53,1885275.166121,54,1676375.346201,23,1586818.328142,67,1339067.379873,90,1301163.29774,134,1287244.958834,25,1165324.445091,18,1088328.269749,17,922968.714466,52,826092.135384,44,824769.82517,51,823440.692708,56,761468.945887,91,735617.950961,27,735350.294026,24,704967.121181,88,681367.984806,55,595694.848177,92,526507.111277,28,452820.740681,43,450528.030716,133,436777.768553,86,407722.828062,48,395150.54096,12,392424.899192,16,390415.447872,50,387474.682438,100,piano
6048147.521349,20,2998899.642303,18,2362912.489324,29,2124587.416879,161,1969654.358331,11,1862397.076963,25,1754020.878522,76,1488249.856931,39,1320791.951583,21,1308570.890508,24,1207879.204596,48,993835.156964,19,940089.860703,38,927000.127464,12,916347.597044,16,913195.051828,17,912701.768124,15,790993.064642,57,788427.440535,30,783939.403066,170,770146.942021,13,735139.92678,180,687742.168708,71,686722.601572,27,685550.041627,179,675525.277369,22,594824.235325,26,588100.919408,282,573453.853302,67,570078.710138,49,566255.371422,28,532671.711759,133,chello
6442398.349811,53,3699450.617985,54,3392288.666014,106,2780733.105102,36,2585386.343818,107,1728394.735674,105,1546345.17438,52,1541245.719262,30,1172429.806773,51,1127620.230975,18,1124109.575217,19,949189.451035,55,896996.640543,159,810731.152472,50,742989.224654,49,740520.018788,104,693798.608384,56,621407.731603,48,601651.964091,45,559028.050096,20,548774.996705,158,547455.541176,35,495561.439746,211,491362.049049,47,461773.47828,46,447503.493977,61,431436.563555,60,403492.102617,57,395274.374191,29,364445.77013,212,357300.215652,109,352681.948707,31,flute
9907907.059985,20,1510020.309134,96,947156.447105,58,876841.924496,21,643827.462723,19,604732.274512,115,508492.681076,22,437229.020275,77,379660.454211,17,311227.087221,18,289996.047509,39,284529.781313,16,256941.731619,23,185894.008126,25,179975.195785,97,179228.857017,286,177344.350367,24,176470.191529,95,173828.391299,172,168828.471414,248,152838.997964,57,144832.730014,15,143631.450754,14,119020.980502,59,115746.396385,13,113470.810095,11,100593.847987,26,100501.629577,98,99686.038602,12,94322.287426,52,93514.891022,267,89313.911308,324,chello
8302212.726946,112,4806411.935827,111,2187524.014541,113,1426869.97917,110,923315.152571,114,717469.838579,109,710857.457706,115,571045.956373,116,533255.811188,79,519858.739177,108,473523.61659,107,444367.926328,117,430066.647993,158,405822.623541,333,369245.067893,106,338077.736801,118,303173.844738,105,297590.077402,67,296690.101102,119,274474.214555,120,265512.287568,104,238336.179736,103,236057.802734,121,209613.172291,122,209093.596287,223,208927.833981,159,204668.713447,157,200941.014187,102,198737.567237,123,182380.864854,124,179715.144693,101,170700.416365,100,flute
6128290.863457,79,4733574.558344,158,2341716.21319,236,2307900.961444,157,2217037.943928,178,2011043.269845,156,1802913.923932,60,1754213.29888,78,1576645.353819,59,1463483.923533,235,1429046.120974,159,1071008.28065,81,1046851.109337,160,942950.91135,61,876233.077227,100,723253.60961,179,671454.073301,99,639545.381,58,592485.755973,77,563773.503257,62,537776.816835,119,480327.264782,177,415582.098407,63,413375.766636,83,405814.365919,57,395228.401749,155,394460.735176,82,392967.238915,161,371334.942498,238,365416.726535,118,355185.610767,180,352414.212651,237,flute
4096663.851673,128,3878507.951279,255,3762486.642241,43,2863463.6708,75,2320165.337547,254,2261277.37164,170,2225198.146979,86,1937624.650875,297,1906902.395715,127,1803826.62295,38,1646216.723192,39,1520306.10437,84,1249189.556671,85,1161633.153234,76,1018843.998011,339,986153.126335,253,961358.278865,40,858771.010316,41,767420.697217,212,723066.13659,83,719390.666533,42,705127.035746,77,697021.387278,213,664038.884676,74,647601.100821,149,635339.9386,44,615782.456529,252,554544.050681,113,548149.525251,211,512013.670011,87,509785.394321,126,507741.947483,82,chello
6836391.52265,20,3917417.491595,39,3876413.369587,76,2902200.325947,75,2162013.174208,57,1109727.633372,226,1096727.420286,37,907484.265605,21,852471.982238,149,778205.757448,58,773018.219292,59,735108.134687,41,685724.733251,36,658515.203601,38,656605.910302,40,634812.779974,18,606280.636728,113,577604.724661,56,565517.585703,95,513544.214733,35,502758.899347,60,501546.522527,74,494366.800566,260,425828.575416,207,418565.063489,77,407849.944381,42,402696.62846,34,389443.523987,32,370160.23615,33,348063.527221,170,334994.047644,151,331361.659258,223,chello
6919924.391875,22,3893179.73022,15,3578807.266098,29,2271340.311031,126,1625568.647955,21,1577162.794127,125,1514742.781584,42,1265462.225254,250,1205070.107097,63,1185267.453329,57,948750.787228,28,883694.169093,14,833691.559931,56,755781.196869,23,651611.725628,127,557423.063397,41,545036.576933,13,544972.218722,43,544818.457949,167,535687.443937,16,509748.5058,27,472234.749338,37,468574.15624,24,448508.807331,292,448234.98062,124,446900.104399,209,441870.020137,251,437109.262082,83,413104.815991,20,402170.737315,40,397885.366779,39,389983.164804,541,AG
4569993.661041,51,2880797.138915,100,2742846.286166,48,2628677.268067,52,2051796.922875,47,1991599.681122,99,1865727.079189,50,1783815.178958,68,1707056.934529,67,1662322.780778,49,1550574.077318,53,1300992.060443,57,1232704.194632,199,1226269.407302,200,1206477.854244,54,1194868.730086,150,1192472.144008,98,1140435.512949,59,1078928.456052,97,1075578.897494,45,1071904.964352,46,1059675.649402,266,1026537.848378,58,983179.614341,267,976190.210277,96,893080.398331,197,835617.88535,149,820604.058619,265,784736.837453,65,738190.531737,69,735719.7579,55,727817.000681,330,violin
4464296.993893,14,3327134.430233,40,3130753.994721,11,2865745.127504,27,2833224.061139,30,2829498.868693,54,2527424.894503,34,2104450.772399,53,2017477.626312,21,1568149.200037,60,1513283.680171,28,1449986.189895,20,1069968.405568,31,1046213.533228,26,1038830.36173,29,944535.278754,159,929814.203115,23,910795.603172,22,867543.865428,24,863518.116293,119,777290.77486,99,648747.954576,32,597682.117429,105,570558.915475,158,552638.786564,106,525939.684233,50,524448.772793,52,520223.905138,79,491598.558653,35,487287.740195,56,478688.220996,25,469622.636601,12,piano
6046174.965644,17,4821567.769917,18,2892774.616925,26,2198810.89381,34,1928021.768019,16,1666103.613912,19,1419594.168382,23,1178934.57494,15,1035998.302472,13,1006982.766521,27,938117.22622,20,892341.058858,14,702989.026076,12,627407.810735,25,614648.794084,28,598934.599295,21,542330.002876,11,529788.10493,42,479757.334406,29,457917.742591,30,445124.221339,35,402226.016776,36,390306.695368,45,344989.68311,31,331700.000122,32,308257.533189,37,299245.613339,39,289550.77684,38,278736.921484,40,254038.806239,56,245898.887988,24,243603.191557,67,tuba
7485743.630837,23,4193245.819023,24,2871716.005048,68,2135640.022512,25,1808466.465528,21,1393145.926651,22,1071091.862748,27,1039436.568571,20,1013791.565251,46,992584.794224,19,931560.320479,26,734216.201514,28,691760.599678,113,656316.624708,17,645297.466021,16,641127.521298,69,515830.946491,91,501412.794942,33,487898.382965,38,461466.071877,13,449819.313463,90,448066.728355,30,403657.259374,40,387363.075599,31,387000.350952,45,363206.407675,18,352902.785699,47,349811.064018,11,334961.752427,92,330252.100272,32,314055.63271,12,306246.270957,93,chello
5438673.195361,27,4317336.61055,11,4026451.353628,14,2535265.857183,21,2056120.904669,40,2004709.162851,18,1680166.625218,28,1358510.889772,26,1250081.371903,17,1209644.226669,60,1067145.200762,13,1031450.417445,34,945809.330661,22,845812.64558,24,712965.145113,45,708916.506687,29,698986.36072,12,678099.305344,93,627562.445341,31,575018.682287,20,558863.992139,23,545046.384283,25,543817.720287,47,539120.838623,35,498707.933865,32,491831.352649,54,474871.883195,73,456690.872857,41,431659.471559,74,422229.513858,39,414606.102377,61,390753.168471,70,piano
8285472.830704,16,2620490.899034,30,2489150.080553,31,2466725.908943,17,2247898.726237,15,2117576.253057,45,1019010.933972,29,901637.229924,14,748198.360265,46,719280.293167,32,635805.450187,28,619144.875718,60,566632.637725,34,541621.007853,13,478483.036942,27,462222.122518,19,434142.419051,25,434137.911335,20,419692.179614,21,404495.448902,26,394356.70067,23,388238.728301,24,377600.58171,22,355258.73871,12,330438.315643,44,309002.03618,33,300571.340252,47,275670.250434,48,256130.648424,11,241949.887359,35,231924.533529,50,231513.564361,43,tuba
5826711.778552,157,5137631.32895,79,3498331.194394,158,3042391.604308,236,1831836.472489,156,1788914.256162,60,1583151.243719,80,1555082.901459,78,1123999.366674,159,997329.871768,235,886609.773815,155,866546.721899,81,702284.231833,100,662521.97011,154,627671.553375,160,541214.867217,161,495200.693348,178,484812.119428,59,479226.202855,77,474369.812663,82,449636.958391,162,448640.443238,153,437761.408951,152,395788.205747,83,373835.515085,151,372441.767035,76,357170.660825,238,339815.629431,314,335364.649458,84,324633.983342,163,321153.064171,237,312381.356971,61,flute
4705377.864414,23,4414483.635253,50,2841442.915616,22,2758615.195118,51,2629243.182767,45,2044426.703328,54,1707234.300534,100,1651783.070764,12,1564237.321819,101,1503691.294439,21,1205300.977565,49,1113526.615976,67,1094607.40806,89,989600.204091,30,942457.889483,24,922387.693413,53,921361.090082,31,908275.535324,26,894318.878253,13,892906.538117,48,852433.322232,19,816539.342499,59,803854.338437,11,794578.677719,15,768854.16053,56,758197.065542,98,713247.343603,47,684331.786579,55,651995.40501,16,644383.538134,20,628736.748783,60,587970.463701,99,piano
5730689.046545,22,5657281.868128,32,3935876.171856,11,1822964.836914,21,1801190.310106,12,1439130.707063,43,1438177.266591,34,1264804.159589,42,1215698.325044,23,1017639.875613,13,996546.38501,45,843040.559282,35,841395.906957,33,739775.568195,53,717760.661488,20,675746.663371,16,633765.423791,17,598382.023041,44,590253.704002,14,571296.077925,18,532257.140692,19,500588.131594,15,491115.503201,24,431582.677245,26,420119.087804,30,267657.675674,31,265477.965101,25,256309.624237,52,251033.61961,41,250667.263328,29,247192.111333,28,243471.108886,39,tuba
8743858.802888,50,2135308.543689,99,1978002.001865,198,1976965.531913,51,1807123.384556,100,1288141.106433,49,1253740.053208,149,904421.127019,40,851113.596435,148,824096.229439,52,664831.866735,158,660454.604713,101,659403.03258,48,618974.311911,98,587467.096422,247,551396.849728,197,520566.24686,53,513597.767787,47,482132.605899,119,471294.739532,102,466193.62335,79,388633.827703,97,365413.688344,46,357938.237656,296,339118.718167,54,320103.777561,199,314836.663742,150,297433.763403,96,289396.21263,80,289236.1774,55,269961.052569,45,259537.176467,147,flute
5770655.060166,18,3634783.411623,19,3113209.561512,54,3011758.597966,14,2233588.411038,53,1921491.334688,17,1631058.636001,20,1534459.890432,34,1498283.06223,28,1468122.893207,27,1049033.649993,55,948047.87551,21,911686.434223,23,821973.352162,16,769905.667092,15,739463.535719,62,709346.146625,52,699176.145105,26,677959.125455,25,644281.26651,22,540488.868578,29,525196.49335,12,518355.235751,56,517117.907412,36,485244.197048,106,473887.521883,13,461585.840168,58,429814.738242,50,408198.060825,11,404892.691368,107,401907.88785,31,400094.706207,24,piano
7849740.924793,23,3385741.995127,12,3375092.321398,26,1749705.69431,25,1312987.237052,27,1312271.153651,50,1117512.559188,45,1109263.695143,28,984514.165958,29,955263.762654,30,832548.671334,24,820529.658414,31,790864.804193,22,722026.600958,20,713405.856661,21,702398.638857,32,568129.829544,11,547393.039252,33,521195.845142,89,450014.183746,75,418675.544402,17,415612.719539,34,374638.90088,19,374521.021958,51,330658.307131,35,317414.940374,110,311893.126845,88,310538.300555,74,289977.696242,18,287346.922076,52,262955.782077,173,256859.986152,53,AG
4765965.948092,24,4121746.386829,16,3811763.298419,11,2340933.032525,60,1905548.696137,25,1776109.805049,15,1774070.360841,40,1681105.975883,48,1439212.332547,45,1432274.299005,47,1309641.544268,19,1305402.252819,99,1236704.173027,31,1233628.522396,20,1096541.687204,26,1069576.793861,30,1066933.756899,21,1039857.598109,17,1003798.579208,27,997407.080399,59,991748.547866,14,968317.739059,12,809854.186672,118,761120.738185,13,711467.596105,32,661291.601729,18,651725.302403,41,631844.390301,119,631347.615716,94,619550.772505,23,566354.975346,139,556556.30442,46,piano
6456964.155963,40,3920251.850193,26,3710048.023584,20,2763402.570285,11,2486263.661733,21,2035750.328494,41,1239773.010765,39,1093820.687868,50,1087990.739781,25,889223.939477,100,883074.663844,24,825340.123252,42,801719.934523,22,769477.234586,75,727266.62685,45,714713.438368,16,711917.901498,99,689958.177677,19,647428.726655,60,626879.81902,51,570445.567304,36,553588.18658,27,515564.443009,43,504733.706787,37,469362.468772,44,428929.10923,17,423344.016721,38,421455.452819,76,417839.912611,48,414220.267421,23,403348.778245,18,391787.528585,139,AG
3956015.293321,27,3890807.462637,53,3166112.444372,40,2971840.454703,45,2690585.851966,21,2242706.121788,18,2123170.391825,89,1960676.891855,19,1882817.903885,54,1877298.768013,46,1633770.236739,14,1534236.013996,90,1501608.34283,20,1306175.534866,132,1208677.89384,22,1137011.813079,52,897356.506159,17,891767.468968,47,876779.7933,23,819578.301479,28,754689.264676,55,725907.407054,26,690674.394601,80,653205.786102,39,628024.906063,35,612158.906416,60,581567.67736,29,573434.056603,88,557458.574448,48,551633.035381,51,545775.797119,106,522523.426358,139,flute
5925375.468059,34,3856571.126352,67,3603911.118873,53,2317578.181659,54,1700082.853032,45,1631878.340872,100,1409854.698484,36,957549.941605,52,939883.877761,55,826482.584779,133,810118.776844,11,803532.777794,33,681885.624639,62,652617.893073,14,626656.021018,56,567744.306573,19,558347.12179,134,537745.788921,64,522456.781957,51,453604.128548,60,438278.840782,59,427529.581812,57,414614.776571,66,410813.599728,37,397114.986167,18,396367.430968,27,379432.229781,32,370866.644028,12,364930.710152,50,352613.901108,49,303472.864117,267,301324.979221,58,piano
5156189.800513,60,5028836.764589,38,3670642.870773,23,2610841.701058,45,2246027.135702,30,2040449.097318,89,1783672.201462,31,1683539.736191,112,1638364.143881,67,1394360.052808,90,1250230.375011,39,994406.938818,113,959397.164179,75,687925.672904,29,646865.416781,24,631750.37063,68,576774.120153,44,558216.278647,88,555286.109647,32,552491.776613,15,548944.867006,119,535536.114204,11,529002.675171,41,515177.932527,16,508260.451175,111,475479.247402,28,468749.122849,91,449964.035513,27,442836.116515,46,438661.967069,373,422452.273906,26,419319.776781,43,AG
5947837.357376,226,2998555.2613,224,2984056.993461,227,2857544.066866,228,2758023.691061,233,2480210.313101,225,1909407.749078,231,1896132.123588,113,1855287.994871,235,1343250.631135,236,1273913.499518,230,1053035.18384,101,906799.463666,222,883893.435002,229,845613.076323,100,771372.544536,223,754054.774129,353,742916.189492,232,683405.224905,116,652055.327856,339,648525.104339,112,603112.437101,89,578481.984456,114,577445.016871,347,567490.369935,352,537556.61996,334,533208.99422,348,515369.461712,221,504620.648594,335,497968.05433,237,494470.033315,234,486051.096804,102,chello
4361645.744748,22,3992447.753286,126,3785487.36366,42,3721089.681009,43,2240305.420071,27,1911347.213701,125,1684666.835202,57,1679460.16918,63,1283000.465468,56,1244203.500658,41,1230162.053692,250,1133683.306548,127,1114005.902754,29,1044155.099267,21,1033604.304974,44,930375.674472,64,903375.546201,40,793623.8123,124,721157.869015,128,716273.897435,123,708811.253297,45,706391.512539,209,700611.503918,12,674724.419538,20,669212.289052,28,649118.914378,105,629469.587215,58,599832.671507,83,573857.848269,26,572819.100894,84,553207.269406,188,550403.809284,129,AG
7138753.974641,45,3584756.275208,46,3451720.036541,89,2705492.85618,44,1570788.471802,90,1477748.598999,177,1330064.373223,43,1188155.242873,133,1168024.323671,88,1119137.894064,178,920000.163307,47,871353.460266,60,766895.681505,221,708282.112086,48,678967.118578,38,633614.208744,176,626108.827746,134,614475.138791,59,598596.739502,49,597962.535669,132,580655.46375,30,571659.154436,42,559333.555871,37,544116.813076,87,521458.99447,41,418898.772562,91,392400.636665,40,361736.795931,222,351220.692874,61,343900.801564,86,307872.849699,50,292606.040977,52,violin
4750909.95171,40,3607202.024938,45,2870808.657926,41,2619720.084995,46,2313967.6616,197,2265110.383927,44,1967421.197733,39,1701807.562425,196,1549754.397839,43,1466763.528127,38,1284420.636408,37,1245743.142169,36,1211781.44039,23,1204803.304761,79,1182235.477253,47,1116456.359701,118,1008748.20131,33,1005225.809432,34,999667.146107,32,936673.964175,194,927186.349308,198,926347.888808,80,914105.318642,195,818926.767301,31,803691.25317,35,780550.945899,30,773085.653836,52,645819.529188,49,637870.799276,135,605150.793931,120,562789.041034,236,545942.301752,53,violin
5842586.579611,36,5648433.683527,18,4245120.519646,19,2260860.603096,17,1608055.051789,16,1372344.193675,20,1208610.329053,53,924584.642614,45,899571.168889,21,826649.012307,54,802180.915442,35,736146.214622,15,709554.797954,22,667998.461752,27,597908.039258,34,564659.205063,23,507075.594783,13,484629.834122,37,483040.087501,38,473139.917147,24,445288.548534,30,439553.920931,25,394272.648011,14,389957.708992,52,378246.405702,31,366088.569696,12,352070.161157,40,344713.508252,39,332327.131836,26,317686.095374,11,310839.238541,29,308482.590926,33,tuba
5560481.010962,30,4184539.053452,40,3403217.061243,27,2994393.332193,31,2160804.922937,20,2025103.657884,53,1676320.410587,21,1378180.14486,60,1305130.340268,33,1289991.618867,18,1284430.38891,54,1252507.502877,59,1174267.260877,34,1170158.700737,32,1009358.266147,19,985526.545232,11,911840.232986,41,879910.696881,14,851763.58348,118,758914.558165,17,722912.956524,67,707245.83055,55,698259.527522,120,674308.026569,29,657179.201905,28,621703.957125,52,586497.226809,50,578641.748613,80,563806.164288,39,528704.815078,56,514860.608538,58,484139.351817,99,flute
7172604.854066,79,2925996.053158,157,2809360.724788,235,2518149.701827,313,2031272.908639,391,1957604.01509,78,1667930.209427,469,1666749.450552,51,1379753.052184,100,1324017.574907,50,1303329.688794,80,1208368.19056,99,853634.082375,470,817495.242496,547,775417.883372,236,693252.275596,77,648125.94196,314,603129.904765,76,567964.437356,158,505042.86079,392,483271.777402,81,464821.705753,625,443186.559899,156,433641.456281,52,428575.834306,82,409619.237786,74,388555.8085,60,379774.70348,234,355295.623977,75,345963.990432,471,338924.394659,49,338177.447945,548,violin
5691213.115344,21,4920283.935708,41,2532697.389899,42,2187303.012063,61,1672110.216364,100,1604936.641788,101,1246946.198345,12,1244573.298134,22,1209677.332576,40,1147834.695106,80,1114887.870312,18,1046438.46031,60,1026017.846553,25,986011.8551,35,980448.197842,20,974850.684182,31,911437.580224,39,802445.013557,43,800181.363178,160,795828.880435,19,788988.449677,69,764362.436996,62,728260.208142,81,722480.444515,44,715087.505664,30,687181.716081,56,685160.701903,140,662259.960658,29,625773.326781,17,607379.676862,55,603575.523012,38,575471.35576,13,chello
5208530.753043,14,5018661.613138,40,3080853.601402,119,2312429.729513,34,1969356.94681,11,1952708.17608,39,1832209.784092,41,1671147.67014,118,1620550.535031,80,1600953.390628,27,1240382.437986,15,1145581.012397,79,1063644.933393,36,1015327.050991,158,938739.221573,21,889869.847362,53,788677.815424,16,761937.755351,120,713454.803276,20,671204.776075,17,669426.646191,66,667719.263842,117,641597.039472,93,577862.90755,42,540977.662342,33,533704.54887,92,523448.576959,60,520379.785068,37,473629.218232,69,471813.614947,18,461422.853313,30,458136.273254,50,flute
3463293.809425,59,3226221.675267,60,2945912.441076,79,2699646.562023,80,2441289.080429,118,1990794.370381,81,1746979.868991,117,1703028.346041,89,1683674.889434,45,1648235.24497,78,1575357.343583,119,1450948.232446,134,1445217.811109,133,1416535.235331,61,1186546.363976,58,1170798.682811,293,1128955.855596,222,1109316.382076,90,1080582.881324,77,1067164.559698,315,1045115.324351,294,1040339.620668,82,1008712.066498,314,1000970.711209,158,880720.829541,236,877864.083789,46,863193.368858,50,841874.2761,88,814206.69516,235,802211.273632,44,767616.499665,87,732161.150664,83,violin
5756937.693128,27,3529353.327106,22,3121727.194453,28,3121638.46254,26,2929972.539418,21,2631718.348513,20,1722480.634078,23,1699625.293741,17,1341363.600985,32,1340904.451211,80,1257748.982571,16,1193823.774378,19,1190735.974947,25,1085380.274624,79,1036164.718334,24,942492.747918,81,734818.344128,30,645810.817954,29,623120.621744,15,618328.091827,12,564095.034255,33,558144.013609,63,539175.451603,18,538579.487859,78,478933.115017,54,458595.437797,31,434897.69625,13,410962.041225,11,397645.801348,126,384708.244077,55,352356.148019,51,319044.497306,34,AG
5397924.767784,31,3218134.964707,30,2314882.13016,22,2299750.747944,26,2294289.856816,119,1958892.37888,60,1602525.520041,11,1404303.069108,25,1287695.827547,90,1264167.764711,32,1251761.102406,120,1175513.802919,29,1138306.304713,89,1117087.079914,811,1085367.535721,23,1078979.351127,208,1040776.732732,24,1017032.921036,21,985872.648376,448,964315.054303,12,872422.519939,20,845070.858245,810,805273.909056,478,768503.328144,417,722469.272869,601,722303.191575,62,689775.99262,57,687870.853779,149,650125.962734,58,647318.697985,1086,629570.026698,17,610592.31576,966,AG
5520621.696601,60,4972324.749778,30,3709023.352108,59,3605006.416278,31,1875799.278642,89,1413813.396831,90,1341003.882691,29,1332971.735907,58,1316493.668483,32,1156558.616048,61,877067.59874,148,862518.374945,33,861857.469059,57,802513.47812,62,774904.363981,28,655194.261791,179,636996.144771,119,632484.466885,34,594585.384318,56,559650.5576,27,541628.536531,91,539500.873597,55,517439.787288,35,493563.656101,208,478649.132488,63,457382.782546,36,432149.833956,54,427955.992572,26,417769.005233,64,393754.994193,37,393677.598394,53,390925.44162,178,flute
6028921.444709,60,3972340.234321,59,3134928.158397,118,2451642.069249,119,2041418.249895,177,1610793.408566,236,1521498.767188,295,1449930.079021,34,1268235.674459,99,1226125.182605,67,1196416.772718,178,1186026.812067,61,1139103.013546,100,1134452.321488,294,1087708.740663,58,1076357.296402,198,903386.174098,66,861918.422625,412,744864.801933,165,709432.598113,62,682686.126241,413,664829.503345,296,659499.910085,179,658657.519661,33,658316.721156,116,646417.026505,235,530043.450246,120,526449.388811,117,506188.297229,237,497263.310225,63,482476.499773,354,467793.955314,115,violin
5411021.3717,26,4044533.87123,17,3791289.903365,40,3466179.009624,18,2364990.448081,30,2351062.542319,31,1602327.110733,25,1373234.455948,19,1299335.065421,12,1199154.051343,32,1125221.840648,16,1017793.529741,24,850951.860111,79,844611.194713,20,841278.848068,118,834279.758202,29,832634.413691,23,793884.656839,15,692098.721577,21,657715.405334,27,652583.039991,22,564821.245982,89,545315.260155,117,506142.686712,34,485887.508073,14,470935.315472,50,469216.10145,41,464345.576739,59,408963.834762,60,378346.692548,28,368607.860745,33,344249.341745,119,AG
5740530.724324,38,4861202.042297,34,2614207.13301,13,2234336.762205,67,2087842.606512,26,2050219.499779,101,1542779.216845,112,1402029.109973,12,1286099.193142,68,1270982.341451,100,1237226.833242,39,1086665.640291,14,1077719.021171,113,1066192.561467,33,1001777.654393,75,925724.682002,15,790040.660875,37,766592.219687,66,756522.724228,234,732229.119268,19,714003.479052,99,659193.923608,102,653864.607749,40,651667.615888,436,644414.925892,470,598514.561774,31,545531.697301,69,517425.138198,65,513224.55971,134,505433.609794,23,476040.472569,410,464779.721548,25,AG
7674920.607578,90,2969079.999154,89,2891108.598238,91,1965156.726592,27,1788536.21536,13,1709952.851087,88,1532358.68686,24,1383263.043449,23,1204887.336502,107,1136466.440947,92,931915.615319,12,867715.616568,45,785288.321109,18,661593.307568,83,659099.031788,106,651821.253487,71,634946.337922,15,616511.829159,93,584408.733007,87,581648.141083,36,581564.194182,14,566889.116064,30,543678.42051,86,517776.453957,59,489294.675413,94,455600.751456,85,453782.982515,42,442125.906698,119,417107.515079,268,415396.397706,28,392223.086912,17,382922.245936,16,flute
6685149.404623,38,4412522.719939,75,3619495.502342,149,2840787.317823,112,2679780.491906,150,1767255.670329,76,1279428.633702,39,1150443.099436,151,1084088.339677,113,732020.924038,148,640429.987348,152,596695.761491,186,559107.46711,77,443507.131675,37,412694.489726,147,399586.720849,153,371665.625288,74,349144.476703,296,338200.734734,187,304481.914574,154,302527.325986,111,295735.805939,40,266973.203667,146,262077.909668,78,247998.316573,41,244594.361278,298,243415.815531,260,222380.301559,145,219484.731551,155,211262.314294,114,209867.715283,115,194373.733288,144,flute
7040573.355892,19,4088678.430737,20,3637644.6942,38,1926870.073936,45,1912688.638638,23,1862103.319776,18,1488267.969618,21,1383253.873726,37,1275834.588421,56,1172804.82936,17,956951.405358,36,732647.923173,39,719915.304638,16,635711.877436,35,544032.265271,25,540762.843473,15,530506.275524,24,476800.660768,22,461441.968557,40,449219.902721,14,377312.133511,34,372600.822425,13,372117.360916,12,369730.240455,26,362649.30813,27,354532.963158,46,344062.895154,29,330435.74672,42,326420.337464,28,308620.806208,11,294309.593661,41,285436.011524,30,tuba
9242735.245136,23,1952473.31057,12,1491318.965057,30,1238149.286917,22,1036613.044705,45,903374.618763,24,890929.663569,34,836744.694463,74,775936.454699,16,758551.371719,15,727510.736225,31,703748.967484,118,657527.399285,89,653976.300054,88,603959.190495,21,580737.468531,44,510498.989297,20,432042.395275,26,418621.690495,77,410901.05093,11,407455.142686,14,400554.289416,13,398919.792864,133,392888.160452,78,387599.587003,29,384349.420959,25,341664.346061,121,338400.365292,19,314353.678495,165,302899.96992,32,301889.616383,188,284576.450504,35,AG
7439825.237092,100,5289905.77132,99,2071606.013018,158,2064957.779683,101,1944908.653231,157,1316725.624922,79,870190.516519,80,840654.867338,98,826549.863934,60,818864.851159,297,569167.791043,236,517364.571584,198,497462.716916,97,479192.669938,298,439293.427408,103,438385.905314,156,342840.713052,235,339250.473803,105,335572.445353,296,326175.376815,159,323076.86463,155,308853.21509,104,308657.711955,199,287144.615798,78,285729.001814,96,273313.690516,237,248794.364416,94,242639.457709,95,239430.708935,106,225790.044551,77,219912.245864,178,209638.199609,81,flute
6065356.63544,26,4909448.598659,52,2950379.491885,51,2462848.082887,27,2266952.669711,25,2253140.158224,102,2240773.06975,103,1314463.078243,53,1217548.901267,24,932682.750923,101,842457.554027,28,702857.477966,49,700778.642764,23,666366.918702,78,631037.31687,29,621174.202242,77,580086.874839,50,560468.949807,104,517942.90646,22,502234.486452,21,476076.07396,54,474912.227775,48,445078.564925,128,417653.48117,204,400478.165201,129,376354.436439,30,367053.224219,19,364832.794707,55,322029.461728,20,321380.165568,16,314905.874837,76,309470.118281,281,chello
4714907.372858,27,3563573.51475,14,2903699.898734,19,2662646.882272,53,2353267.562132,54,2315925.656502,40,1978467.618391,18,1681532.532106,60,1459799.760609,20,1440347.571886,28,1354533.591575,22,1285903.714513,41,1283911.928834,59,999008.462652,36,939152.130039,55,878035.854913,21,877595.450122,93,860649.823371,52,843562.51708,80,831500.19458,12,794857.850084,23,725040.734191,35,699438.567044,11,680629.248168,25,667309.899308,58,656644.350848,99,655864.658347,26,634278.761456,38,551066.880586,29,533054.31159,42,525798.041477,17,522417.072548,79,piano
3045987.999155,19,2897888.048492,18,2405584.779917,40,2395966.873759,50,2339517.529573,60,2218280.136555,27,2183967.311776,54,2181488.907786,53,2102129.627137,49,2011324.403835,45,1964776.457857,99,1640277.186348,51,1588947.433195,23,1528933.506142,20,1521549.578947,100,1432619.588332,101,1273859.286514,14,1246574.632635,15,1183522.97137,17,1171233.434904,21,1169058.49913,48,1061884.555444,56,1002525.971439,55,976219.948373,89,951259.881044,98,947415.307665,13,946968.050749,41,944277.624001,102,876481.593991,57,835458.571533,22,741742.042511,93,741087.528629,28,piano
6850035.68265,53,4030763.14314,52,3766922.750684,54,2016437.051762,21,1797288.639753,48,1533755.976356,55,1361167.690909,51,1158679.156349,20,1127973.520786,56,986932.625712,47,911610.347671,105,874144.342676,50,868524.618206,107,728416.928485,108,690062.304617,104,652147.372741,57,621995.279408,30,617724.214144,58,599915.733441,49,593879.447282,59,591721.998554,40,579362.280066,106,571650.227054,22,561969.308783,60,548974.167953,31,548836.950088,75,539984.296553,11,534356.114295,61,516677.032855,103,480230.267181,46,467187.339563,19,443476.932434,24,violin
3246309.997882,11,2366264.165479,20,1953027.528679,76,1769465.537544,113,1640611.418777,38,1547074.871539,39,1533736.471711,150,1399629.810127,19,1237818.024682,14,1231153.538501,12,1173910.566094,225,775281.634163,75,680017.417708,18,635214.337768,17,633553.670081,226,623052.616495,15,597331.857992,13,595817.72942,21,519592.587371,16,511990.954216,263,488568.887616,151,455152.592282,224,448511.214216,26,433184.228183,149,432920.087332,300,383699.983983,74,381087.087035,262,362818.207841,22,328643.283347,261,295960.610154,77,291910.794664,152,291811.806247,24,chello
7307696.211537,25,3523953.432739,24,3018547.099722,49,2329771.706292,26,1961759.847619,97,1854026.897674,96,1741446.271471,50,1400742.722825,95,1238428.619422,98,1058066.655388,23,970549.289044,27,854278.380338,22,759779.088505,28,681374.237695,48,643078.091286,72,603857.094835,20,549554.506489,99,534572.717226,21,472329.221429,71,463066.996419,51,433488.628794,237,416184.594764,29,400389.891716,30,385417.441454,19,362036.042203,53,361705.398243,266,357353.29493,46,357277.078114,47,340836.759099,31,335236.403603,18,331151.776634,13,317427.374631,94,chello
6325366.437302,20,3449905.934242,75,3286350.267109,38,3129241.664816,57,3049988.103076,19,2255223.179041,21,1653851.550792,39,1530325.001609,76,1190367.246762,22,1134645.624086,18,853943.096891,23,822395.54619,17,790304.055585,40,725850.640376,37,702401.262999,225,656921.198636,24,655851.432743,149,569774.629057,16,518214.23628,25,514729.084017,36,509064.402786,99,451543.902626,26,449435.987358,15,441388.417694,35,424843.175343,27,419017.552656,28,389711.885527,29,368328.37073,33,367932.831937,14,363607.757863,34,359522.76211,31,358257.883884,188,chello
4267125.709442,47,3413311.708464,21,2195863.243402,53,2137262.314122,49,2025892.971243,36,1887312.392689,13,1866771.802253,30,1861036.321488,140,1769718.256517,18,1628201.716859,31,1596997.626387,94,1594963.288649,326,1422691.038116,50,1419458.316196,48,1407786.273446,52,1406437.173366,46,1356612.013198,233,1331393.561056,20,1251608.374419,60,1140949.65492,22,1039105.9691,187,1032876.249596,95,896007.492207,328,895518.663764,32,891158.480347,25,848449.312056,44,842424.286224,29,829578.947558,45,822921.139396,186,821965.152116,43,817461.951966,24,790339.968109,42,violin
7771765.872543,67,3598695.627876,132,3210146.003824,133,2153513.863346,66,1767462.276584,134,1456615.556562,68,1210179.587584,111,1184272.307602,112,1103168.391593,198,841108.599228,65,751637.824779,69,721955.565358,113,580569.610067,135,576740.263492,64,574186.58791,79,526092.439233,70,452369.751569,63,411073.214271,136,400653.997386,199,367369.489856,110,361713.687236,131,348194.306373,71,346448.609937,72,325756.120177,62,299668.755419,130,288331.553771,137,275980.907043,114,272037.877724,61,265569.67367,128,264096.089605,73,262581.778532,115,249470.474207,157,flute
8745387.222147,45,2279338.006657,89,2166647.593129,176,1903579.599226,44,1335540.729724,88,1294893.400418,46,1037372.621156,132,1016644.390339,177,892752.944988,43,871306.242814,133,804566.73278,47,799776.114988,40,702510.397624,158,641010.027655,90,589339.478834,87,572946.020038,220,560281.72192,175,502146.382992,48,482768.714623,264,439443.42214,178,432672.773478,42,410858.002969,49,359634.302162,50,357287.646546,86,325953.537743,80,324641.063616,91,314123.881606,85,312294.273987,39,307318.418136,131,298482.177805,174,286990.480812,51,266586.353323,179,flute
8301384.887956,45,4865406.872077,89,2036595.530786,221,2001082.730076,177,1098865.907515,133,485877.665887,44,446414.400126,50,402530.701461,178,365789.470956,90,348046.776298,220,342944.712611,46,303879.24315,88,296893.440939,43,295651.991957,265,280583.132112,135,248330.596697,87,243094.407224,132,231291.723301,219,229892.311141,51,208185.811539,222,206741.006515,48,204105.317465,47,203261.527464,49,202714.568139,179,192531.687787,134,187867.205367,100,187222.872854,42,165434.779586,131,163909.588107,91,158787.750267,223,149221.79029,218,144455.25127,99,flute
4148104.294533,11,3936861.941058,30,3453744.205704,16,2834161.500948,40,2717199.409942,25,2206545.005409,48,2142198.109055,24,2130835.688862,15,1904247.678959,45,1592600.768793,12,1494802.156524,60,1285394.626393,14,1200582.827206,47,1126338.646563,41,1036555.074721,21,1009350.062678,31,1007342.087306,13,990421.483819,50,959315.489968,23,943792.712916,20,824587.790444,18,804100.393324,26,769980.854906,39,756134.672997,59,725289.593724,99,714377.2493,32,705644.958584,29,667923.467483,49,628951.2013,46,610677.032736,19,566745.556005,38,543162.47101,70,piano
8648873.490599,38,1796231.599868,113,1717268.652983,23,1377432.757109,39,1343823.015959,112,1096113.491744,34,1068172.433797,37,1045467.945161,373,1007967.478323,16,1001883.006959,33,947490.755203,30,896046.807988,35,849635.884499,29,843742.628627,36,757427.329278,410,698366.506867,11,624893.643806,111,592499.525045,19,582589.490034,15,536350.596024,100,531882.412327,68,493777.488089,89,472644.318967,99,459937.782615,40,443918.140497,98,443579.649769,150,436408.550602,24,412426.619307,114,405616.500545,110,402198.36317,21,396893.133621,42,396832.379478,485,AG
8444343.148759,45,3509077.790138,44,1988522.931404,89,1160592.433506,133,1154018.79181,43,1126239.617241,176,1125847.899355,88,1020171.681472,46,940963.066241,50,886367.831594,177,863825.309649,101,857085.345549,132,804462.449375,100,784530.309468,47,693536.644265,42,658802.883772,99,609162.264366,90,601253.717069,49,585225.612024,51,583298.150044,48,499516.524969,220,486738.258716,221,456043.360055,41,424477.812767,87,418012.549905,134,392998.741493,178,366207.328798,102,349594.758766,40,335875.134356,175,326233.981951,199,321352.482821,264,314398.593293,200,flute
3924014.566278,11,1882670.287979,13,1839294.616221,29,1801363.897404,12,1657919.151756,39,1211095.867924,76,1193990.740784,20,952858.969059,19,876153.471666,113,666130.440921,26,639964.183763,75,579402.807198,150,555038.963547,15,535886.177145,38,491161.043825,14,482052.698732,18,414611.474971,16,350305.379641,17,302808.812247,40,287772.78632,21,248350.881748,37,244092.916163,151,243177.691743,27,235610.047227,71,221619.468216,30,204167.405839,225,197663.529745,41,191911.688503,263,178558.492134,23,178144.052643,32,176842.217566,33,175525.46453,36,chello
8856173.670044,23,2098627.070081,31,1997151.351991,89,1960970.974273,45,1850967.854083,30,1254167.097206,16,879697.212054,74,824015.969374,15,773165.946495,88,711662.540888,32,659923.908616,44,585540.531834,60,563821.749451,75,532192.167982,29,463261.840472,119,448571.825178,118,439251.218494,46,436903.249621,59,430944.23603,28,428267.466287,24,425337.74688,43,400661.468354,47,374233.522792,12,361803.913892,87,349234.787642,90,345895.214114,177,344495.116254,25,336605.540781,154,325464.334732,104,308579.11607,110,301064.251258,207,301053.775321,111,AG
6333472.311092,119,4593536.984762,60,3330300.08998,23,2007903.158062,118,1901226.568764,71,1731840.066212,89,1622956.820984,45,1516700.285769,52,1175637.620591,30,1016478.513606,59,910195.010491,40,874796.40352,61,845559.069824,117,653356.725597,74,638550.543204,56,622508.212816,70,610495.413729,120,604804.33251,141,555021.958455,116,479289.072917,88,476087.851581,58,459086.42263,67,455562.637303,24,452121.85957,62,450605.316994,53,426600.226524,22,399530.411468,64,385873.780706,68,381206.89221,51,366399.251154,12,366183.087908,75,366077.578782,11,flute
5047878.240025,45,3646683.605348,47,3591681.252246,27,3502907.035538,48,3326191.823008,14,2853500.086358,32,1365859.997331,49,1320925.38933,186,1234213.830351,53,1118837.449584,54,945698.058837,34,863624.150188,94,850833.185281,26,821225.118793,44,770765.109205,89,740793.108458,67,702183.28077,232,685085.917624,185,663559.376408,80,662642.00401,28,562499.891351,55,557457.245431,40,551859.579348,92,548922.364555,15,548372.086057,140,519340.202459,56,463498.246192,33,462888.323172,234,454021.337899,24,449194.836467,46,443564.89866,43,419879.556957,66,violin
4738198.347125,45,3964441.87584,14,3881340.771834,89,3743288.951776,40,1830088.795162,27,1702249.846534,53,1505331.690032,90,1170068.303506,178,1066242.23536,41,1047988.579431,79,871319.315732,54,833953.809499,36,791023.991308,88,731797.498261,91,726927.172332,133,699832.490164,15,686225.394501,11,680315.089836,80,587065.05659,39,565427.312802,19,560524.078671,66,553047.515553,18,513898.674772,44,480015.212583,92,474902.931162,42,471327.634957,43,409293.81213,94,407848.363205,134,382173.742526,97,381772.958461,55,381060.553415,78,371681.84135,12,piano
7909241.231132,60,3363078.901002,31,3044820.284098,30,2036041.944568,149,1433514.469409,90,1330833.640121,178,1304903.45353,148,1215115.756356,89,1125282.095487,32,1050989.223145,29,1027958.838791,208,793868.699182,150,698647.93329,33,664261.542955,119,642879.820372,28,483780.358219,34,455112.275478,27,448528.162256,147,419012.174676,207,412382.518423,61,409237.787205,91,378142.916073,26,371429.030805,179,370833.450707,35,338222.051157,88,319399.901366,62,313128.413529,151,298431.974549,36,295502.277687,25,290337.030847,206,276672.860752,120,266514.471341,24,flute
4729653.00859,30,3217085.267867,61,3027676.130287,122,2955612.778416,31,2289091.338907,62,2212231.341269,40,2123309.674972,119,2122070.262477,182,2030084.886367,121,1879475.782496,183,1415291.152164,58,1230574.765792,36,1086716.23481,24,1063353.949153,18,1062566.027459,32,1054735.915946,13,1043335.204652,123,1020815.179201,180,1008286.320147,29,973182.875854,60,959121.525137,19,831800.812611,243,824572.658085,120,768657.602517,33,731702.05926,21,698773.446853,59,671436.895577,184,660292.87815,238,590518.051086,39,577126.259991,41,574016.347372,57,547226.306493,34,violin
3075749.106489,47,2746257.491243,48,2650533.046324,51,2576321.437332,49,2421429.017796,50,2350591.137608,54,2177594.05835,46,1982420.992037,57,1795242.253683,56,1707133.467493,37,1501243.107509,38,1486885.334378,55,1419128.742453,58,1337366.579944,53,1243093.857761,59,1184287.73932,75,1174381.411092,27,1146763.482881,28,1124350.971864,43,1088740.008397,45,1056570.748835,52,1034800.139998,29,1032186.6943,26,986905.900882,113,871267.07005,76,808966.031722,206,786523.862401,96,767790.277465,111,718782.712025,110,715544.816583,97,702913.083865,71,691715.210207,193,violin
7422723.19667,36,4121703.927564,40,2267915.700623,53,2242929.265088,27,1510017.449445,20,1475672.93499,106,1420769.898467,19,1190700.261791,54,1047505.459831,18,1018759.674191,21,1016497.602423,23,1013409.458503,41,845781.646761,71,755406.980842,39,706457.273678,35,696608.094629,37,678086.643746,38,673716.967902,79,638294.822248,52,575556.668181,70,563580.829507,55,562603.164664,45,540749.120128,141,518890.10702,132,500701.368611,124,496174.588182,22,477409.359773,123,474842.039289,105,470914.303792,26,448191.893894,51,424348.646484,72,418803.538879,25,flute
5216536.271194,102,4197621.932361,205,4155886.287344,203,2834312.961414,99,2242274.233199,206,2024981.556711,101,1695851.147941,304,1394518.628788,204,1353039.21897,207,1182133.035634,303,1056651.013228,100,1018919.357495,305,1016482.284859,202,994203.163923,104,983326.592218,407,937453.300155,404,900159.321555,307,890575.459899,306,859314.868132,98,811233.672667,406,692286.354841,408,628260.859726,403,610328.258838,105,594511.155955,200,557931.328476,209,529745.244951,103,476585.404849,195,422140.898364,198,410528.074267,705,370084.974068,714,353894.265403,210,352118.38853,411,chello
5381964.89273,158,4849771.694755,157,4567703.477277,79,3121770.33816,236,2070711.018308,156,1981898.907487,80,1271204.352844,159,1125114.239454,235,994908.465545,155,968164.375374,78,776296.219923,81,751401.217272,234,721470.921016,154,699773.329472,160,662162.68134,161,607791.240164,153,525981.724811,152,477290.821475,162,471617.791385,133,456391.297019,163,453049.337351,82,383029.488135,164,382478.519826,151,371052.808435,150,368411.653782,237,349875.683425,149,333180.777148,233,319823.982444,134,310725.641682,67,302727.203207,48,296868.529435,76,285639.287926,148,flute
6264701.875079,51,4801677.095536,100,4308466.845258,50,1979008.792366,49,1879834.023174,52,1111777.971163,99,953967.853386,53,908790.280051,60,804442.453841,48,767354.509391,149,760344.38822,79,753868.036952,98,736595.091893,118,706224.12602,101,664167.529661,54,653744.302448,80,582986.176947,47,579976.166033,97,570573.071747,148,551175.59458,102,540316.469492,96,527878.330704,55,505301.520729,236,493614.839319,75,439364.597445,150,424711.421891,196,416185.118298,68,411772.337831,199,403250.80349,61,397899.248119,56,388321.341916,62,383700.139852,78,violin
4678859.899701,39,3133510.420904,38,3118452.930931,27,2661084.134276,40,2325719.278611,45,1951202.621376,31,1943228.484439,23,1704523.975927,30,1551326.718123,16,1543978.575543,194,1509306.976808,112,1420858.955873,53,1332740.385891,193,1284283.511174,60,1072760.284488,114,993304.746388,77,959664.367034,37,887134.210306,111,838885.2816,195,800383.135075,76,797993.267837,42,790906.445923,113,788009.388231,263,769136.753453,150,766808.001424,21,756278.155248,115,737730.764795,74,729995.463957,116,716401.369514,33,705889.537956,149,698019.830076,32,673419.146203,265,violin
8528489.261844,26,4249408.760571,51,1428975.574549,101,1287044.353465,76,968209.527305,27,870935.172856,52,804305.290462,50,767070.822261,23,745041.527595,25,699983.654094,102,695092.027585,30,634231.719006,28,606728.349631,77,528906.576532,24,507069.61923,277,506009.961719,252,488981.561584,103,484131.63942,53,473243.570741,302,441554.187744,100,408883.958256,49,394515.795509,48,360648.370555,54,355263.536795,75,345006.522536,55,328643.442783,104,318544.18942,58,299585.331727,56,271596.679782,22,268646.211534,32,266967.583192,78,256232.899366,31,chello
5677123.204772,21,4823314.923648,40,3121152.889734,20,3074518.842688,30,1978259.047699,31,1800908.959601,197,1584605.718537,22,1278989.941925,41,1148210.645843,29,1048121.484325,19,964529.431422,48,939710.950775,119,937720.583374,23,929477.442095,50,917098.8805,25,845357.583284,60,834306.284592,79,788870.900286,18,762264.314001,39,761289.450922,28,737491.138582,26,678284.382181,27,674494.78392,32,664359.67177,47,574959.096152,80,568708.026587,104,545812.584376,99,542067.822696,45,534836.528027,42,505201.075541,236,479580.95475,198,468113.44103,24,violin
5522084.313411,36,4415397.941509,32,4132071.319572,17,3415487.817323,16,1971310.906405,24,1399179.117144,33,1362800.348252,18,1267567.68508,71,1229047.822146,34,1201259.591912,95,1097996.03109,35,1006473.095231,25,984552.09401,15,906003.812785,37,851915.095531,94,706881.04117,31,698370.706778,19,671836.18766,14,665170.977128,64,658204.206607,13,654539.671252,48,649352.535712,20,639312.259478,26,621346.603773,30,590058.892763,29,518447.427713,68,506920.075149,63,474025.201805,96,443001.56287,12,429612.259703,28,403163.916761,11,392615.628958,23,AG
6915135.734764,46,3277200.546088,45,3163070.384068,14,2606261.544181,32,1399029.972392,134,1393950.366738,23,1341302.009138,89,1313191.626382,44,1048797.697146,43,1038305.927802,88,994304.2402,90,926279.794104,133,853946.412555,226,812224.411049,181,789459.079425,42,767656.645818,47,756575.501183,135,746653.357072,48,703187.664584,40,682749.06489,27,656135.25304,34,655595.758581,267,650285.712078,266,611325.763656,312,574786.985781,31,537870.71487,91,523125.542938,406,515908.776211,309,500112.368224,270,498735.876195,49,482332.001441,92,473922.012623,13,violin
5842014.771257,40,4978643.21241,14,3381814.123987,34,2055182.355917,48,1763380.234311,20,1743494.913606,47,1615595.082709,41,1449716.863731,27,1429242.650564,21,1397830.231588,80,1218479.989387,79,947895.600424,60,943633.10503,93,825447.798871,39,784359.278669,33,676585.807265,36,633673.974598,19,619306.930845,66,610532.967431,16,602670.453161,119,576887.429711,71,565248.212341,49,530649.019457,15,511635.40767,11,487113.596072,22,483165.268508,53,470364.542951,42,431489.499872,73,427252.391452,81,425575.156354,87,421671.369964,43,421040.235274,31,piano
2547966.135444,56,2107562.470601,39,2008845.634531,38,1951522.903332,57,1839799.207869,76,1831903.539726,53,1805221.782253,161,1651499.974185,101,1637133.571703,48,1571973.769917,75,1493530.145229,102,1330013.295551,204,1325525.535973,100,1312892.689749,74,1279015.460073,68,1230923.742294,78,1163621.075697,104,1143004.113965,91,1095076.649967,35,1072238.369987,40,1064661.306448,34,1046671.583786,49,1041499.285056,105,1021919.787395,59,1005620.931879,156,1003046.402986,50,995750.743248,207,994610.090746,32,969977.541806,209,965024.569104,58,948189.252427,206,911063.338939,70,chello
7684755.133169,27,2991966.63226,18,2541115.736738,28,2459890.852062,36,2414719.160661,19,2082944.705655,14,1422498.23757,26,1231029.740815,20,1037616.275222,21,936822.45363,29,909569.955223,25,745372.90994,24,691314.233162,17,652847.47183,30,640519.154747,63,596545.103863,42,519621.204495,23,510399.755651,16,480285.605521,126,474411.891372,11,438486.520197,31,424881.844554,22,423872.897368,43,420457.103302,84,395718.040502,80,373920.579456,15,373399.599407,53,356221.459514,32,342301.306149,41,304262.002529,125,279672.76839,37,266366.661253,64,AG
3836462.920801,18,3665308.680788,36,3067917.823813,71,2853380.229861,34,2495586.315545,14,2249834.337546,19,1887457.91923,27,1253799.733648,17,1129354.6511,53,1041737.849744,15,1025992.882254,16,1006917.951929,11,926059.686161,20,840955.404431,54,839388.441811,12,653132.465199,13,649106.694782,141,647498.922822,62,622779.360781,28,405251.84656,21,395729.064578,66,381113.622601,33,379553.747843,44,370773.423901,45,349252.830211,37,346492.897663,52,328198.019631,35,303008.974853,67,294814.165988,97,288973.676764,142,288623.956315,32,272085.209942,38,piano
6647215.853028,22,4679046.304494,11,3409941.792087,21,3206011.324833,12,1728271.012484,20,1225753.914278,17,1143527.690464,23,1107782.27115,13,971394.125678,32,906810.405319,18,848915.640188,27,841142.779722,26,789460.927251,14,782313.318845,19,543217.88639,24,471795.64983,15,410834.385687,80,370621.619379,79,357653.732555,48,332583.060234,28,321244.902417,43,311225.105302,40,292424.149422,16,252912.740516,35,250425.887876,37,239999.71592,94,237234.550452,63,236433.870747,25,230307.948418,33,223672.186378,30,201336.331972,47,173501.66038,77,AG
7894622.289886,53,3527720.384567,158,3197123.193205,54,2162196.650955,52,1922137.4304,106,1218176.561749,105,1158403.545093,55,1004669.376949,51,768228.474756,56,757879.907554,157,685711.385638,107,635462.214934,50,557867.239193,57,556388.071944,160,534110.289153,156,503502.440452,49,459038.524345,58,448186.113593,104,411831.364619,48,385122.534252,59,383013.620314,161,380297.211221,108,352438.470052,47,350644.190198,60,338094.652133,155,298379.321939,46,285799.553181,61,278376.857311,109,258177.844343,62,257382.62387,154,247199.055722,45,238357.9381,63,flute
5458331.233756,11,3959805.327068,34,3398427.102111,27,2420082.137494,16,2035413.433406,93,1841193.90743,21,1757742.421982,14,1478011.765124,18,1422013.702396,20,1355293.099906,28,1324440.4311,60,1132003.980832,26,1096878.744635,40,1049716.41194,31,1026164.746949,53,1024217.600833,45,992856.676053,67,882047.43363,54,870032.138938,41,870002.619952,12,823230.150028,30,732713.360427,17,662988.760907,19,649846.992509,47,632417.380748,46,538494.725412,13,533780.071952,70,515951.877968,15,498181.928018,75,492343.036656,22,480742.393465,42,438038.642108,52,piano
9393659.175479,20,2250209.967538,19,1629549.721519,96,1386479.609655,58,741915.93561,97,706148.994455,22,697848.059894,21,635471.437461,18,545745.352804,98,490479.50535,23,470836.316303,95,461925.302032,40,460126.752488,41,441164.624275,17,426245.715622,78,422897.044129,99,401734.771807,79,385119.514654,57,376501.379916,59,372972.8036,16,372934.560016,24,324306.794209,42,298372.083028,100,296938.418477,116,273132.472722,38,272217.512382,77,260925.321137,15,260214.582465,25,256059.47396,80,242707.516449,43,239562.233345,26,227411.485903,60,chello
7848092.430357,53,3949298.377863,158,3237613.58693,54,1769044.553042,52,1691729.534265,106,1240890.188785,55,1101877.092002,60,1072413.806434,51,754276.345265,50,750510.952884,56,722173.055452,105,712232.217063,159,604200.312791,49,538166.115345,57,509148.023328,61,487593.799288,48,423387.324323,30,422804.494259,47,403079.91183,31,402850.571786,59,370022.468462,46,369498.026481,107,365955.9823,58,341265.969881,62,330391.852759,45,310470.700314,44,285556.275424,157,285161.469533,43,273232.991483,63,247552.779644,108,244964.539534,42,241587.592181,64,flute
7870701.77239,45,3250598.805458,36,3248232.208431,34,2920589.771863,71,1619930.905538,89,1231670.728781,23,1005119.821289,67,994186.262841,60,926271.393435,30,722647.417149,37,693101.611357,134,623714.27411,106,538788.124356,141,518541.683194,35,446392.224371,72,436958.364752,213,435697.865017,31,429047.387663,142,406972.290429,90,393370.367419,177,371988.491461,26,361062.634801,133,347197.356283,33,331438.562762,12,325198.995114,74,291607.057645,40,286478.543601,48,285583.305621,100,282394.590851,69,280380.220265,75,273172.250441,42,269859.231221,107,piano
3535997.362425,27,3426088.224278,30,3239103.617898,31,2940511.9204,38,2773761.729162,39,2448601.50967,40,2211881.527531,45,2189443.370708,60,2144555.832916,29,1743195.397836,28,1509507.840378,53,1446826.734637,23,1386733.56741,196,1376735.719168,37,1140923.640459,34,1013207.243755,21,997592.377308,16,979919.175093,41,968576.026873,82,921496.905472,112,883080.643646,54,810560.509535,195,807900.981342,197,772072.317114,79,738503.420113,33,736746.195988,113,713475.453939,119,676547.438676,78,644126.746935,104,639327.688839,193,634162.210634,149,628195.200204,74,violin
5865751.772708,50,5821546.529014,26,3667753.738157,25,1665826.262698,27,1468058.212684,31,1430368.622614,45,1428474.364329,16,1384488.744709,24,1181002.037246,51,1136539.722075,46,872541.221263,28,851311.380917,49,839171.321771,29,778873.538844,23,748965.111213,22,685478.47652,52,644690.877233,18,597211.926458,43,591560.811431,17,587253.707398,44,496371.75433,61,486950.171536,21,449215.868867,19,443288.331338,32,421592.669364,75,406995.044915,15,391741.438619,30,381952.747748,33,364949.095527,20,351858.299078,34,336731.301744,53,330850.055071,74,tuba
5119406.564879,36,4497761.753708,14,4244796.501533,71,2703486.891892,67,2541680.359418,27,2051431.854846,11,1701351.191751,40,1328110.917301,60,1145177.889933,34,1084205.419766,21,1016744.588439,48,1000710.385574,100,959032.114528,47,953175.0476,99,903382.32265,15,883645.804306,66,751560.458749,53,703972.508252,13,685451.200477,30,683897.225927,20,593796.350505,12,554712.828005,141,552583.993238,72,545656.469817,37,542113.249335,212,509122.56442,119,507186.841634,50,495227.730454,39,423877.617054,22,415773.0315,177,391260.910937,68,385331.410695,69,piano
7874741.296278,50,2947301.113306,198,2847697.932396,51,2649166.571213,100,2486574.906935,99,1690198.544797,149,1132613.620902,49,1102792.047181,52,746321.250942,40,726786.358799,199,713734.554774,98,711058.546754,248,614916.06162,53,573049.396607,158,557566.957348,247,546586.250972,48,522168.560351,101,468614.881767,47,468119.467729,197,389781.114814,97,363610.413391,54,358174.187904,55,350728.920108,297,342460.669671,46,330374.906225,102,304494.23187,96,269507.662582,56,267388.406622,148,261589.065181,39,238908.555164,200,235648.047851,45,231199.04078,95,flute
8677632.963684,50,2526020.03288,99,2329590.7844,198,1514832.414223,100,1496853.10372,51,1308801.554883,149,1182502.764779,49,902113.90499,53,783673.605891,59,727290.365669,52,719109.361659,197,691724.789827,48,691002.221673,98,651745.394387,148,648204.007747,101,585771.781186,247,541556.732659,199,500959.814915,150,493450.26473,47,481520.067887,102,468640.33054,61,440495.02697,60,410974.614756,97,394881.372422,103,375275.915108,46,361922.290296,296,336221.392112,200,331828.665444,45,323702.939348,196,300449.667077,62,292270.176782,44,289576.101487,151,flute
4727531.222266,48,4288946.755552,47,4255525.204874,28,3085597.044108,29,2067411.357184,56,1502618.014816,50,1480880.284763,96,1371306.259125,49,1266110.920073,30,1238180.216823,27,1193549.367043,46,1174809.713577,95,948017.347188,31,911244.915784,94,856331.658312,45,836219.389913,38,830526.16522,19,803816.029227,142,792383.913025,189,747215.473365,83,654949.295489,141,651385.769115,99,631704.383524,84,613921.720623,44,612570.292456,26,592949.067452,97,592657.528825,32,577701.45978,34,541482.50773,76,523998.721946,43,512867.972917,98,511975.648508,37,violin
5873024.656996,23,3640551.432727,21,3604322.604767,26,2849625.008456,40,2640179.655675,50,2640033.915416,12,2021197.625325,25,1978607.873461,20,1244570.925106,34,1232253.642729,27,972038.034396,19,905130.145462,79,871024.282757,45,863175.802351,24,780295.870831,28,748465.636941,18,631486.683248,22,577806.075671,51,568488.132332,29,530137.717144,75,517552.521362,30,433053.711736,17,429905.89135,33,411042.958869,32,404351.807657,16,382006.457993,31,379996.924317,223,359717.283909,35,352571.609246,41,345511.071225,173,334108.542499,46,326757.253301,15,AG
6414695.286568,18,4291091.331739,19,2928434.758156,27,2398852.621798,14,2358998.624198,54,2072850.487266,53,1272746.24133,20,852729.633335,11,839453.178865,34,772723.141599,17,718568.725698,21,688955.294059,56,683100.306013,93,664229.426675,16,649057.397702,55,646551.793861,52,642406.760553,41,582230.396003,15,575271.678315,22,567878.291689,36,549419.625233,24,438244.414173,25,429844.892713,67,423161.589997,50,409449.000842,44,397799.02804,62,394075.189842,105,387628.433287,106,382995.011179,57,374588.959544,40,363365.162994,43,363040.582015,49,piano
5613545.763959,26,4570157.091796,38,4503417.820233,14,4237028.223905,13,1473869.634896,12,1218682.482597,50,1147286.297439,25,979954.556796,15,935938.681691,37,839939.884447,11,801060.248534,27,780302.713714,39,647253.128754,16,564229.014523,36,549347.567633,17,534255.552107,28,529280.569798,53,472049.837294,30,462194.208212,34,435152.804712,33,429900.475387,32,421919.73785,35,419097.0563,29,412633.318284,63,394340.909021,24,313334.400512,31,297798.598349,52,287819.912018,18,239274.126886,41,237160.984484,19,232917.850261,51,186631.160966,49,tuba
9443059.110641,36,1378484.974589,35,1125934.375904,22,965987.395345,72,935060.612785,38,878770.308009,106,779548.623222,40,770381.004836,34,666665.566962,17,608753.19839,33,601118.523652,210,599321.003268,70,575226.268071,84,562218.546824,39,545400.645098,141,533347.741988,126,519274.904005,176,502662.244729,16,498774.890501,71,488206.602759,125,444439.212269,43,427186.967137,245,379789.720077,79,375348.818073,21,373007.674819,105,372549.828176,73,362550.542215,211,359564.170666,236,356856.818282,13,349012.366352,42,345583.808472,37,345321.249655,23,AG
6056196.779406,38,5102993.650948,45,2571227.694907,89,2158020.880543,23,2000189.665101,11,1996703.217704,67,1628083.437151,20,1572881.152884,47,1171837.319385,46,1139922.212939,19,1093798.906251,90,968992.638701,111,898742.36968,66,866815.509552,112,865709.91775,29,825778.897858,39,774801.304673,15,761470.067763,21,694247.695169,37,647250.240502,68,639845.973037,44,607486.164551,91,587822.583275,28,581025.48324,57,559586.532805,22,474191.441446,88,438284.641942,56,388945.84492,18,383578.803268,43,372734.965744,93,371281.51105,35,355712.664653,12,AG
8116609.676363,54,4000065.530311,28,2345168.417595,27,1652266.000849,107,1509010.759868,81,1184276.427683,55,1028429.926902,53,883988.107883,108,870627.930623,56,845029.442181,29,749878.742194,26,653419.398601,80,606892.97096,30,580662.721709,51,558860.572281,82,501854.961402,50,498892.905327,161,498433.153473,57,488530.396792,31,426683.117517,33,423575.012962,25,411949.318434,267,390928.602654,160,373545.132163,14,364887.719685,48,364002.869048,109,357601.783129,23,352452.778593,240,350557.986729,39,347096.605835,58,308408.088782,20,306648.33792,22,chello
4312250.078195,18,3740044.120814,19,3398317.536171,27,3227745.313773,54,3156127.933171,14,2355341.404142,53,2120757.125859,40,1304410.680559,17,1242971.203883,51,1234419.133163,20,1139535.844574,28,1134535.125366,60,907031.714557,41,905704.55628,52,879121.548872,50,878963.236446,26,839050.987583,55,830657.80901,21,772554.214414,36,770141.879621,22,632855.984031,67,629891.4288,25,600273.830776,13,575191.822492,49,565929.271197,16,565081.240049,12,560939.208047,23,542483.822759,93,511284.04754,56,462502.077867,29,430038.1915,39,423789.158444,42,piano
5984258.787597,17,5275948.369219,16,4060346.11775,32,1831994.176551,15,1763828.713042,18,1378782.04096,48,1323741.334708,23,1286598.159863,19,1227997.723166,36,1184234.672293,20,1109227.79457,25,1024083.163779,14,747184.822032,12,746533.484579,13,720496.004319,27,714967.836119,24,626785.690526,21,609315.448745,94,520170.818566,63,499844.746137,22,490521.040908,34,470538.915325,11,444915.370336,64,356766.440851,30,345955.463418,47,324153.205491,35,300654.853445,33,298543.019653,126,288921.729478,31,256934.156303,65,249671.962453,71,249489.770652,125,AG
8432823.433033,23,2726635.454955,30,2120736.924888,40,2110467.708967,12,1595437.057445,21,1558199.188403,26,1390697.731883,31,951992.867299,60,951534.194908,45,949337.006249,22,869005.374651,34,867189.92636,118,800162.470058,29,674181.833517,89,655044.14538,27,614584.920383,28,584295.945774,24,537276.077003,32,529264.477092,79,494822.443375,25,452763.72899,59,435820.993186,20,432562.851501,44,410551.119757,207,386997.134805,39,374408.745525,33,357607.249092,35,317451.129939,119,305257.85444,18,299407.32973,19,290741.120387,36,267213.266212,38,AG
5771381.000403,34,4317396.971374,45,3885138.206571,89,2499153.66938,53,2169435.95293,25,2028460.395942,26,1885270.134796,23,1500673.240662,27,1431913.601815,51,1309111.024305,54,1281867.691876,90,978002.901866,17,897307.14892,46,859735.552555,18,828780.384057,50,756203.587134,75,727423.841789,91,634270.320149,28,609078.819296,52,606090.405158,24,592462.705207,100,555987.656216,67,554567.266708,29,551702.029092,134,456828.875085,88,429198.490827,16,425526.705778,44,408589.635448,19,395948.520119,76,369516.352751,31,363803.344014,92,357678.105531,33,piano
8002801.852706,60,3459991.589523,59,2683761.227836,177,1949355.459726,100,1947813.330325,61,1292503.6011,58,1151354.985685,99,1031207.758504,62,965968.403233,178,895545.377003,101,856694.187895,119,780681.288315,57,735770.528094,118,717693.92531,63,628894.605732,179,577028.372254,56,526270.825494,64,512904.372092,120,455798.742234,55,427159.985704,65,389414.631562,54,380936.792992,98,366972.734897,66,364866.355188,176,349315.717525,79,326660.871444,102,315499.630494,180,315245.610799,53,314955.461049,67,298778.825413,175,288796.450496,117,275590.762361,68,flute
8342480.587937,22,2555727.695241,23,2441097.262352,21,2339737.964303,20,2031562.797358,17,1389110.838014,19,1136830.279004,24,1134251.93244,18,1131652.500012,27,1106677.522418,11,967355.524108,16,801326.950569,25,768952.880594,48,695959.967923,12,555692.802413,26,493762.124463,32,458830.978791,63,432931.778273,13,365619.958304,33,325066.08122,31,294307.916093,47,245638.623261,34,219822.141924,35,214598.801843,209,212187.135808,84,199665.743107,38,197786.218533,29,190183.953687,64,179527.818138,42,178426.509333,14,173636.059352,132,170582.394967,54,AG
3875145.023909,26,3621760.349944,38,2893379.483994,29,2819082.885027,19,2147429.25112,20,2089903.418801,23,1793841.042021,47,1565086.437506,25,1535492.642326,67,1362749.725364,60,1313875.486796,113,1264948.951481,11,1258542.289717,51,1159632.356074,15,1104496.837689,43,1092282.41722,18,1077773.929706,21,1046980.233896,50,999203.81453,14,990209.45592,13,989922.866412,22,964646.07487,56,918852.94997,57,907613.908382,68,892466.883517,24,859542.969223,52,830182.955024,75,822858.579496,94,789497.772217,30,741234.65177,42,727294.963668,45,710885.31149,111,AG
5170982.757125,60,3919791.910056,31,3785914.668201,40,3738307.980271,30,1691423.415406,26,1644440.376981,208,1564173.697279,119,1514446.73579,21,1422064.433318,22,1273987.09938,32,1211979.881002,29,1175988.580789,41,1114177.165282,50,1015032.920379,25,965510.857521,89,958309.284315,20,952359.511674,23,951965.085757,51,850818.593231,75,845703.997708,24,821765.613085,39,807731.245642,11,729278.560317,33,728785.643287,90,668183.527135,34,665670.816898,28,648403.220266,35,647541.319237,357,554800.183205,38,541699.163988,59,490331.147765,178,488872.786363,12,AG
8836581.140452,38,2222173.452373,67,1711020.19535,19,1546467.084154,112,1360966.306968,20,1315105.508653,45,944696.959359,22,899188.783415,39,856837.483938,21,852173.346449,113,813572.4073,29,797675.709468,68,732450.612347,23,731331.84155,75,715821.2411,66,674375.705472,15,648688.500613,89,606201.446865,37,564782.18863,11,559560.655887,36,503074.896973,18,457689.574317,12,434822.337117,43,416924.339085,94,416455.043025,57,391316.96994,56,380956.493969,35,372426.492593,46,367624.012422,16,340687.388482,69,338631.366087,42,311930.686461,40,AG
3784177.495359,67,3480525.830146,34,3164550.260738,99,2158219.013605,66,1990134.961109,33,1679863.173353,54,1600630.267079,45,1553055.932662,44,1491715.299373,42,1461246.715201,100,1450476.591345,35,1429943.188341,53,1398355.145679,40,1337162.068666,79,1336360.53363,80,1291200.02975,41,1234493.882455,81,1218600.712925,105,1178455.167065,78,1173798.754586,65,1166271.425606,52,1066338.358609,43,990733.461991,32,957292.2295,77,949288.070189,39,936656.128806,47,872021.758448,98,866992.303749,31,862373.102346,68,800182.822167,133,765053.474633,82,749989.000764,88,violin
6697263.154099,20,4868740.547607,19,2553884.976316,18,2050358.11496,21,1811041.079799,23,1810468.76399,22,1527042.916567,24,1220648.656218,16,1204698.638576,17,1096999.801309,25,873064.019565,96,801223.73084,97,757165.755182,15,740952.873537,14,717933.531154,26,715709.659444,38,675856.657587,13,634543.441739,12,617484.148407,58,591564.297656,11,567321.830358,27,559714.846685,59,545655.113742,95,516797.53862,57,505641.983574,31,443972.912446,40,436878.722528,28,418874.881174,115,412450.83257,111,396175.256745,44,389856.143527,68,368081.901914,29,chello
5840273.249326,157,5173070.27403,79,3489411.768237,158,3040759.491801,236,1761749.222395,60,1741314.091022,156,1581699.267162,80,1531253.517825,78,1091931.57763,159,999998.620643,235,912186.936298,155,859541.11193,81,677048.426356,100,658549.649023,154,631488.859409,160,547855.927768,178,525232.920912,77,513890.195822,161,503768.343987,59,468481.501746,153,463221.013739,82,419252.916379,162,416710.826382,152,381413.652019,83,370742.345215,76,363624.23739,151,334727.357554,237,334208.015869,84,329769.862775,314,326747.286829,238,315726.036248,234,313508.75425,164,flute
4689048.367267,40,3958110.12448,20,3111662.251453,28,3011266.711667,21,2849637.572608,29,2250530.042265,22,2044951.222114,12,2038868.979061,19,1823628.526286,39,1605779.027062,23,1328584.254053,30,1307979.195651,11,1233308.542648,31,1219792.597563,26,1089191.189214,41,1068673.086974,33,955507.253341,17,903477.392905,34,882521.056464,25,867115.436336,79,829339.587817,42,744325.816291,24,617256.986196,38,609999.355797,13,560571.048751,18,558369.901653,27,541121.460919,60,506726.39271,36,482635.130017,111,474518.039337,118,462689.590513,37,459578.125695,15,AG
5794570.303594,26,3565620.404634,102,3382785.940961,52,3132926.425423,27,2942267.504979,21,2581960.637888,51,1834299.733263,25,1485057.544146,28,1243218.741073,53,1151467.114881,50,1107372.319102,29,850739.063539,77,813155.638155,49,789192.172601,103,722465.558084,30,703488.045036,101,691471.365069,48,683183.024909,54,658786.32576,31,648857.902024,19,647454.681971,20,602632.425921,254,580921.614981,32,580410.567445,24,503760.227585,18,476011.813262,36,474341.774199,33,449426.392399,35,444284.066598,47,436453.752713,100,429095.388903,37,423757.688853,34,chello
6219181.384066,40,4429244.572068,14,3526908.064989,67,2829491.29151,34,1786695.402928,41,1406590.837108,48,1266995.625466,20,1216493.964928,80,1130475.385525,21,1089761.139803,39,1042787.906602,79,1034449.971597,27,841184.57641,42,838857.490746,47,825132.686372,133,792188.486003,35,765049.981639,33,764400.386817,36,726832.641417,119,694865.371538,93,693311.941992,46,638845.744002,38,633528.642263,100,605504.121871,19,603834.359297,43,600392.053206,86,598346.53076,45,507611.491281,73,501407.636315,44,466619.540331,37,447235.056002,71,420119.555409,78,piano
5933465.140046,20,4547714.306741,19,2138355.414677,18,2089128.726042,29,1620689.424629,11,1511486.979651,76,1482829.978557,25,1356266.537095,39,1312671.342868,48,1198296.396755,17,1196035.526871,16,1124332.471798,12,993946.681346,21,944685.647463,14,865531.173584,24,814999.782467,15,775765.01022,26,758991.954923,71,727514.109519,161,727340.900617,30,617051.447303,28,562519.031585,13,552014.469022,22,525878.769685,57,523101.531468,38,517037.870035,170,508470.568532,160,479669.390907,23,433638.223163,114,432044.01114,162,422479.050694,104,419027.517369,75,chello
5368612.323914,38,4839509.613214,13,4411086.409832,26,3248119.050489,14,1818736.061007,51,1514773.908869,12,1490648.027736,25,1349789.705212,37,1224755.906717,39,1139579.269491,50,920943.94157,15,838169.654833,11,769269.231243,63,740670.137132,27,738876.070229,16,711921.823108,24,691076.064997,49,624077.726715,52,544303.49348,40,526040.734674,23,509246.352435,17,417825.061489,22,417105.580679,18,403718.214659,48,403474.881957,53,390644.852685,41,377289.444536,19,376563.597022,36,371725.688502,21,348426.482545,20,342389.684965,47,336391.055759,28,tuba
6929568.968968,40,4343300.700135,112,2743924.731896,119,2595296.58226,41,1915958.480844,158,1884876.378504,118,1842670.747657,79,1130319.316469,80,1056419.191271,157,1025197.858119,39,971825.27295,159,825669.917774,113,802423.642592,42,725271.728292,120,701289.282794,38,635722.778093,110,524283.954189,111,488936.738311,197,461985.917739,109,456346.019571,156,448861.836201,81,443401.356642,43,438283.273246,37,425032.826422,114,411237.30286,78,396154.583605,121,384102.110317,108,371258.29897,44,366071.940224,36,319324.095805,122,311043.154014,67,306163.412586,107,flute
5806712.984195,26,3549606.787173,25,3313087.759628,17,2929237.505807,18,1984471.5922,33,1924911.234807,22,1847078.625815,50,1725809.220041,34,1700474.165438,49,1600653.061018,27,1572914.502625,21,1504600.366629,19,1293886.515541,24,1196917.94429,37,1099887.411549,51,953340.580641,47,916353.535791,46,896060.369864,28,887907.639857,48,839570.575436,29,755138.011652,38,755136.089459,32,685100.536257,30,628817.976766,35,597423.922001,53,555840.308842,43,528731.879634,52,496779.512483,23,419200.942432,31,413774.409405,16,384791.757268,40,375980.879044,36,tuba
7856968.858769,50,2953170.423894,198,2768488.140078,51,2699179.171218,100,2504257.561549,99,1679270.092371,149,1196435.281831,49,1076993.673862,52,761947.596776,199,748200.74793,40,734771.077337,98,707562.033733,248,657506.257777,53,644580.803079,48,568386.374132,158,555669.824328,247,523958.339875,101,491011.343691,197,423663.228523,97,422505.389768,47,396182.611861,54,368341.867508,102,349729.348441,55,349063.189243,297,300213.465887,46,277430.444755,96,276517.278787,56,262526.013963,95,247372.100872,39,246466.716435,45,235154.693299,119,232829.638315,150,flute
3500281.770096,46,2923083.953757,85,2293622.989593,91,2254817.256764,135,2058186.538262,255,1834033.139578,43,1823964.087338,89,1818174.881816,181,1765403.481286,38,1688877.25515,169,1642081.992328,127,1583276.043067,136,1426000.428001,84,1401927.139957,254,1396853.775571,170,1376668.285822,44,1315514.256009,180,1287965.945391,76,1178058.534314,126,1159225.780396,129,1156894.305304,134,1077193.517738,86,1041053.963119,42,1030590.692037,87,1002041.891483,182,998748.420813,256,986477.306256,168,978754.813127,75,925362.244654,45,904995.304722,47,885786.646421,128,855086.969115,270,chello
5779885.282584,20,5256477.835505,38,2999759.088576,76,2766135.58757,75,2631275.734891,39,2022173.118189,57,1818810.237857,19,1256244.117149,37,1094452.946283,40,912080.126244,226,773812.788646,18,725123.287021,36,698363.861579,21,615635.644444,149,592741.430701,22,538077.340506,74,533314.547057,95,515250.757534,41,513880.30327,77,506430.70284,23,454483.042937,34,449955.40403,151,448874.966908,35,447464.464655,17,432938.159359,58,412908.971616,150,410580.765322,24,399422.637632,224,392842.345096,33,385268.92027,113,382214.953405,42,349438.736731,32,chello
5235995.582714,34,3862501.29518,53,2783441.073228,67,2461632.378329,54,1544539.133675,14,1452064.525199,36,1335414.690702,52,1321507.425529,11,1191886.125999,100,1178237.79169,13,1162671.180011,12,987548.289189,55,942505.130768,15,925569.36663,27,887069.135378,62,802712.939925,35,779003.95377,51,749702.596633,33,731611.111089,18,667074.47703,28,595165.29245,16,578209.944767,49,577512.309881,50,550188.350617,19,543611.781968,56,536690.289414,60,528094.671693,40,527132.438633,39,505900.135768,38,505898.798896,41,482295.399745,134,476011.097649,45,piano
4517678.440529,34,4379036.284883,100,3233791.390766,67,3212658.081689,101,2121760.554182,26,2040748.051129,11,1455178.742393,31,1447613.824149,68,1340316.138338,469,1232617.358211,60,1227043.182519,35,1182536.728848,32,1174984.914742,99,1103712.450342,33,1095213.359508,30,946928.068355,25,882431.702211,50,853952.270745,24,842271.193404,102,770375.601823,20,739604.146875,69,700704.519002,811,695928.454747,267,652481.568323,36,643134.054003,470,591153.688935,134,585671.364783,334,573863.868016,96,570747.731772,70,549943.954131,300,548305.112787,94,536992.616664,66,AG
5779085.151397,22,5478641.715898,32,3942124.954771,11,2377939.619842,12,1821994.935254,21,1730324.830319,42,1381728.920791,43,1215012.247897,53,1087827.270224,24,794407.738898,25,791076.894535,31,746494.736657,23,665253.093909,14,624774.906963,20,595050.118421,26,588045.801478,34,583022.398249,30,560258.169565,28,540660.120334,29,516838.749395,15,512935.352545,13,494949.509405,41,408635.520323,27,378710.251131,63,343145.457995,40,341482.899176,45,294971.349013,19,285047.725566,18,284100.66986,16,254909.384149,44,240585.967177,17,233859.261412,38,tuba
7530569.146549,24,3634809.580399,23,3473648.374182,69,2479114.682162,92,1825558.488268,22,1292002.551078,21,1252941.130112,25,1080412.983011,26,947072.139193,91,848243.801453,27,794247.435871,46,771944.199301,20,703460.258542,17,656931.268314,19,615049.777863,31,561670.299585,70,518453.342208,114,491401.870616,28,437372.892519,90,429406.254503,18,428751.149579,68,417364.870717,30,395117.864231,67,382754.831026,34,363550.599973,205,316540.700543,42,315969.766544,14,306058.96276,63,303382.072196,16,267204.531757,43,266613.330768,39,266535.214581,33,chello
5728197.78178,27,3746413.126272,14,2839869.938623,40,2725463.84871,53,2679099.181891,11,2202940.788284,54,2180883.632641,30,2124525.91879,34,1419246.74441,60,1323900.831648,159,1294574.146264,20,1071435.224816,21,1014280.188673,28,949600.907034,55,930071.008649,31,847302.216198,26,845303.33223,52,690967.472413,99,670372.453025,59,618822.660214,24,606993.385824,212,593501.593886,56,568832.833116,66,552449.031775,13,543603.415272,12,527063.660481,29,492839.714448,67,491854.813974,79,481311.195816,80,480056.077263,58,460906.796445,158,443706.695545,23,piano
5612904.184043,45,3638630.642502,36,3463844.749455,30,2610796.774153,94,2333967.665707,46,2115513.887984,44,2007687.522775,31,1444968.922009,47,1333608.835034,53,1317869.885386,43,1295170.843572,93,1034141.848707,19,907635.533339,12,907429.106511,48,901752.783412,29,860301.592671,89,854921.380281,42,852239.02654,88,824828.288595,60,813127.738192,54,791537.870692,95,722920.238923,132,700368.20419,32,648787.291187,28,615359.928165,38,605568.751501,14,604574.727796,40,599990.41806,105,596499.545052,13,593133.739264,15,578087.355552,41,560394.483057,37,flute
6343077.126288,23,3387712.089506,30,2748999.682437,20,2286033.742853,21,1886596.75135,31,1852618.623693,24,1804141.026452,11,1762682.121658,22,1583335.046766,16,1102188.300656,111,1058591.861895,19,1031329.256253,29,970564.122836,25,861187.464557,28,825442.578291,119,788909.74861,89,787881.246084,18,786472.825353,60,786431.367706,88,711544.723671,17,679539.186892,118,658419.034065,15,627598.230531,33,597083.487739,110,576867.814877,74,575806.550522,133,571606.348406,26,555820.086285,27,538678.112856,47,533304.548181,45,516444.562378,104,501251.387887,59,AG
5934899.30371,60,4363038.279646,30,4187147.650327,31,3135960.799558,59,1540893.001801,90,1443877.63129,58,1296751.269278,61,1217817.98207,89,1214035.046341,29,1040218.657302,62,1019418.460544,32,853242.76349,149,835934.936107,147,821070.836042,57,815066.851691,28,770313.564869,33,757610.130753,63,713947.860488,148,653824.827522,119,601051.090206,56,567644.66533,34,566746.812415,27,563551.11142,64,555231.112809,120,461058.858195,55,450295.234388,65,442503.352349,26,425801.943086,35,412685.34775,54,400203.960868,45,398351.517013,66,369322.395988,36,flute
5729681.528654,53,3519720.020115,54,2923801.073888,106,2020470.348154,107,1997183.335601,52,1808942.816253,47,1762368.617471,30,1734933.124282,105,1702234.901201,36,1533937.67184,19,1430441.686774,18,1315725.702742,55,1266715.353076,94,1177575.354499,45,1145530.444782,49,1136905.314665,60,1114772.558903,31,1107273.38671,95,1034522.032116,93,973004.696847,50,961581.559761,159,955426.880491,51,792025.669642,158,744501.984514,59,670235.125742,24,659287.465329,20,657297.681605,108,652611.896287,103,627138.55549,56,626545.690717,16,608587.760649,22,581781.663303,46,flute
5458228.833034,27,4952871.235354,14,2504289.534786,11,2440953.841076,20,2074546.670556,21,1881499.292577,40,1672114.746544,18,1658824.300049,28,1210174.336844,60,1189428.990146,19,1172813.687726,26,1156416.990595,47,1135771.290544,93,942815.573229,17,747993.476838,22,678066.195902,25,672095.033506,15,622529.182147,45,617635.380534,29,614479.688522,13,577200.248766,31,560589.063635,34,539452.192151,12,508443.160888,23,429607.446875,24,421526.843967,39,386653.400626,54,361676.614068,41,359241.74414,32,325361.700692,100,316791.690214,16,308998.631934,30,piano
4200387.749912,24,3643665.149471,16,3636060.130062,30,3146927.385591,11,2793134.805947,40,2385104.610364,48,2278071.876031,31,1783135.695822,25,1709250.302719,15,1692015.882744,45,1606434.759586,60,1547271.935576,47,1295096.083061,21,1262982.916376,23,1194887.365475,12,1015186.594118,29,934938.457791,17,858479.358062,13,851810.736178,99,800440.581732,22,797932.573003,32,776898.393726,46,734734.817185,14,683146.010962,118,639134.501218,28,612891.426767,59,576732.893998,49,557010.541444,33,530327.890957,71,518757.885391,26,514639.956978,18,437071.894484,27,piano
5587277.312877,60,3803155.378334,38,3341295.694303,45,2786728.67571,31,2505358.681005,30,2388400.012473,23,1873676.825294,67,1819063.268137,89,1483473.788688,22,1352016.678395,75,1283006.462001,112,1015616.947291,113,943312.335599,90,843437.013407,32,818329.163463,68,805682.843788,16,802356.065095,37,647739.449584,119,647246.037368,46,630991.574016,29,624120.921281,39,620028.60624,44,609552.736849,36,537935.742461,33,521818.809297,88,521251.743148,91,514634.080391,69,504433.544362,28,480788.991927,34,445534.218891,35,442655.858952,373,438427.526481,40,AG
5705850.016095,121,4437073.315286,120,3632359.275311,23,2065319.859465,122,1953283.669762,89,1594110.737806,119,1288831.077614,71,1198624.363791,54,1178720.212602,53,1136621.711966,105,1057047.939996,16,964342.699552,45,943119.761545,52,935997.858982,22,919036.482452,106,876571.45017,109,847574.418258,60,789880.724655,55,730727.999704,102,684768.288089,108,672232.692485,58,661107.034215,116,640894.088628,104,632289.635178,123,624973.265792,19,614912.091864,363,602523.994128,36,599815.942681,110,596518.800543,44,585229.548057,15,570183.512665,59,570146.722605,101,flute
7913061.870759,48,2896377.74819,95,2370901.062631,67,2035131.906563,199,1897004.205131,133,1669504.793826,68,1188869.485701,189,1064866.128823,51,1020101.602011,47,1002358.937254,57,983960.691563,331,980618.725195,142,961097.317912,50,925885.807485,265,839794.633486,100,706363.203924,49,640201.377864,266,618826.150979,132,588188.157967,332,572091.512607,99,554026.952687,134,524868.332297,60,503746.049089,333,500637.887262,264,479266.391714,330,475176.350227,66,456039.475582,463,443009.675998,58,419374.851725,69,410454.366952,200,373846.550669,198,373590.222982,267,violin
7140812.040353,40,3879343.544757,30,2467402.41929,27,2347973.554256,31,1780619.753118,41,1528619.376575,21,1370712.98443,34,1305403.797075,53,1301630.116618,60,1155082.242926,20,925205.793036,33,901822.82817,54,892087.89408,29,818793.30134,22,812184.003927,17,810541.395928,119,795017.391886,79,776216.789838,18,722253.48638,26,708325.694409,39,668567.619681,42,626584.416912,32,604148.772861,25,591392.258157,38,580302.252724,120,577763.015144,14,568515.854227,59,528006.77009,11,526921.360523,19,519921.916282,50,506089.607407,99,459948.378878,55,flute
5823341.08761,17,5063417.830642,18,2631490.825598,26,2245681.258977,34,1880968.826069,19,1752230.183872,16,1251787.452829,25,1165880.083329,20,962459.525616,23,956469.864524,15,939959.759635,21,747963.545578,14,727503.291339,27,704944.740747,22,679601.64211,13,661939.505269,24,638494.660139,45,501558.923738,12,500021.374074,28,439544.207621,29,382423.624532,31,352128.889988,37,344179.571295,35,335079.301458,30,290422.562074,44,263854.921964,11,255413.925033,43,230128.26047,38,227472.828931,59,225976.222018,39,221590.716128,40,219563.672555,36,tuba
4650380.315942,126,4051765.035117,15,3895086.93706,22,3380467.388973,29,2633022.48236,125,2071065.517858,42,2020268.732821,43,1491932.607618,250,1446449.479207,28,1245663.981829,63,1244226.78176,14,1239453.471432,84,1039048.378922,124,1001325.729645,127,959155.706127,27,903449.56055,57,903052.705238,56,763617.28082,41,747190.25448,26,700940.372722,128,688130.08926,13,582867.517178,44,568970.599307,25,557812.348556,123,552257.955476,45,550076.307957,24,530580.086465,23,515965.409437,209,494981.221638,12,491493.495748,375,476130.599435,85,468644.676438,129,AG
8701300.571796,16,3308372.74609,31,1941658.12296,15,1689381.970708,30,1352650.432444,17,1145054.266637,45,1023829.477513,46,885423.153202,14,782353.268633,32,748758.800819,18,691196.810693,29,577137.028245,13,573483.899774,33,549661.299018,19,502372.465481,28,484604.89597,20,449696.086668,44,422223.074384,12,414497.347157,60,410817.667173,21,386627.881609,27,371482.966468,47,364190.281822,26,350972.492114,25,349352.579968,22,337693.926229,11,335301.969808,35,328640.744167,24,316550.448237,23,297332.770994,43,280628.915387,51,275103.380925,34,tuba
4271984.787314,18,3846103.644609,17,3823267.343118,14,3597220.126548,40,3585084.321456,34,1890197.862858,27,1853416.943546,11,1530193.803557,118,1360468.189501,16,1351966.712967,19,1224850.002711,119,1183033.013525,15,1088710.027599,117,928766.264831,100,890067.655721,79,857889.104581,67,826928.146835,21,796946.962216,20,729839.303036,12,702264.681961,39,688420.000752,120,673799.699018,116,614277.13746,50,613156.167499,33,612042.549814,53,596873.628498,93,571715.144617,66,566283.945572,22,541696.20054,158,528476.865403,13,500011.537013,150,488874.374577,92,flute
6231730.041476,36,5732406.361289,19,4139202.664904,18,1736373.002643,17,1574345.483646,20,1167245.549652,54,1027533.069182,21,820860.933246,35,793448.032296,37,788011.753711,22,710921.426676,15,607554.033099,53,603464.796567,14,589131.827044,23,532393.921985,30,506927.543155,24,490241.284474,25,487650.739975,27,458388.167118,13,423855.04262,26,419009.338063,45,416505.150264,16,404563.358596,34,392744.35721,71,387245.68858,12,349877.793445,55,336169.562635,11,329649.122693,29,320650.722863,28,320479.785945,60,306630.785917,38,302238.381851,52,tuba
3415400.73684,79,3120671.91041,80,3069650.140782,39,2702484.309918,41,2458749.063426,40,2386137.028518,81,2374528.090138,21,2353518.746208,78,2000043.194712,38,1642491.527063,43,1613031.832222,20,1539524.159918,22,1446008.929661,23,1279718.706873,11,1255702.246511,84,1144942.607414,126,1078810.759224,83,963362.730703,36,933129.415893,236,918998.629418,44,896663.515773,118,844090.945754,37,821672.530203,235,814011.68178,56,804226.565786,35,797907.818616,75,774315.895763,24,758225.305161,42,724420.880398,237,692798.278347,13,675295.92677,119,657039.261513,26,AG
8243977.49906,23,3018831.671047,21,1878535.281558,20,1824865.78411,11,1746996.241822,22,1679704.51587,34,1479964.491132,50,1291417.436854,12,1215736.993579,19,906789.825215,18,903074.381237,117,885606.271868,17,728768.22801,26,677843.031087,118,586810.999725,33,577986.636462,51,551020.756073,45,461784.090277,40,433995.180562,44,407059.697861,83,378064.3822,35,378019.623178,32,338798.779573,124,330789.180374,84,323648.730969,25,311073.900326,49,296527.011219,16,296306.414092,116,295940.320999,43,288780.3411,67,284091.149799,122,270297.349263,133,AG
8833834.261039,67,4158405.557187,133,2317275.093848,112,734545.14381,66,731134.402397,199,534317.853024,111,455701.685365,113,450180.445995,134,443004.494215,132,432636.434441,65,428626.657208,79,393982.602906,131,304289.897192,265,304124.067772,68,290142.398723,110,279747.034979,64,251572.153304,130,217400.843757,114,199378.607047,331,195126.319092,198,193086.863934,135,183774.955037,63,174229.638692,109,165790.136684,115,164056.998107,70,163741.818695,129,161191.829391,80,136601.330388,71,133459.425915,136,113248.469383,69,111780.717361,72,108421.111527,157,flute
6903581.377696,38,4497118.60598,34,1949722.524721,26,1938696.2486,67,1752751.669167,101,1689611.776201,100,1557909.860129,112,1260946.326883,39,1208615.128655,113,1161819.448834,68,1097382.842802,33,1009754.764861,13,963817.232776,75,924866.13993,37,767209.365233,27,681033.340178,32,660099.979431,28,635736.286172,36,627638.550889,102,626147.050891,29,604500.98275,40,588576.982941,30,583459.724843,99,581414.140298,234,573169.315373,35,547226.845895,22,528752.115461,31,527721.462117,23,523797.435612,12,506601.675074,24,502101.24028,436,491567.947066,21,AG
8300583.722424,23,2831011.529691,100,2730075.061166,12,2315969.622217,51,2051378.038552,45,1090319.551784,101,958072.437934,49,848959.722648,150,816216.796871,30,752122.578564,24,747963.22433,50,640900.022283,53,602365.316472,52,580926.572065,11,574326.896566,56,570850.554395,89,519447.340943,34,477035.996552,54,442265.553804,31,379772.482408,21,353910.818788,14,343755.705224,99,341137.240021,200,325644.815259,55,321801.545237,201,310077.4664,102,304830.534776,78,294747.174095,98,291563.439212,156,287797.955002,16,283289.809477,67,267513.244425,29,piano
5696622.145487,20,5608991.269299,19,4530961.817973,38,1738886.700277,21,1675153.573301,18,1257688.228365,22,1194007.320204,23,1177972.66837,57,1086057.375208,45,1028489.192615,17,914877.861469,56,837782.820897,37,780298.947167,16,662298.405108,24,541603.786769,26,538860.63997,15,504845.646763,39,490598.814096,36,479835.4486,25,456168.551816,55,450199.612718,27,432090.003413,14,426122.736115,28,421967.086414,34,409239.500595,31,404077.435435,58,402174.097021,30,384673.704396,33,367127.904205,75,366201.382193,13,364768.590631,35,355271.688861,29,tuba
5513962.794739,23,3667933.607891,30,3459180.204637,45,3356780.680658,16,2519317.263389,26,2278741.0263,31,2189990.159011,12,1866228.767523,15,1620692.01593,118,1383044.191619,25,1124407.495794,32,946632.041953,46,929341.021757,11,923884.858719,17,857553.145398,33,841922.490816,50,816345.823059,20,678705.021507,119,576401.231233,34,564480.152254,29,542815.011182,19,540238.341767,18,522386.542174,14,470508.558591,35,426540.295858,60,422496.166333,27,418355.033367,44,400416.067745,104,394559.750021,36,385460.700274,117,379322.549443,59,374063.545161,24,AG
5037531.448073,30,3492912.455809,40,3369648.604997,31,2574004.020012,21,2526198.717677,20,2378647.205151,60,1889503.663735,29,1599734.536103,32,1480434.532984,89,1452494.165371,16,1406670.022614,24,1393141.536027,22,1312547.700355,19,1286063.178069,23,1168346.908952,46,1042680.324824,11,1034224.914612,27,1013723.018753,39,907429.20788,33,869847.704036,28,845578.456754,18,807214.670709,15,804776.088511,41,759427.391301,71,734922.792809,50,729865.200856,90,713564.984422,49,705410.588036,37,651560.464377,36,633424.125546,25,617894.65938,38,601409.354795,195,violin
6573143.023185,40,4312116.186109,26,2356429.900684,20,1977060.481024,21,1793419.632177,11,1412544.860451,39,1395919.247101,31,1366132.484393,41,1264291.809787,61,1168040.537958,60,1101698.46446,30,1085616.041053,32,1021035.597194,59,1013730.460358,22,949451.517405,89,929277.595464,23,859853.576604,25,803377.789446,99,749251.920544,90,745896.792917,45,742066.008443,42,739657.177001,19,705210.881735,118,690613.211868,27,688170.205492,100,678237.371784,24,674241.768052,119,666010.463934,16,662023.168176,38,653801.301228,34,594138.184638,75,556593.563162,29,AG
6896800.599015,79,4794987.290931,157,3768453.669788,235,2150657.728997,50,1496308.250232,313,1488659.767597,78,1036608.504722,80,956263.11925,469,834928.569656,314,815061.610901,51,736968.117586,81,650591.830251,100,635471.422664,312,558774.125788,82,558215.904739,77,479766.88426,391,476962.256241,59,442773.495778,470,431112.741847,234,391931.887913,315,387193.563573,76,360160.532313,311,353682.722188,158,337311.086712,233,308055.605476,83,300614.211087,703,295502.976725,237,292644.321297,467,291572.375248,49,280685.512924,468,278766.691595,52,256186.900499,99,violin
4153575.012365,50,3086152.151013,49,3008397.715862,100,2910446.715938,60,2828551.867866,51,2746706.015035,99,2097811.945843,59,1959741.248553,118,1672564.532403,58,1628191.361064,198,1343245.559131,199,1225491.158613,61,1044413.441935,98,1012710.144275,177,1007657.601999,48,1000666.865302,178,996686.650219,47,936480.073437,197,933752.613581,97,898110.432813,101,883454.321736,52,871867.08647,102,871354.40239,196,862295.257132,67,854855.406906,54,800685.185177,119,721721.880785,295,703556.383689,149,691374.594715,236,690901.629544,176,679479.227163,55,667820.432752,57,violin
4317997.020442,27,4106177.77566,53,3848159.801344,89,2426320.578247,18,2234164.982777,40,2178185.503272,45,2068408.540058,20,1847070.911187,36,1830974.151852,21,1567647.407812,88,1557787.331597,19,1447407.419708,54,1364557.613048,46,1322763.885794,133,1236022.984327,14,972896.081556,132,859760.850003,17,848033.736773,28,842880.223878,90,807028.088208,52,766168.559223,80,746971.758128,51,614905.628857,39,588609.342247,16,585513.121359,48,576645.80953,38,575778.783783,176,539520.919934,87,508244.987117,55,482220.300626,50,464391.39946,60,463638.952696,37,flute
4307065.592661,24,4154239.627662,16,3591071.225028,11,3545981.834218,30,1790629.016521,20,1686102.730108,15,1646265.720818,40,1627523.335867,60,1604398.739823,31,1586363.490873,21,1359767.584909,45,1314672.22076,12,1264208.132761,48,1255470.848129,14,1235139.306559,25,1115879.870325,23,1089739.583474,13,1082652.788581,17,965533.112632,99,907102.362273,47,820348.695058,29,805908.613338,59,778874.190325,27,763903.093852,89,744910.975858,26,740217.843003,19,727893.008736,32,708731.461197,118,683429.271701,22,661892.985405,18,631963.290011,71,490851.190644,56,piano
4067724.834834,79,3939763.645671,60,3773197.383927,118,3354175.204688,59,2902659.693474,294,2416371.36596,80,1613088.485379,314,1532352.695099,158,1366461.722582,177,1349543.91026,315,1220726.254022,236,1114046.307155,471,1103660.382149,45,1031250.622758,157,973369.276476,58,927827.72785,134,922693.712061,57,902203.09459,61,848698.289916,78,840250.673244,81,824581.164297,77,727887.849778,353,648649.133433,119,638616.438397,293,620035.898054,352,580888.170843,159,579138.507399,222,571152.760208,295,569754.716149,62,566556.016961,176,526189.392727,550,526169.957562,82,violin
9734252.770347,100,1623784.922177,99,1391417.210173,297,842356.23686,98,725861.207096,298,725563.272538,158,633642.995353,97,617014.845736,102,549809.210627,101,402786.100923,296,391169.606456,79,361165.168052,157,357199.141126,199,319482.039597,104,312612.3888,95,298261.251473,103,296769.061977,96,263189.622652,80,257076.341598,94,231344.538233,299,229900.881332,236,216452.341173,93,197510.259866,105,197420.918579,107,194233.973194,92,180280.394462,78,163551.281054,300,163445.176776,90,160024.868517,295,157129.487481,495,153108.498749,159,152450.544289,106,flute
6863559.716826,90,2845416.331425,13,2333675.486,24,2226464.571064,89,2086397.1786,88,2034849.659452,27,1866182.86083,91,1735019.870227,23,1677879.844461,12,1175326.978252,30,1150758.118554,59,1098641.848672,25,1067831.616206,45,1039143.408419,18,1024940.432406,36,1011952.888021,92,1009632.50907,87,974944.21306,107,903364.197547,106,826606.958008,11,758660.604714,42,726189.214283,14,717001.327137,26,682146.385007,178,654409.794842,77,623462.085695,83,537226.966039,19,485938.938943,71,471853.472581,60,467354.728223,85,465141.407388,266,441036.314569,120,flute
6874298.064722,45,3979282.890059,34,3844311.067871,71,1956308.152197,66,1655026.372603,68,1651234.912234,36,1294448.170155,65,1272875.572847,67,1245346.675355,23,1044026.608957,89,1004724.773815,35,879445.324623,64,853570.271916,61,828205.662567,59,767823.420618,30,689214.387617,69,640973.034871,134,631343.644907,63,576807.464934,33,495406.403548,26,478198.499313,100,467440.447491,37,452859.161886,177,452328.161167,106,431915.655788,48,427991.941186,31,418564.782201,25,408169.202082,142,398126.683824,62,373499.3591,72,368526.022154,49,363052.472147,76,piano
9241512.411283,45,2076221.446344,44,1544746.90063,46,1146651.040287,88,1008946.985091,43,940676.390431,177,911015.769027,89,882476.280023,47,850110.982113,38,845109.083048,90,689892.27907,42,684033.002326,133,580580.589999,60,513507.476887,48,499100.317801,59,475382.878693,41,474078.222516,178,466810.691602,40,443729.947976,176,439595.02287,221,438189.51436,49,391768.426676,39,387698.739307,50,350927.091406,87,350270.213261,91,339245.007808,51,319173.982373,222,311423.890671,30,287498.352009,37,281265.661584,134,272403.373178,132,260495.068787,75,violin
5576274.332984,23,3817887.962397,12,3351171.198793,40,3255162.01719,50,3092320.766428,26,2368004.228492,21,2169693.058417,25,1672935.307243,20,1567090.611071,34,1188693.888079,27,1065453.498149,45,958211.973673,19,872221.07503,79,739189.954046,28,722178.006609,75,674588.564236,33,606221.389087,29,603253.67123,17,560733.843802,18,543932.931243,49,538438.037467,51,481957.256003,16,466169.60635,30,447271.114566,32,406412.809887,31,402714.801382,46,392372.869286,223,390836.332363,24,378924.520869,124,364369.78799,15,347594.483761,41,345467.414825,48,AG
4377557.666457,100,3953988.139302,157,3867133.347292,101,3332760.052553,99,3053778.515133,158,2408321.774489,79,1896233.405158,98,1665654.684209,80,1568259.35767,102,1547493.085771,159,1454824.272873,60,1375530.39996,236,1126370.248939,235,978691.737029,78,939010.611747,156,855236.468743,97,718598.691146,237,681522.8651,160,668754.903112,104,588589.289888,96,587070.528261,155,543260.628889,103,519345.228185,81,518515.296781,105,497750.007369,95,467236.884756,234,466674.01364,154,408393.685999,153,382205.77918,178,378991.759276,162,378773.20204,108,374203.983605,161,flute
3109246.811728,11,2100373.208729,38,2047937.004799,20,1850618.736111,113,1807071.241489,150,1726536.27269,19,1203038.93866,14,1198186.790295,12,1139179.798771,262,1134827.861421,39,933763.312046,225,858729.306381,15,734583.555042,16,723633.400138,18,658523.507615,76,631131.070164,17,579315.281884,37,552565.643305,26,495148.275269,13,456199.067733,21,428219.714944,75,393938.552771,40,379358.05974,36,352231.439493,299,300085.369893,77,290112.218306,151,287807.082726,149,283560.462788,114,275331.639488,112,261561.594046,35,253951.677496,224,243721.71862,41,chello
9055391.764735,23,3115929.728875,12,1564628.187751,30,1114371.462679,16,1058080.745776,22,932368.430899,24,864819.618937,74,718462.25571,45,655407.586228,31,628389.395262,88,572587.58407,15,522470.520043,118,486266.097062,77,477462.142027,44,464396.594934,89,450685.647444,20,440587.247383,34,430972.441354,133,427236.233259,25,406666.202341,29,391394.447262,19,388633.011922,17,379442.974648,11,376183.670014,78,355005.655739,26,338027.538521,121,331988.688328,165,329287.464373,27,326909.054598,18,322867.484107,32,318207.637388,28,260996.551976,33,AG
7905510.534657,54,2630417.527583,108,2470094.306328,53,2157218.593945,21,1975343.237265,48,1824055.383569,55,1505097.138945,52,1310129.483026,20,1255392.772908,106,1196529.507358,107,938901.707599,51,871649.070211,11,852256.88,47,765852.556024,49,761182.575052,50,699401.953412,75,633696.886501,105,610639.879276,19,516011.419451,40,514991.522022,22,511693.687211,35,506490.290326,56,481561.565966,24,474158.91134,16,464104.045184,30,442057.53389,104,419026.921046,45,413276.547154,31,401828.360854,18,380965.456206,17,351968.269359,57,318597.361055,99,violin
4440147.442898,100,3399332.543115,18,3064367.841122,27,2479397.365367,40,2260130.85959,19,2093003.013635,14,2083572.611839,101,2068323.388974,60,1950729.874228,53,1845259.643418,51,1659666.478072,28,1609215.187479,54,1401217.765669,41,1351472.512064,20,1311793.844893,49,1116999.082636,99,1025339.970534,15,965187.141518,21,953517.266178,50,951266.39803,17,879072.092972,45,844667.866798,102,785191.503631,26,767475.388385,42,744424.271625,89,741759.678304,47,739996.851742,93,703140.921652,44,691354.318092,46,675372.428178,23,641363.636595,29,638933.819571,48,piano
4948819.068575,40,4111566.334927,41,2626438.345088,60,2145743.33211,22,2065627.194307,21,1781536.181441,80,1584005.632097,100,1475547.393424,61,1397169.465656,42,1335190.595573,43,1289400.28975,39,1252666.579428,27,1238644.716451,38,1185657.844724,35,1174987.66737,16,1060431.773013,20,1046179.411727,59,987962.711816,24,942590.690858,45,886948.671773,36,870664.916834,13,869219.972935,159,807927.917075,17,800137.249795,63,791240.99702,49,789665.484238,238,775255.646625,23,745503.85504,31,740832.816506,62,718875.382221,18,650772.712214,47,646141.30615,33,chello
4900027.99992,47,2611285.026454,49,2340746.33344,46,2257763.95375,30,2149442.446975,48,2090123.91288,53,1903341.010124,185,1895579.244247,21,1754245.407376,139,1729728.750232,36,1406743.232895,45,1243174.193209,31,1193475.738175,184,1132264.019725,140,1114931.510603,18,1107744.396172,186,1097333.221139,51,1069072.81428,52,1066986.241895,138,1059361.887583,20,1023595.359282,231,1020365.995705,13,975984.80944,54,968457.02887,50,958165.868799,327,918910.831358,141,877688.371894,326,860568.051736,93,858668.944011,328,843945.780844,95,837278.841147,94,832245.482828,24,violin
6301735.324511,27,3711714.571169,28,2696287.473808,26,2429213.555372,32,2270959.817526,19,1895406.743406,16,1867576.057082,17,1746327.782308,36,1590753.308231,23,1433292.253942,80,1418934.439015,25,1412665.122239,18,1281640.597993,20,1012758.948808,29,989854.031299,79,951001.535996,30,872169.670535,21,826355.70716,12,818377.176518,11,790542.436395,24,777125.474038,15,772754.853261,22,746532.327394,31,702911.166015,63,625142.293917,14,459966.993724,52,423454.966713,33,407505.310784,35,389493.985242,64,367902.691926,54,360375.613603,34,324946.132706,82,AG
3474063.111373,22,3404557.448673,21,3374492.414788,23,3086570.984832,30,2505598.249959,29,2290020.176666,31,2184862.316708,25,1868675.487692,32,1797578.281295,16,1736734.382175,33,1715583.18659,15,1643151.086762,17,1641359.883437,26,1421766.008652,18,1359042.496274,28,1192363.365977,24,1054882.12277,14,1053163.792806,11,1012698.465356,19,934734.380361,12,897710.583233,34,790870.942507,46,777299.405914,45,772568.490264,118,748196.366304,27,703211.809196,119,697023.298572,47,676661.474018,120,650029.455607,121,609941.132079,20,589710.916998,38,589398.13371,117,AG
8575653.92288,25,2707995.328308,49,2552325.003906,24,1661255.068323,50,1576796.758232,97,1562280.438379,96,1322271.893007,48,1305226.204672,98,917011.847725,95,853689.212268,23,709174.083348,26,523906.526566,99,520600.276362,73,479495.789009,51,433674.209679,72,413465.296543,29,406694.367772,22,385700.48604,74,384015.890682,71,381025.438369,14,342661.951421,94,332389.827167,47,281936.191239,30,277844.373248,19,270356.882419,21,264050.038114,27,260032.498442,53,259443.503475,54,244731.917498,52,242053.603979,46,239684.22492,44,231271.136544,20,chello
8794563.091195,45,2277795.554943,89,2191080.609295,176,1876807.356571,44,1299069.724369,46,1295868.609659,88,1007968.995576,132,1003156.978365,177,884055.226264,43,816184.56472,133,785769.627237,47,642514.487904,90,571082.519119,175,568615.61203,87,562325.589129,220,521540.381369,42,477502.244218,48,470903.812073,264,462377.870647,99,448512.729362,178,437378.975917,101,433019.04832,49,430787.163465,51,430507.374129,50,402271.773845,41,366452.910948,91,346681.215395,100,343544.963432,86,334484.646735,174,294616.753885,40,294178.412484,85,293075.974369,131,flute
5878498.919422,40,3747111.53419,14,3485240.782418,45,2697915.344589,80,2056203.109608,89,1752511.057037,41,1642194.103002,27,1146416.121084,90,1114247.812645,39,1044912.161992,81,994729.988803,53,924129.918153,78,890192.17232,11,862357.750129,119,671547.309191,178,637410.087686,42,615151.112588,88,563734.233243,36,526260.055801,13,525165.03873,54,513475.042909,28,463292.220834,91,439392.682166,82,437351.786647,43,408768.495885,12,405856.113312,66,404778.464572,158,401782.896994,35,388474.00863,67,352613.541212,19,350027.982568,159,340202.605947,79,piano
6394068.02418,38,4137849.321983,150,4056812.132848,75,2287030.330752,149,1867198.868638,76,1839823.959149,112,1734004.196689,113,1312326.963602,39,1222379.312231,151,1021445.394422,77,989714.43454,187,946415.228142,148,869840.925734,74,853754.424099,37,816212.545232,152,737946.70992,188,707772.222902,40,584269.944208,78,545967.537889,114,460022.174687,36,446809.471932,73,431046.668042,147,420930.860744,153,380048.807231,79,378618.556659,299,378081.672137,186,364458.100659,146,350160.51795,41,337892.006193,189,332368.450418,115,299343.863832,298,299244.819142,145,flute
5140140.875402,225,4985579.520908,224,3892264.388041,227,2866309.169681,230,2188632.203295,229,1802012.602382,232,1545905.005109,228,1292541.730834,99,1187809.400144,114,1174721.597669,231,1056755.205764,113,996499.288771,223,924972.295054,116,863416.183128,346,837948.678864,222,830752.792849,233,807449.762064,226,728423.505559,347,719087.322174,112,675440.939722,102,655259.344171,337,619466.294909,235,597852.231924,91,549523.749362,111,547682.614616,334,531567.394832,349,496239.325835,100,486458.153452,345,471776.998549,342,467730.534676,351,466384.294288,339,448701.58561,237,chello
3690410.052889,32,3436139.419043,21,3424239.949016,17,3317357.042219,24,3078136.319209,22,3061358.790725,16,2988104.353022,25,2096474.723636,23,2046158.014135,20,1600006.64631,31,1591572.527434,33,1139018.63593,94,1055002.151831,11,1026736.247882,95,1019893.544264,19,926699.674274,12,856222.967255,18,834849.573086,27,796127.036077,14,767562.493466,63,745720.60623,34,736166.500748,29,729230.742612,15,644452.9741,36,586580.289868,48,528338.598242,64,516498.017042,96,497608.682252,47,408095.897851,93,372263.546077,30,366674.522943,71,363510.15191,28,AG
8529498.020974,26,2984058.876233,51,2317798.126995,25,1672206.150224,50,1572381.183827,27,1410509.283615,52,938211.545996,101,796103.288649,53,713874.248159,24,668666.641274,75,651821.395332,76,629262.310336,103,614604.110702,102,602488.504191,99,551142.199521,28,539632.745585,23,516688.310396,77,434703.069306,54,392072.215074,199,390266.540447,298,388282.455133,100,377953.316416,29,372192.284322,49,364212.78181,104,337625.946709,22,334438.758556,149,327792.31145,30,291882.816847,300,289859.566851,55,277988.905378,277,265131.712067,98,261485.941166,278,chello
6522832.518595,48,3563542.689151,50,2338808.70862,27,2200472.32362,47,2103781.250825,51,1920245.129992,49,1919582.627177,52,1637942.461852,95,1624877.842364,25,1593627.958713,28,1556900.94268,57,1260185.716119,53,929908.511816,76,906573.423131,29,905989.163586,74,719732.121122,100,623966.696776,19,615994.043358,142,607735.602334,60,597986.860445,198,576756.590197,197,570631.963566,98,545549.22374,59,544613.240819,73,534317.418267,45,531108.433583,99,531058.531744,22,508489.461976,46,501536.027675,23,461375.940953,55,419876.485317,38,414887.127355,97,violin
6491767.061208,45,5530063.493252,46,2220981.561592,14,1800884.484297,90,1690540.470089,44,1569443.213124,47,1535202.370329,32,1048487.746929,135,995099.008529,40,822659.504643,134,789783.66254,89,772172.296964,91,745176.054544,225,694186.467587,43,661122.765507,226,641471.142647,180,588173.777789,178,582925.320965,224,558202.64517,42,552758.745937,49,540129.977584,268,530616.500213,23,501959.627519,50,500344.660367,20,498986.874229,133,482670.421894,21,478495.717519,181,473808.389782,267,463119.943301,67,457270.827957,132,452148.314954,401,446939.414364,41,violin
3309953.232967,89,2771148.84524,178,2594432.901262,263,2507937.794812,262,2267351.250139,204,2127929.760747,261,2103394.357578,177,1811701.686437,88,1801422.330886,91,1769124.370249,176,1745664.534844,260,1622314.636421,90,1559732.957094,265,1528455.408641,175,1522226.066697,267,1481460.615307,101,1426854.960017,264,1426471.974743,181,1397160.142657,102,1310611.593716,179,1278495.730008,180,1199779.249074,205,1113978.518155,269,1084255.157162,259,1048104.831315,268,976445.799121,202,959115.54302,266,944399.232132,174,744863.336155,19,734250.809868,182,721356.987844,258,721210.986442,92,chello
8602573.052382,27,2739528.724409,28,1895762.758298,26,1867460.676291,80,1581622.079113,21,1072582.094253,29,1040505.805488,17,1027350.932675,25,985319.360964,79,862374.224247,53,813217.541429,20,766969.41022,24,747891.292823,30,678364.63592,22,670921.515325,23,614675.167302,16,588543.908074,19,574492.494131,18,537518.644496,33,524898.858448,32,473318.726271,34,462829.075827,132,450508.519712,54,445937.934714,78,431941.786687,31,407208.728934,264,400837.969865,185,395171.289671,36,388935.950777,81,385879.689016,35,375624.03016,11,310577.387914,12,AG
6314536.28804,40,3534175.785848,38,2304746.472873,27,2234949.696407,37,2144834.012935,196,1931967.265134,23,1728861.855579,45,1641533.556763,16,1253203.979802,31,1136827.35179,32,1121860.390936,36,1018439.390075,35,963320.610974,194,958219.692729,197,944767.703499,53,870364.3854,195,856919.449589,77,839484.142713,33,817591.112747,79,788224.507665,28,788018.180162,235,780994.260591,60,769031.828613,39,765939.53168,192,759386.654925,112,755830.881017,78,754812.562255,113,723229.372863,263,709337.974952,34,613686.483469,41,610972.698969,30,607026.823782,152,violin
5766225.046864,40,5423230.192597,14,2168127.347924,47,2149273.386837,48,2018158.463486,67,1516710.452664,34,1504975.381814,27,1503566.147544,21,1462642.127916,20,1412874.295772,41,1205357.155206,39,1071184.130105,80,1064168.883214,36,1039583.189272,79,949924.681961,16,936643.772767,93,898253.466078,86,880912.399626,60,804396.946157,42,800594.042906,119,718103.453861,100,712957.160937,37,669737.330402,73,643248.508028,38,599366.334952,11,597378.678912,22,494738.969383,43,492562.83817,18,488379.264475,49,480891.722793,19,463802.681961,13,448061.771404,25,piano
8962084.498032,50,1671951.062375,74,1393371.6055,49,1221060.182975,59,1131528.792326,26,1083070.140343,75,1024927.578356,25,949783.503315,99,931241.512849,37,879111.840209,112,873401.874464,117,840774.658418,60,831032.186512,111,798560.971012,48,707408.640822,58,705106.416675,51,623746.657099,38,531692.916233,124,477713.542878,47,447826.369129,123,421580.777627,39,404693.85687,100,397086.290396,296,396523.57978,73,395160.319155,255,387082.893741,109,384418.663316,327,380574.252532,113,379655.424424,294,369107.731367,52,366522.780824,254,346379.499147,149,violin
5553100.842446,14,3104696.862216,34,2150401.38118,27,2041276.714563,35,2036163.038115,30,1844336.360798,33,1720718.512296,67,1715924.608895,53,1478902.36465,13,1397090.048185,25,1300527.322619,28,1296692.487977,66,1262469.647332,12,1168053.914777,40,1153959.835717,45,1084075.031906,100,1049134.719137,29,1018836.322211,24,959505.585639,36,921676.403248,41,920761.088762,21,897439.084614,15,878706.316096,16,806260.173662,19,750883.516195,101,670502.58003,37,661551.814091,23,600599.216513,99,581144.288138,18,578080.93151,80,573007.061752,68,570735.753784,20,piano
8374404.085415,45,4380978.76176,89,2224718.030836,177,1722312.21327,221,1266898.568498,44,1006070.161181,176,868477.461555,133,846842.7091,88,821523.854524,220,520512.612265,43,498419.830208,90,413767.939798,222,411997.29783,178,332102.40336,47,287205.857294,87,279188.655505,175,248261.225696,42,242977.232856,41,242852.393106,219,241460.211438,51,228406.476192,135,227847.292334,132,207791.055161,48,204806.395277,50,181985.599047,218,172212.466167,136,170673.833123,265,169510.652273,101,156629.603426,39,154624.263556,40,152904.592737,174,148837.321705,92,flute
4746059.5598,27,3701273.070197,40,3142570.497778,14,2738885.41433,60,2536461.922421,18,2344815.441855,19,2111776.967522,21,1714652.709783,28,1489778.864591,53,1355463.251759,54,1333231.251879,36,1115933.505346,20,1105041.225296,41,860778.167002,99,840296.542862,93,786973.393883,80,748925.0404,11,728046.411366,22,715345.634588,29,675473.372816,35,658338.299502,26,651787.065299,39,536193.368511,42,520466.248139,55,517671.520888,17,487071.914947,15,479740.021771,100,463071.756942,25,455730.21711,16,421059.292857,30,385343.504088,79,378986.340278,38,piano
5182109.871158,60,4524773.701686,23,4427920.669643,119,2727856.2335,89,1524671.740699,45,1485732.639104,120,1342755.36378,118,1328300.94053,71,1309209.565599,52,1023650.438624,59,983409.423439,30,922622.649888,40,832700.967359,74,776860.269315,11,748388.088858,61,693993.457799,67,680153.707804,22,603970.871471,117,584258.681684,58,577407.626279,12,567582.995961,53,561002.390006,70,546795.596701,15,467075.215475,121,456633.501587,34,412188.785675,122,409770.791738,56,407859.303712,54,394846.047527,55,367900.376798,141,367368.515177,115,364698.496218,16,flute
5917125.167918,26,4506680.182586,17,4373094.941086,40,3122468.804509,18,1516964.801365,25,1351291.343202,16,1319578.02951,12,1183297.027926,27,1102924.921872,31,1039901.192531,19,932461.601096,15,873298.048188,79,834590.040414,34,719151.385322,30,689632.741622,32,668077.703601,28,648975.127243,20,604008.100582,11,600072.844984,14,519290.239595,39,507944.316333,89,500915.308641,24,473114.111712,50,443028.901,118,436438.158131,33,427869.750231,13,414265.341146,37,407358.510861,38,402028.332749,36,389637.408919,35,385815.746335,29,355371.118696,51,AG
5595662.463247,32,4059591.608262,33,3185326.596445,46,2320881.210334,31,1990573.843753,26,1811835.934856,45,1698240.744178,63,1527143.597086,30,1489339.576892,36,1409823.025762,135,1171015.719141,34,1166881.103143,134,1150626.268822,180,988764.609376,251,968116.923156,27,963239.125362,125,911821.9989,35,905775.870939,89,887884.69037,90,819852.726443,29,806235.271868,250,777210.636654,28,756684.56129,224,728165.921417,64,723971.473323,62,723111.909103,95,718900.428894,25,710216.063646,57,598692.812342,75,587688.542925,65,576785.854228,313,564184.272986,126,chello
8142365.890472,45,4273770.905824,89,3112800.181114,177,1426304.117818,133,1413658.196125,176,1368989.053683,221,688295.763897,44,593475.195909,220,515023.784154,175,505444.570627,178,441749.805056,88,393022.641674,40,387038.336303,46,384541.427101,41,368195.810364,90,359196.20832,174,352312.62317,43,349701.20383,80,348973.555147,222,324115.928122,265,304855.90084,219,300408.164833,179,260135.672577,42,247489.580688,91,234562.387707,87,230762.268435,47,225873.35008,134,225085.516509,180,196824.04372,173,194462.413866,79,190701.09878,181,185056.831812,218,flute
5337126.943387,40,5250659.116321,21,3076237.356603,20,2533680.23761,30,2057786.028342,41,1883097.640082,31,1859991.136398,197,1392556.257133,19,1151854.019089,22,1060183.8371,50,1012669.201533,16,1002077.340655,60,978969.8561,47,962735.315249,18,903584.300216,119,901205.846099,42,786765.788812,198,783880.143166,48,717887.488694,196,691860.620855,17,690933.745972,29,638533.059665,39,599239.652313,46,564752.971636,45,564096.330108,236,555844.699115,23,548776.789053,43,532973.806415,32,508424.134052,104,493823.464886,80,492418.39661,44,487182.085466,276,violin
4961581.269434,40,4252482.10559,27,3701908.198067,30,3142951.631981,31,1799908.704968,23,1693712.2646,39,1493651.998737,32,1362269.017213,53,1228361.763284,41,1182976.903053,45,1151799.865733,60,1106210.512414,38,986830.317968,82,942405.882377,16,937730.262663,29,919097.114865,79,871414.904883,119,867747.456263,197,866009.534577,36,829081.483903,195,828317.947365,198,819743.244363,37,791761.805096,28,714482.177657,54,705049.468786,104,700492.588102,80,692503.505645,194,679448.574456,192,669993.582078,89,655276.727722,67,649819.912127,78,592141.592409,59,violin
6717002.599786,36,3903822.524055,40,3616663.050816,53,1858470.287034,106,1820866.448651,71,1660707.979001,54,1539847.566382,27,1375366.486266,20,1261079.768173,45,1158433.1071,21,1104677.134911,41,941955.061997,23,940235.934542,18,808655.641579,39,802869.774766,19,791524.264655,105,765614.312494,141,718533.535913,80,709443.487594,52,684494.907297,38,672548.934204,119,634657.89202,37,564231.592398,118,558292.273683,55,541131.884913,42,533421.095298,35,508859.7394,107,495973.737052,123,477645.971003,158,443759.538641,140,440238.742119,124,422971.114711,56,flute
6698197.41025,20,4091912.264547,19,3657139.878643,75,3166838.475507,57,1922925.651287,21,1745704.895251,76,1133486.679195,18,1119973.665324,38,1080318.876562,22,896156.779548,39,767393.642072,17,708432.92583,23,660933.119617,149,643479.971525,74,631173.348173,225,592935.71011,24,585250.381442,150,558146.296906,16,553734.66279,37,491179.902554,77,459509.084158,25,454326.049486,15,406847.845587,73,404394.369515,26,401521.624477,188,400308.866659,14,352467.731031,36,350669.021679,169,332790.125897,28,327199.34899,78,313710.151053,27,303732.282877,29,chello
6157982.936567,22,4857942.677884,11,3524212.659207,12,3063926.106209,27,1814361.508382,17,1639781.435298,32,1080735.505495,13,1026436.851906,16,915354.523904,80,881499.554604,23,771018.881142,21,755705.013818,18,747662.8867,48,738999.413691,28,724737.950393,26,702637.797313,20,642773.543454,14,608110.451842,24,574994.328278,19,546784.6301,79,534945.939633,63,514896.011871,25,411087.421807,37,398199.187996,43,375924.182515,15,352992.830121,33,301699.800407,47,295524.341403,95,295098.666311,126,283912.46742,84,278781.163827,94,269962.488214,49,AG
3662851.762232,27,2999971.153111,12,2802586.415892,36,2386054.085821,21,2074851.663716,15,2040336.536166,13,2037407.321985,20,2015394.142284,18,1808423.215767,37,1788198.094696,14,1748069.068428,11,1652844.935759,28,1240868.940605,22,1219341.54857,25,1175223.592794,24,1101483.304415,35,1008707.625294,26,965140.19124,17,952146.322565,314,914266.50123,313,907968.352448,19,897464.786959,23,719578.035658,39,682376.041293,34,663396.799991,29,650090.799259,312,624400.335746,315,613831.623298,51,593183.028759,297,590495.169845,298,579758.682143,32,565950.587601,318,AG
3693456.849138,61,2967498.691511,59,2907444.619432,122,2289549.841847,31,2265276.714174,119,2264533.446846,62,2073880.969367,30,2066528.110429,121,1974812.651252,182,1942667.17295,36,1889039.123885,60,1578003.966072,183,1521267.32537,18,1470086.491757,120,1362529.710201,13,1276227.997604,123,1230473.298358,21,1147881.455731,181,1111209.213589,118,1075289.37064,178,1021925.307919,19,980352.73151,24,885360.941143,29,869566.091237,25,840751.482918,63,802617.234673,41,798669.964825,180,792793.555285,116,758798.962808,243,756929.095728,32,736879.502394,48,669158.140144,233,violin
6710278.455373,40,4018516.338947,79,3991102.734938,158,2271218.006819,157,1924816.427126,118,1049515.453787,78,1041782.245837,41,1024935.993659,80,955839.432511,160,947231.040121,120,921024.62719,197,915540.592669,159,915051.257008,39,868026.727031,119,822209.063451,156,703956.674917,117,683502.747747,198,682901.118034,196,666209.45588,161,600812.592104,38,574604.241201,81,565682.38565,199,559145.912532,77,551477.541562,155,544680.476978,121,540242.308068,42,458686.942453,116,447076.364874,162,401027.813094,82,388007.107145,154,383720.363335,314,379110.849173,76,flute
5373849.125114,13,3043686.673208,60,2825627.224983,19,2803528.769533,14,2403532.125572,31,2186968.32123,38,1971915.541922,39,1868435.620361,30,1848248.939228,26,1620013.235485,20,1371086.704714,37,1333424.614271,113,1330269.135235,15,1292235.709548,12,1186605.43838,112,1178522.241286,94,1157485.819832,18,943211.427931,32,932466.685115,16,908421.568181,150,894593.668602,36,861430.039037,22,846037.928543,17,763547.017639,40,739319.096719,35,713425.314438,131,660568.714,33,657340.360835,50,650190.820648,90,638382.673552,206,633304.880755,29,619253.286101,25,AG
7828331.974463,60,3472401.65261,30,2635565.921766,31,2300076.911423,89,1609921.758104,90,1599585.580576,148,1160195.565293,207,1023543.101804,29,1012129.511338,61,973553.629888,32,901189.925037,178,838543.173569,59,700509.260577,179,688764.58003,119,671006.997664,177,656489.620562,88,640317.043608,28,616893.063602,33,605854.443562,149,601836.074327,208,474528.38684,27,452906.700056,147,435833.830553,34,421625.127799,62,412709.367644,91,393869.534013,87,334519.248976,26,332850.385293,63,326055.095393,35,315179.130938,176,309420.046404,118,303766.703369,150,flute
6255782.191955,21,4835285.604615,22,3886032.457215,23,2651039.961351,40,2350001.507698,42,1330916.334431,44,1259937.806005,43,996559.256791,68,914584.269995,24,886062.146277,41,870705.320013,39,767969.068452,90,760722.191104,106,697620.000656,91,568212.308364,66,562610.906177,46,556652.781902,45,536877.869942,105,471311.84149,107,441391.797821,69,432662.994025,38,427606.539158,103,402424.151619,102,383797.034129,116,376894.683538,67,372724.478817,96,371271.469252,89,337774.896056,59,337725.453571,104,323411.998246,18,290606.248051,79,289128.740156,101,chello
7085470.293089,53,3924504.877066,54,2690117.928131,14,2381861.646933,45,1966825.840703,51,1913117.141672,105,1894184.140873,106,1843823.168689,27,1644959.28421,52,1550645.523171,32,948172.326105,46,757081.334989,47,583870.316951,50,530035.416081,49,493300.304789,34,425579.177832,67,420824.437012,28,412516.102362,103,408813.385641,93,407525.810832,89,397548.354781,48,377718.284423,56,368240.86109,33,359640.345111,55,314400.657602,31,311960.689637,66,308234.94069,102,293406.215775,29,289870.56607,80,278697.926386,104,269294.462374,44,261289.36846,57,violin
8289281.64116,53,3813823.911464,158,2677148.606837,54,1623169.969471,105,1566366.962429,52,1223616.660359,106,997199.662694,55,890295.864408,51,716275.591164,159,705659.02521,157,640975.323456,107,630483.24056,50,597058.656346,56,476053.014464,49,443230.764606,104,400691.326966,57,386178.166277,48,385031.900036,58,334819.699201,47,316465.498092,108,303789.352598,160,293094.653293,156,292666.161405,103,291499.176012,46,281057.314471,59,270947.019163,109,261099.991959,45,249849.011494,262,244636.626199,60,238040.035306,155,232134.545443,38,224352.130581,44,flute
6582263.655829,26,4594964.605992,50,4358293.444251,25,1750120.165992,27,1576239.86422,24,1513572.8616,51,1264560.641386,49,1053947.204487,28,1047459.859432,31,934481.059428,30,870943.313344,23,864751.960861,29,863981.905283,32,741381.135801,46,705920.349708,16,691617.874204,33,673406.036451,48,646305.802408,45,591236.375093,22,558930.275555,60,504521.116199,75,491074.940872,21,425747.831079,18,406286.882985,35,402402.538183,20,361765.983352,37,354673.057191,61,348099.90355,19,341793.098848,47,338562.310876,34,336604.994847,36,329743.750296,44,tuba
4705891.417399,18,4506315.118133,14,2996632.488996,27,2781165.103549,19,2691531.419842,54,2168174.070735,53,2003416.713844,40,1881700.760538,28,1409375.778168,17,1044397.725956,60,1039231.295255,51,991319.238219,16,951820.506938,15,910549.85451,41,899442.546154,50,864033.815528,20,787998.775184,93,722290.411979,52,714444.547188,26,700695.599939,55,687694.542201,36,636729.422344,13,603798.501763,25,600974.671412,11,574158.168088,22,557575.305538,49,535643.077686,12,462492.408397,47,455935.094556,29,434740.645621,67,428428.875486,48,427485.335253,56,piano
8680030.030397,60,3995454.744112,178,1833607.701465,59,1558199.696904,179,1184948.754642,119,1132239.547468,100,1128573.604868,177,762687.417962,58,594777.863128,61,474377.657626,79,455329.543948,176,397224.544831,57,389948.639945,101,323251.786599,180,314416.911962,62,307487.897201,63,294111.040158,99,267526.19907,118,264149.318439,56,250875.1204,64,223533.16376,55,216836.490609,175,202176.904018,98,199622.725022,174,194786.868752,102,176572.433158,54,167721.495798,65,158331.744115,173,153749.824365,66,152596.287163,182,143887.179811,120,143241.599989,53,flute
6298056.60442,54,6040806.388725,159,2852214.481641,53,1709052.459544,52,1583113.638757,106,1448441.398969,158,1418593.350242,55,1173128.234651,160,1030155.156967,51,889282.891225,56,884216.511951,157,737364.415482,50,605160.003821,161,593307.247438,49,583957.66028,156,571873.382241,57,500036.507258,48,486237.471952,107,456604.135504,162,435989.938377,58,423994.251781,47,387689.836792,155,375076.015291,46,364329.811456,61,364076.294896,60,353288.404255,105,339255.929971,45,330734.881291,59,327305.62409,154,308850.763683,44,302408.201437,163,284619.057683,62,flute
6294261.740673,17,4817200.819625,18,3621411.916942,34,2614105.335521,14,2185863.970422,16,1918897.019913,19,1233114.018287,15,1173252.052304,20,1057355.386382,27,1009724.857264,50,952770.538517,13,742905.637836,21,729527.766822,12,614238.497016,22,594975.771666,11,590499.016514,51,588243.548963,28,549003.054935,23,499122.55693,38,489999.720549,67,474954.781553,40,467560.183731,33,442468.936801,53,438520.427758,25,435714.286682,35,423213.445107,24,395929.053754,52,382867.169668,54,315364.255587,29,290533.494886,66,270148.299617,26,230053.183869,36,tuba
4993678.769947,34,2936973.306141,53,2428192.488532,46,2333315.138975,26,2272893.947682,44,2268905.655507,89,2023568.098899,45,2005185.42344,90,1935126.109466,67,1915027.195494,88,1853277.678501,18,1674254.163082,43,1463055.134867,27,1444876.026561,47,1360644.864865,25,1202955.67308,17,1145329.777106,91,1141115.006835,24,1110368.942315,54,1110051.371208,87,909249.804178,133,880936.337576,55,829203.940184,42,771852.117769,51,742256.992498,23,723090.838311,52,688469.037668,28,685586.241975,134,665073.219535,21,663118.510356,33,654116.422228,135,609750.87082,12,piano
4994587.974792,11,3588460.934012,27,2761762.160319,34,2756304.825369,16,2300500.772809,15,2173835.61933,21,2079863.86733,45,1971479.2511,93,1968578.70681,40,1413951.581713,17,1336486.689395,30,1268329.550582,18,1214475.060109,13,1160059.877359,14,1100515.620917,28,1073995.639411,31,1057223.033276,12,964827.845441,20,944499.655869,60,845501.837212,47,824565.457063,19,820485.801468,75,818670.201706,29,784020.758982,54,749512.140038,41,734859.478728,53,729634.000391,70,702946.010118,38,662872.875195,26,643125.700714,35,632506.531188,39,586099.057978,89,piano
4943067.519073,50,3945853.222955,51,2899550.138678,199,2831435.696643,100,2792017.53415,67,1930929.730155,49,1912003.93147,66,1604520.85035,68,1576510.764198,198,1532349.478673,133,1427886.750106,52,1189143.572224,200,1189109.794818,331,1154433.632906,330,1110570.918737,132,1078285.030446,197,956707.964071,79,863533.918333,53,822439.59103,264,783353.23849,99,748954.383621,48,720118.339135,60,668523.15342,332,664734.68822,65,616929.625691,45,607768.328305,265,603675.475094,263,600633.774809,98,559308.308542,54,549217.067236,463,529860.75402,594,526864.306681,61,violin
4047784.341308,53,3535709.847164,30,3510428.688627,36,3261146.021775,18,3225815.333164,45,2498104.958144,19,2340163.219263,54,2303141.281783,60,1756351.301221,31,1243291.568007,52,1134001.647457,20,986343.370576,119,977586.397657,29,962964.104017,55,792787.186686,17,790669.083365,21,728062.455266,51,659189.837466,124,634764.376099,24,629109.756622,26,624562.808136,22,617351.000227,27,593576.25355,61,576835.311191,59,572092.647534,32,555909.826156,56,544428.623613,23,526506.608914,37,511478.914447,28,509815.652704,106,505644.620914,49,493418.472428,46,piano
7884423.858528,26,4406634.141535,51,2086753.796266,52,1810401.159051,102,1558258.595875,27,1448453.280927,25,1012886.297562,50,980747.01515,101,978161.668552,76,799158.295574,77,751007.842835,303,686912.780036,53,618474.354087,28,541507.588749,23,528374.134202,24,509470.962737,278,485820.509664,49,471758.967717,54,439837.891744,100,438851.544812,103,433555.176191,177,399365.661249,152,395413.791392,55,358998.123975,48,356219.495519,56,354787.974818,22,350035.471829,29,331489.508055,31,326089.240532,202,316117.032735,75,298814.680671,58,298558.846027,104,chello
5489939.043227,26,5149596.506852,38,4863734.804008,13,2561085.093829,25,2499676.015047,37,1132089.380865,14,1086093.442787,50,953101.85176,24,948169.755963,39,751236.93225,51,736835.8937,12,728246.970555,40,720450.081367,49,690115.237234,23,530523.6183,15,523682.054275,53,512775.96195,35,512197.183445,27,484705.574957,52,475763.493658,16,454408.422786,28,431238.038788,36,430316.385882,29,428357.583476,22,411899.369236,34,401899.186924,11,398309.434728,21,382209.97905,17,349711.967563,20,340767.378759,33,328783.403937,18,322219.404585,41,tuba
6887618.401859,40,3374117.556064,80,2970632.707673,78,2420453.246523,66,2190700.115348,99,1763602.108875,119,1709290.430802,117,1329794.434099,41,1233977.105682,100,1155109.769017,79,894391.976783,157,874525.182379,67,824458.159112,81,785888.600936,196,692196.025176,34,688299.247503,39,671742.738899,276,664986.180234,33,647171.560176,53,638226.504159,77,612100.548863,82,593175.982835,75,574043.665774,45,562031.319349,42,556728.907477,120,524221.912486,76,514309.591709,68,489135.792952,158,479454.536975,116,478120.348335,44,464600.217127,105,463682.47545,274,violin
5117767.867668,54,4501880.9127,28,4124082.421133,27,2895244.156343,26,2582725.865659,55,1779271.585941,25,1682372.349523,52,1518562.881513,29,1486446.725591,51,1137589.270119,24,1121241.218911,50,1017000.891668,56,894415.39264,30,878573.286469,53,822072.895784,22,778759.911727,49,679477.639895,81,666016.990092,57,645709.762648,58,631526.391713,47,600216.424046,48,590279.736629,20,539031.215834,59,535208.977208,23,532353.147051,60,504297.441654,80,471480.601715,43,465677.158854,160,453045.716386,17,447802.144041,45,441921.106466,31,436386.220446,18,chello
7607517.853382,38,4263546.080083,34,2568534.545866,100,1879607.494641,67,1387019.925406,112,925687.326867,39,914196.526707,31,837213.070547,373,832361.721482,15,796794.826634,113,727829.387354,233,712431.384104,89,708830.778459,435,674744.441538,33,629920.353504,468,619952.706323,101,607490.083306,11,605052.42454,17,600576.619119,23,576041.960476,300,538150.429673,410,531571.392805,111,517974.335284,434,502001.73963,29,476105.018136,104,472595.85847,75,454712.649074,28,438287.367122,469,389349.122282,485,388430.423662,45,376046.615863,133,375087.103815,19,AG
5392465.010613,75,4460404.372707,106,3332136.229322,107,3305457.053396,105,3061543.668065,149,2010614.382472,76,1996734.775115,104,1578400.08948,74,1482686.4426,60,1150015.96939,150,951174.19267,108,879986.395374,103,795743.096832,77,759816.908185,73,658166.193721,148,597189.545134,223,587485.716935,110,570388.610435,102,538663.888812,109,498748.024273,147,472802.522067,101,456406.79272,151,449369.822584,72,412011.939688,71,385955.949552,111,380871.091872,78,359960.296484,316,359242.908028,100,355110.526338,315,354711.239919,178,347546.089386,70,345085.346721,113,flute
3831464.846303,11,1797237.460098,29,1780371.924141,13,1662713.822826,12,1461240.487612,20,908896.941567,76,904728.141419,19,898669.865089,38,742697.973257,39,693306.869182,26,689390.236629,150,590506.082878,75,434699.495501,113,417579.445596,21,332499.272493,77,318338.185205,18,305092.526845,15,302065.489232,16,295784.405548,22,256802.416448,114,253625.824576,261,242742.423828,74,237982.543017,48,222568.006082,24,217491.556571,14,216089.560102,151,215359.385941,30,214968.818504,37,214573.948207,71,209674.924337,112,199597.657515,78,194357.242649,149,chello
5975669.384011,45,4210389.32145,38,3187831.501415,89,2395784.492584,67,1781903.501878,23,1729743.979617,19,1408634.994087,90,1324366.876951,47,1280818.642426,29,1062785.109405,20,1056293.375299,46,1047389.120213,113,1047244.956324,111,1040253.039233,11,952309.158585,48,898611.702054,88,798325.608066,44,774029.341206,68,768100.177836,22,746509.604277,66,742385.767899,91,657248.412011,112,599629.105133,75,546613.430683,15,545092.928388,92,541991.825868,37,535171.080308,36,510941.425091,12,500449.341776,178,499588.649454,39,489196.650003,94,479236.545926,87,AG
4139503.124238,27,3547097.890364,26,2557504.809064,30,2014042.281323,53,1872733.919804,56,1759475.026009,57,1722043.3855,101,1635282.066069,77,1560303.952131,99,1507557.130545,104,1444986.414091,52,1222396.965643,25,1200403.036986,29,1180557.578989,54,1088205.053249,34,1072882.851249,249,1063303.851838,35,1048900.62764,37,996743.34822,105,949807.00882,76,942223.521191,74,921547.70171,200,896071.280821,108,881747.256126,250,873373.938715,226,870304.562671,198,845700.219856,39,843661.569664,38,808317.022259,78,776855.211583,103,738414.249666,33,698009.542018,228,chello
6212947.937052,47,4490391.422975,48,2671577.75937,57,2593735.270689,56,2212866.44008,75,1856989.628287,46,1630810.053833,49,1272602.254409,55,1171939.678208,45,1083955.014785,112,1032813.438858,113,943939.170659,50,894618.239471,223,889405.462182,44,886124.644663,38,843743.602822,94,831741.043574,76,775296.128174,51,746519.576071,110,705710.176738,58,688707.197605,52,647163.689572,224,620330.783273,168,612348.434739,24,558993.870223,335,523821.526834,54,515355.724469,43,509160.24896,336,488499.166961,42,451881.765473,53,440656.647485,111,436412.643553,164,violin
8354566.649032,23,2717088.525339,30,2507699.379351,12,1619739.153045,31,1548665.892011,40,1507488.726319,21,1497606.352564,26,1150223.122923,89,1104952.378111,45,1078544.938374,22,1021683.727858,60,820299.560631,39,806994.903793,32,751174.113968,33,695630.65209,59,664969.697495,24,655629.258715,25,588089.956969,29,558954.985194,34,442061.144999,41,414260.36587,27,381169.029825,28,333654.814705,50,315585.155607,118,314575.193501,207,309048.227607,37,299732.755431,44,299625.031937,38,296946.225515,17,294839.577695,19,286304.133304,79,253162.982788,117,AG
3744091.199694,36,3727782.186868,71,2514742.443457,18,2488619.41931,14,2054346.742081,34,1976278.466431,19,1611178.408036,27,1512644.198159,37,1424978.742032,141,1240063.510014,35,1115999.751325,72,1004869.597079,73,989726.246535,11,977965.395943,142,974999.382648,45,960233.759762,53,950862.246316,17,882492.080841,69,878715.34568,54,862462.122118,12,836490.759331,67,761556.632395,20,761129.315266,68,749969.716557,70,700626.375611,13,612069.56547,31,567587.648944,62,548714.787344,32,529850.184484,212,517497.090514,76,507121.848815,15,471301.659303,28,piano
4292864.25557,36,3570124.408332,54,2791999.007029,53,2587357.618854,44,2298149.273294,24,2223258.903046,30,2092779.40131,13,1871642.172515,45,1627051.508966,35,1624638.938904,106,1583640.920508,59,1540795.988468,37,1533117.018633,17,1317675.645285,19,1308463.267857,31,1276622.773253,46,1194466.491381,56,1191914.479916,105,1059275.839398,43,1041953.679021,42,939989.953257,55,914462.369803,23,912997.478676,18,897534.862117,16,858291.613791,58,776796.467638,47,740542.97504,12,734789.185877,29,706808.396584,32,701814.521594,27,690265.746187,15,664725.46221,25,flute
6442992.064597,50,3898715.349259,100,3840552.427823,51,1995062.244944,49,1915000.188059,199,1858363.848739,198,1777400.593631,149,1553185.111388,52,1519919.116108,248,1298202.301651,53,1073583.614027,48,1057943.044884,99,939226.113305,60,873565.544624,101,761314.087317,197,743289.068709,47,715973.761038,54,635292.001914,200,592130.492259,98,580548.917112,150,547677.13094,46,511992.882007,55,460975.949495,56,453044.715694,45,446233.624824,102,438149.859782,59,427247.688183,57,416365.338392,58,388562.622415,196,366009.840794,44,350469.593365,201,347218.368284,297,flute
6419886.592104,20,5581965.196446,38,3529056.127066,19,1691140.598167,39,1631848.504974,57,1566310.954177,21,1560855.196683,18,1171371.947707,37,972943.362896,17,866260.184094,23,790815.839734,16,641253.852177,22,617553.169452,40,608193.340372,15,592415.53921,36,542490.919855,14,490263.8382,56,439409.243536,13,426354.079568,12,400019.403295,24,387187.555194,11,386763.012254,25,383503.281902,35,379912.628213,41,363476.178029,45,337872.613201,34,303772.917442,33,293798.360193,42,286589.624081,27,259290.28704,43,259119.725183,26,234446.964086,58,tuba
6068815.034082,26,5003884.203397,52,3426613.259397,102,2549155.031852,51,2514052.127039,27,1533704.719058,103,1289824.280047,53,1199748.622459,25,978819.952382,28,953539.60262,77,911711.774727,50,895453.041094,24,782284.971802,54,675805.130971,21,668091.69167,101,643778.680075,254,621374.953133,23,582752.337824,55,553086.499236,29,545622.497861,56,524815.323764,49,471260.258185,20,470459.042208,104,457715.287465,100,432504.018079,57,415837.125078,30,413167.209662,280,382293.030488,59,370494.983254,48,362351.805032,18,361265.665323,153,359576.539591,19,chello
4577233.125843,18,3630928.174209,53,3547312.943935,27,3542375.325894,14,2768572.951826,54,2547820.98784,19,1438682.740011,36,1289868.696382,26,1146493.821993,28,994995.578581,52,971224.925216,55,955636.28314,35,826674.605493,15,791820.021911,34,791758.133318,13,778526.028673,11,764538.632696,93,739700.171777,22,713344.580625,21,612893.51626,51,604625.671276,17,598570.321148,20,526003.683991,29,523911.191119,62,513265.607595,45,482557.297686,56,477876.486246,12,468670.323209,24,464117.352449,124,457517.032777,50,446071.011975,67,422352.225787,48,piano
7776717.948659,36,3238165.113225,24,2440420.508507,21,2330308.022236,25,2060374.499214,23,1739345.511122,20,1520722.522032,22,1497540.6653,37,1465160.018416,35,921641.825226,71,786452.548907,38,726715.276256,48,706699.653155,47,631612.217152,34,617273.73791,27,580766.407418,18,575149.375151,176,517313.149999,13,493891.023598,32,470576.778993,17,460567.544776,26,418102.239184,43,411601.761979,39,383589.613144,15,375256.753208,19,367284.712617,126,340340.313928,49,333119.784293,44,328317.204966,236,322213.316621,175,317036.32502,46,308658.770314,84,AG
6782389.988495,23,5617826.54131,24,2197024.216561,68,2143457.857742,25,1931885.971018,22,1059074.421133,18,966230.153176,26,869088.779626,27,863182.707572,29,797698.218945,69,775606.631569,16,756925.928105,21,724406.588978,19,637498.776779,66,610653.537259,113,608168.560138,17,573310.854214,70,560312.032487,46,559168.248677,67,551309.998222,71,546805.56468,31,541517.909709,35,453317.73676,92,444061.584478,45,426675.036557,32,414510.766347,40,387246.684895,64,383940.692438,20,381372.754577,14,369613.991313,38,366258.917627,42,359926.858995,41,chello
9244928.846155,38,1809827.484654,67,1529691.825795,45,1411769.631245,19,1277299.872261,112,1085333.840939,113,945283.727149,94,716691.660533,68,650772.194305,29,643891.921213,20,515640.395722,46,489155.62835,23,489101.575238,47,487723.636678,111,486638.199762,57,469797.583759,21,422813.59361,24,409964.627514,25,399551.908568,69,390270.494284,18,389456.375519,93,365095.486382,42,362501.445056,28,348886.637654,89,343031.841671,27,340176.274437,36,328904.948113,56,326313.311787,22,310635.40861,40,298348.44373,37,287108.044503,75,268523.141529,26,AG
3930900.689066,26,3369839.605801,19,2964905.363304,29,2053477.930493,38,1940627.49458,15,1875065.708929,67,1747486.939415,20,1582305.095083,43,1578548.774306,45,1457514.507643,13,1439639.974681,25,1390428.703082,50,1383731.834504,48,1284684.839877,60,1270919.176449,28,1228389.025424,89,1157929.213742,47,1100466.972855,57,1076411.238522,66,984642.402369,23,959700.407217,21,922855.05946,39,913717.580567,51,908897.611892,111,901435.099908,68,858431.420804,37,851698.595206,113,805930.188458,112,774946.673322,90,742526.336242,11,739502.180408,94,640731.292532,17,AG
6280952.708743,52,5196940.319036,26,3171600.262554,103,3093618.131477,27,1616233.381551,25,1196027.521186,51,1040643.082272,28,1013739.032337,53,994007.286694,102,932297.255253,24,905509.625171,78,769419.578737,101,753618.770619,77,651780.704719,100,649128.047413,29,604173.643424,23,600195.590879,50,566285.210396,30,554240.041314,205,533563.699655,76,528123.573422,129,510044.345518,154,464016.100596,104,452222.962699,22,441531.869059,128,427266.993745,31,387031.723036,256,354848.992682,49,352614.534252,99,351404.346448,281,345452.918521,21,335324.762503,32,chello
5753501.203703,22,5100586.074361,21,2978297.973638,27,2910943.794484,20,2542530.022107,17,2105481.195458,16,1878652.052172,23,1560898.117053,11,1351808.023825,12,1032227.344632,32,853688.58523,15,853130.568771,28,780662.513494,14,734124.673797,26,632902.31451,80,630279.837695,24,625340.801406,18,592323.587905,33,554007.711985,94,538757.689866,95,479499.29538,30,423778.276312,47,400447.127485,25,394297.286527,53,387830.520528,63,368365.177574,19,353968.094169,40,285582.49259,64,280028.19805,34,272836.528631,48,267136.933292,37,255795.338988,84,AG
5861322.79601,11,4772310.502554,60,3134215.458703,30,2906221.304361,31,2356835.916663,40,2013777.877138,26,1350741.906294,119,1280360.840674,208,1251001.326221,41,1226164.422574,20,1165027.216314,29,960284.409955,51,845297.595451,21,823228.195082,75,804015.97248,32,785438.593361,22,680972.009705,28,662824.447822,33,642337.186855,39,591636.361017,90,518746.464734,357,518343.726606,100,494684.085029,25,481640.624866,27,455718.406425,59,417643.213682,42,414302.081959,38,394157.071707,50,383522.545721,24,380594.310874,178,366713.796807,89,363310.766102,23,AG
5931541.484429,17,4945659.943126,34,4803744.866606,18,2097170.03437,50,1916350.974257,16,1380507.796152,19,1295310.303722,36,1115665.691918,15,1073465.503152,20,1048697.03377,51,828774.535407,14,812909.451094,21,739891.173803,13,689146.272259,33,589053.260158,12,527705.236291,11,437318.557076,67,418701.575366,49,387895.790863,35,382147.866043,32,368240.712639,52,363815.334583,22,359089.681899,37,342626.707517,54,313679.209409,23,287582.696712,53,260128.662322,24,228510.953387,31,211759.431013,25,180556.282305,48,180130.903099,26,170165.228478,39,tuba
7955237.314469,60,3293669.638626,59,2507736.698205,178,1992944.280766,177,1743575.013151,50,1716882.419558,51,1665220.934001,119,1406166.372081,58,775252.879887,57,771130.204837,52,679075.610548,248,668572.087293,61,664766.363886,62,631923.966754,149,609549.469539,56,602813.559596,120,590054.491526,176,551183.414171,40,549792.8238,53,549621.799447,54,529050.499592,55,515428.796545,49,475317.616249,63,466226.865149,100,394694.569752,48,386274.309746,99,378288.811777,118,365045.810354,101,345942.602951,64,334025.69192,199,318475.373984,247,305260.953699,65,flute
8534033.483104,23,3383773.517146,30,1846050.534578,31,1436068.595044,16,1064664.776417,12,959989.916819,29,930874.113087,60,906162.808457,11,882654.757339,133,879097.664287,15,844206.801984,45,799173.325637,118,795941.139202,74,769756.057813,111,756374.132181,32,664364.109669,110,589793.80218,119,553711.594704,28,542257.035203,88,537270.177168,67,463036.40127,27,457222.327117,33,445092.974365,59,439310.920282,14,422278.031074,104,405241.60605,24,397647.516352,26,378069.575222,17,360949.524393,25,357172.022877,13,347974.612024,207,320684.63466,61,AG
4250971.689469,100,4066106.258058,157,3787667.011645,101,3286718.021096,158,3217330.950393,99,2570108.942031,79,1852376.534879,98,1737513.804505,80,1595552.012872,102,1449519.927011,159,1418324.180523,60,1402957.556734,236,1122022.474496,235,909498.367984,78,897449.514124,156,883241.631702,97,704336.654795,237,645244.688018,160,599251.212308,104,585033.272435,96,555719.428236,155,518729.849609,105,495859.806078,103,475166.658429,154,470982.276517,95,459469.037533,81,448969.300625,161,432638.878933,234,415230.14887,153,391661.125844,178,381624.376752,162,369390.513511,94,flute
8735877.391882,16,3395387.186599,31,2015153.9043,30,1709476.003935,15,1424403.470812,45,1100338.2157,17,1004208.0276,46,792905.279682,14,733461.574766,18,732139.034405,32,648088.424136,19,628227.556683,29,572348.992019,13,439636.176467,28,393983.214497,12,370548.579364,33,336576.930617,11,331814.428335,47,320506.519466,34,310431.608196,20,298535.137446,27,291729.967006,21,284291.113077,26,266505.884581,49,264393.606914,50,260882.724556,25,258918.700862,60,255043.038224,22,247148.085175,24,239264.734594,44,237685.473509,48,226551.205795,23,tuba
5194861.188763,31,3340572.180093,22,3122508.668189,19,2392206.073453,18,2357211.24948,64,2323925.393973,26,2010308.776796,29,1893228.081046,150,1449503.773606,61,1368739.323748,120,1243958.086152,20,1208317.632759,148,1183733.738534,57,1175607.859112,60,1127157.231871,85,1124391.942973,27,1118313.244127,90,954710.732782,32,901884.526388,149,886681.191592,21,855754.36921,209,851015.237809,299,836122.678644,76,742754.300619,30,742260.682972,23,718547.182278,52,714335.707229,269,713425.83618,28,678801.83552,17,639161.987054,25,595761.954503,252,587308.190323,62,chello
7477629.110757,38,2792499.440821,13,2576423.829125,31,2558057.666327,60,2053924.018005,30,1451446.95238,20,1403099.773526,14,1191145.678922,22,1178944.367242,19,1119873.089077,25,1118644.631119,23,930697.640835,24,878095.747034,21,851496.037176,94,821383.747433,90,819759.657938,32,762364.12905,29,749008.425216,39,734030.742099,18,731103.47741,35,692009.555075,89,683804.411088,15,656532.439815,11,613669.426608,113,589902.302765,17,568774.340138,119,551532.079486,149,544207.058568,36,518796.731745,37,494463.250449,33,447648.578762,16,421707.875989,297,AG
5744663.485376,30,3808688.786449,31,2909311.521071,40,2801029.208057,21,1917121.591207,60,1762430.103017,20,1729873.258932,32,1704023.136332,16,1490980.880266,29,1440512.971819,45,1364409.541749,11,1356014.871648,19,1262546.245232,39,1150651.929223,24,1088957.511868,48,1022232.937653,33,941223.100341,28,819386.404064,71,799800.458877,15,790516.847807,18,758272.846778,89,721994.435208,41,721086.294608,47,642183.216528,22,622318.776582,118,616561.021111,27,603318.538778,14,596250.070746,25,587343.880436,13,582627.816376,12,576053.73094,119,558693.747339,117,violin
7985666.390475,60,3319289.722162,59,2534359.842799,178,2014909.822475,177,1673866.771517,51,1644504.371081,119,1610033.015713,50,1417930.996452,58,779441.409555,52,765862.028367,57,719267.328651,61,676338.741058,62,660365.542279,248,618325.281383,149,593106.70636,56,592812.829136,120,576872.322832,53,576081.322495,176,545772.013161,40,519733.077438,55,510348.442608,54,479221.521783,49,464173.849853,63,407049.678083,100,380947.067378,118,360277.276607,99,352196.556566,101,344934.32612,48,335140.018641,64,323405.158972,199,310002.767932,65,300674.87716,179,flute
5370447.901542,113,5096608.384123,112,3077553.030439,158,2994719.287047,157,2971904.703883,111,2157237.849626,79,1473671.93899,114,1462417.109025,110,1246585.875979,80,996937.214463,115,872290.255597,67,862359.400587,236,838218.541247,109,801790.377152,116,748530.167117,156,650696.976322,108,632590.30504,133,600856.885714,117,585613.883963,155,515825.806503,118,515608.885564,107,499049.946149,235,479847.022708,159,476992.793321,119,421785.897198,106,386498.678585,237,382089.457341,120,360863.296728,105,349615.056476,154,336752.246262,104,327461.137574,47,327059.297156,121,flute
