9446330.951304,21,1818173.417066,22,1411691.536606,14,1272025.877224,20,1085065.885459,42,1076481.419405,100,1075217.429974,41,807780.04912,19,619463.346815,101,552163.984366,40,478291.781336,43,465363.302606,44,464642.201836,45,337598.360127,27,334808.945259,46,328652.08841,34,322515.497652,16,306262.355806,102,305670.229879,80,274975.561778,99,265362.642034,18,265334.584969,33,262113.242317,81,261050.313426,38,250715.361867,25,250105.910356,31,234832.106912,39,232895.832513,37,221865.434596,35,208396.011564,60,204890.432258,50,202878.083206,83,chello
6545016.789294,36,4743131.817216,24,2325964.493877,13,1612489.227946,32,1517224.553082,18,1509330.390882,23,1385122.70431,94,1372442.62984,35,1218517.030104,17,1178805.477223,16,1088136.351077,12,1049153.282946,14,1022519.025196,106,1004655.963313,19,978544.615477,15,970732.457029,22,927685.357812,71,924703.896514,25,860330.182311,34,848039.504507,11,821012.533279,33,756439.539751,20,689718.035172,37,648844.364708,83,611445.704409,30,601746.786069,28,598129.75163,29,554881.18201,176,534860.540009,63,508223.471386,82,506991.960651,31,504613.52745,27,AG
6196920.935911,14,2544762.882936,30,2440063.997904,31,1165204.948982,11,821785.537343,29,721109.61359,32,686388.723455,27,673115.0174,28,672869.888461,19,592040.445983,20,546888.117056,16,515365.529828,15,497561.708393,17,460266.381699,33,458680.620863,12,443072.90015,21,402799.737712,18,396359.800223,26,318458.675996,34,292548.809022,50,281620.263604,47,218081.649473,13,216006.164289,37,209267.932991,25,205413.359588,36,197706.911481,40,193448.097603,38,192214.81686,23,182075.013271,24,146740.529431,44,141645.874715,52,129461.901751,35,chello
5200156.884233,19,4254309.24192,18,1743559.327721,11,1730558.671021,12,1458982.672264,21,1419865.921338,17,971604.220917,45,767617.705206,28,735899.693592,15,687163.860405,22,679515.792666,35,673281.549372,20,612410.399877,14,610089.668145,39,578754.124216,27,571616.707911,46,569436.457168,13,549974.662908,44,513785.785075,36,506749.024897,32,498768.118136,38,468444.84746,24,438694.318917,29,392150.511553,26,388869.862499,23,378816.928053,16,323475.11693,25,309178.652809,34,308804.82462,42,290797.351982,33,271773.74506,41,206094.921549,31,tuba
5734449.530717,23,4074305.402221,13,3813281.279738,14,2617426.719654,15,2580706.463249,12,2353424.642293,21,2145364.356717,11,1638661.641545,45,1613310.935941,24,1168491.774976,16,1163994.336759,25,877400.850735,40,816020.056648,22,767614.779373,19,726780.824236,20,685751.613501,18,678040.095193,112,675697.41628,39,646836.545183,134,636154.20714,17,606949.282395,30,477280.643653,41,431520.00875,26,425068.186865,246,377299.081345,27,373075.044734,89,371519.904077,38,330577.363703,28,319349.423014,33,313120.177197,111,290235.010037,156,284253.551546,31,AG
6240282.371284,13,2817254.720164,20,2797908.127732,12,2196017.040371,21,2179008.558938,26,2174498.346641,11,2157981.005286,14,2108034.870645,19,1938722.686933,15,1505810.045924,22,1371569.442005,25,1185724.393068,18,1091842.820265,32,1021363.476514,40,967258.751437,34,916778.128331,41,865742.368935,38,801349.137527,39,725092.728184,31,691863.723412,30,681658.456906,16,660147.669524,59,646629.668763,23,634064.731496,17,582913.726428,42,581279.556571,50,575432.620569,45,566789.890147,35,560748.485066,98,528125.853004,27,513085.225749,99,505776.537211,33,AG
8277116.998281,16,1435313.145112,46,1175235.567323,23,991756.968277,24,830585.906156,31,698937.659876,38,645793.018959,11,644785.270063,17,594961.934951,39,447544.031805,18,435929.114373,12,414884.771647,22,387677.039543,25,375181.707941,45,305903.257813,40,305885.677146,20,282110.22223,19,279737.910944,21,270610.113295,26,251280.430814,41,237060.90493,13,236949.335845,44,232278.116979,53,220863.450969,43,219932.962318,42,209038.420387,27,204452.895634,30,195278.669472,28,190643.253716,29,167006.512934,15,147249.918841,14,144129.912697,37,tuba
2239732.563769,15,2237147.504771,19,1588769.536252,12,1580531.508468,20,1285067.486036,17,1221473.386076,16,1129496.271225,18,888034.337975,13,836464.168272,22,822466.045069,27,787234.785957,23,743057.032071,11,703820.405843,28,664970.972418,25,599882.931928,29,592342.040188,14,579916.00314,26,568286.630305,31,428880.575343,30,389850.847355,33,375828.935827,40,375604.499352,32,361786.886455,171,343574.756609,47,320218.530281,193,307089.695362,178,303768.665307,114,302740.8937,113,285483.131069,179,276390.079948,162,275515.634406,144,273533.901423,36,AG
5974597.041416,40,2569502.253982,15,1859448.278614,43,1688174.719068,119,1584832.696119,84,1230099.811665,39,1165127.317481,32,1085149.546292,16,1035149.929788,29,957549.00357,47,957531.042395,19,955255.92238,20,933925.033309,53,929420.320783,48,926613.245887,28,901820.910522,21,898540.814334,41,794044.920425,42,785667.045953,38,785310.258026,44,756050.395151,159,733871.729151,158,613001.418509,46,590327.028169,45,584464.716012,85,550306.197648,198,523900.323996,199,507799.652216,11,503999.194385,168,491133.208166,22,443633.506606,24,433894.751993,12,piano
4476611.704913,217,3148591.264427,172,2651847.229345,173,2456953.41417,146,2439546.150124,216,2004301.052557,87,1802923.910697,218,1696332.831813,86,1620204.830476,78,1602164.389667,171,1554874.741579,145,1493027.155608,82,1481825.083208,83,1344521.341668,144,1260895.436682,228,1105310.257497,76,1095556.124335,149,1092855.335246,221,1081848.816742,174,1035726.749992,227,963218.123623,222,926226.691494,81,876808.192215,147,867183.493764,155,856332.260522,235,855987.893091,88,850731.076549,74,850505.731336,219,800535.867679,225,789027.737387,156,758511.180812,247,708749.279489,258,violin
9462627.482047,15,3163978.496123,36,833410.239166,19,812953.004287,14,779836.864521,16,456079.273911,18,391888.707498,35,364904.396487,17,349048.174806,13,322937.794041,37,306877.805973,29,280729.250721,20,246186.105301,22,240372.886381,34,227788.951398,21,223691.934472,38,217830.271536,39,203248.027784,28,183938.217258,27,180595.59548,25,180086.747771,12,179304.111479,32,158701.092392,26,149237.000322,24,132700.503819,23,117305.622754,30,99879.356008,31,98681.955847,40,98002.709639,11,90986.7893,57,90231.638071,33,88657.659176,41,AG
7584429.425227,28,4199033.722227,29,2481984.353133,56,2131339.824923,111,1498031.521882,27,1497985.307403,30,1100925.739016,26,1045795.681079,110,991384.291526,55,959330.435416,52,880574.854181,31,794857.134644,25,739079.726455,112,718510.512052,138,648141.397329,24,595618.917052,109,551322.22814,32,517057.016154,33,500025.559179,54,482145.979528,53,477899.78546,23,447617.865996,57,420222.284429,22,395936.088512,193,380565.90818,21,372851.641161,34,363631.518331,11,348309.658742,20,348176.697164,114,346958.829344,113,324474.79351,35,317199.192647,19,violin
6517896.394807,15,5777463.800759,29,2716672.519176,36,2495702.277249,16,1579766.97931,22,744184.197764,14,735849.286189,17,633226.099338,28,585581.972809,30,565549.185962,64,400816.705222,31,399175.163429,37,385827.518733,26,380380.441212,13,379463.453962,27,373567.264737,25,370263.791235,18,348755.452441,43,345603.578928,12,339703.603024,24,325119.227526,19,318671.723576,21,307735.265677,71,305103.037957,11,304743.055818,23,291044.334936,20,276236.371652,65,211098.875147,51,194614.202828,57,193008.288279,35,171530.32692,45,158569.906186,50,chello
4952367.113632,12,3388283.658117,16,2860932.408503,38,2332353.786149,112,1989104.221566,11,1940849.035432,45,1791306.540567,30,1695513.890079,22,1609110.288408,23,1563440.56205,111,1514920.944249,222,1418890.41259,15,1341729.855763,13,1235541.75997,223,1209657.080073,408,1193288.679393,17,1177973.722465,31,1129587.730208,260,1072860.893937,259,1067736.635872,60,921130.013554,19,886942.611347,18,838066.367585,21,800180.532274,29,764888.578758,149,753218.097833,37,735087.663264,113,732220.022246,44,682928.950906,24,676696.61039,39,625009.079465,59,587868.833915,119,AG
4020789.673217,100,2710910.720187,264,2487187.69485,12,2390704.95626,31,2295569.857139,99,2192182.478373,30,2109791.776237,34,2060146.008463,297,1865011.207019,132,1856464.626594,17,1685281.018357,165,1622169.978614,11,1537861.840001,231,1506534.597387,133,1401047.504457,363,1324582.597358,23,1230040.646357,40,1196896.400618,60,1033584.478855,32,937368.148433,396,930888.86485,14,918313.132679,265,891428.936104,20,884306.540901,33,862046.54084,22,857499.142986,101,820486.94983,13,811412.106237,119,807116.960295,148,771168.380167,98,743296.744668,198,739093.907469,177,AG
6069069.229437,21,3971987.411477,18,3196015.54258,16,2961524.298482,32,2241542.701713,36,2213772.881111,17,1975147.665672,19,1832180.78471,24,1491961.154281,22,1138544.405205,15,1099858.767231,94,950691.880791,23,851568.067518,20,786434.886835,35,764827.945548,11,713683.105999,12,644795.494307,40,630548.263462,79,628845.238974,149,616078.070932,14,554564.090506,48,549548.911111,176,478993.397516,130,471804.356993,53,468576.899472,47,468398.970299,25,464774.456045,80,448375.337487,30,442352.092805,71,432857.454089,31,430539.538815,70,413532.457481,13,AG
5985346.810749,19,3413697.338853,18,1859814.261564,17,1559871.151758,20,1389385.693092,11,1358695.99677,12,1177249.992513,27,1072864.323236,16,1021838.153734,28,933312.381823,21,870679.296073,15,839877.117796,14,742255.095335,13,719479.573703,36,612471.171211,45,591672.080485,26,588655.317068,22,495412.482453,23,461654.315669,29,447049.438517,37,383781.632484,25,375216.171256,24,260125.397962,30,259050.310333,35,238420.461281,46,206032.650439,32,199683.93504,33,183675.959883,38,170215.882827,34,164550.484457,31,135388.665759,63,131721.382966,44,tuba
7904352.094052,18,1540015.106147,11,1078261.148637,27,1039963.600398,35,906901.108776,12,836294.757435,26,625312.674011,13,482045.356209,14,347555.995083,16,345836.257459,20,325842.417013,15,317680.359075,19,268397.049601,21,256102.608629,17,226372.546487,44,214660.421901,25,212179.849374,36,205078.285086,29,198115.555101,43,194310.610656,23,191070.436581,37,189572.807208,22,184803.975786,28,176528.526788,30,174516.364416,46,173951.976869,24,146211.729061,31,145797.862359,47,137422.471929,38,137124.717643,39,134851.889958,45,134789.30677,32,tuba
4522620.728253,60,3578166.339363,95,3461173.12409,48,2831019.342833,89,2719062.722901,30,2680319.216521,47,2110745.024479,189,1743415.873058,61,1536443.62615,88,1512727.38763,188,1436987.451679,238,1418648.428531,179,1188174.2756,142,1079088.974346,31,988809.740395,239,895176.560279,240,805412.487605,187,757855.820806,62,737843.503744,59,734118.144318,93,732133.714341,190,725598.36144,148,723929.426421,119,645421.665801,96,625646.007916,147,618437.630966,45,602829.86226,46,595043.30403,149,529999.423144,178,502270.950162,118,491297.779851,235,471512.721651,87,violin
8047726.615978,40,3289438.572475,41,2025601.628838,17,1790291.740708,79,1784863.469713,80,1732917.96,39,1255322.168645,42,1178220.296392,16,1118938.799585,38,938858.394716,24,931870.786977,44,840378.306934,71,731642.036111,43,690454.028594,37,688424.129101,36,687176.925838,18,628364.239821,78,610915.501964,25,607220.426513,46,605518.015104,48,588108.223814,45,546406.843313,47,499115.448348,32,478893.438023,81,435678.280367,35,434396.02299,34,429732.649744,19,410236.111643,15,384744.354576,77,353250.505834,23,344364.89301,142,339562.614847,28,piano
1634539.611528,63,1092573.703368,11,765477.778764,94,606067.16264,64,496132.72259,93,325391.247209,47,289306.033782,14,270590.842333,62,268558.922996,249,250493.321728,95,227954.549606,65,222140.50858,15,216450.30952,17,211779.893954,18,210451.999188,19,199966.920772,92,197622.485627,187,166854.850497,125,162040.231259,21,159968.507823,61,153485.510672,96,149326.026658,312,146428.704491,99,141832.769817,12,136014.277288,50,132061.605466,23,130200.792095,66,129366.986352,20,128500.841492,186,126409.105041,22,120464.79128,60,120130.373804,51,violin
5547091.237393,54,4377653.513504,53,3857307.913794,71,3184938.455625,40,1907368.706907,27,1617232.268645,41,1555460.199035,52,1468827.619539,51,1402550.140895,55,1393014.243894,72,1266585.377683,70,918357.244372,65,892233.529518,39,801165.798663,56,789691.954527,68,739098.251165,57,736063.316181,67,718785.173987,73,637279.819834,42,600193.705305,62,581668.571154,38,578600.113787,21,571226.850932,64,565329.669076,77,562090.601512,79,555185.945545,61,540319.184606,74,534985.278789,78,526908.069235,58,518884.991256,75,505985.936971,43,482578.840302,69,piano
9554161.413598,12,1770213.855652,13,1370313.690169,11,1360660.965791,23,1038770.476685,34,867147.013009,35,786466.777267,14,717806.56693,24,455262.518287,15,380960.720195,46,349308.874365,25,327103.576453,36,322015.693275,16,289042.207632,33,238606.774331,17,234050.312345,26,225071.16135,37,210484.048302,22,199881.784274,27,197486.033341,45,196932.024093,32,180058.884502,28,172623.137374,38,160394.863051,18,158925.816814,30,152011.112896,29,151839.043848,47,148558.864252,31,142167.755953,79,137530.435099,101,135802.633981,39,131062.159311,19,tuba
5207986.756865,19,4986852.621453,18,2589151.044944,20,2067303.185785,11,1541749.097572,28,1460495.539244,27,1391632.872742,21,1029530.123517,26,1023072.307523,22,929285.902966,16,928508.812814,24,893280.150841,45,866415.03289,17,751109.284839,23,602023.459891,25,539013.022836,29,516872.221136,12,448031.472628,35,346393.623933,15,320446.425753,44,306508.967525,34,273422.076424,46,265756.130126,30,232733.819284,31,229142.612706,14,205002.675122,33,197885.031955,72,174858.522342,47,170633.715197,54,170498.060291,81,160471.469398,53,157195.877268,71,tuba
5213999.619639,24,4463958.303208,30,3204717.023298,25,1812398.460905,94,1756021.145687,19,1742049.428248,89,1717645.866458,20,1636682.541227,29,1488346.278158,48,1463203.049919,26,1454499.354927,31,1338470.777566,18,1150298.297828,23,1099363.025631,12,1094870.566853,21,1078951.159474,17,990179.775387,148,965468.19923,27,964629.579334,11,936745.12006,177,924982.907669,28,920696.442583,118,910915.870065,22,864885.234325,16,683990.559008,47,592298.677408,13,542188.848633,71,540449.479352,33,513348.217527,32,506344.280052,49,472046.872478,95,456006.458199,119,AG
6815093.214151,100,6631973.838373,99,1492347.842873,98,1435188.190416,106,1415556.970221,297,913735.706012,97,722600.715867,96,685413.496545,107,669265.444948,120,595281.872742,296,575544.35543,198,554446.441261,103,549552.64962,101,513834.954809,102,489988.373711,95,458724.884505,108,449692.465569,119,434952.736089,121,412830.817599,118,372976.50345,93,363869.438745,94,347738.88005,122,313252.816929,109,311834.554997,197,311486.518187,105,284698.341063,117,272308.429361,91,271088.426264,92,264051.351096,123,256415.2094,90,233793.723875,89,226837.331423,88,flute
8230149.617037,67,2878364.63343,68,2875527.033786,133,2513351.967795,66,1324721.016674,65,1284132.778124,69,1205722.07918,134,1185235.837162,132,1087754.477605,60,847017.848966,64,821562.574617,199,785531.292675,70,668492.210682,131,532945.187162,63,490081.524795,71,485710.836189,135,449461.315016,62,391385.821477,61,375306.224129,136,370347.938153,130,359558.871448,72,347311.481616,73,337185.063664,59,310108.138769,265,288122.759446,74,286965.750675,198,272522.831954,137,244802.040232,75,244694.06082,331,241086.044596,129,226097.33732,58,224676.737202,138,flute
7982987.094565,23,3272383.034,67,3144006.031803,45,1252102.124279,200,1193101.52767,89,1104407.24599,155,1006273.577644,12,961864.717328,40,939258.040701,199,904478.606658,19,903732.6595,266,857649.154611,11,795232.286181,111,727835.624756,156,629025.283118,244,604110.284931,66,596812.328688,133,596764.533626,68,582409.663221,178,500578.578661,24,490432.854357,132,480921.035706,22,464810.75345,110,455902.849666,221,453946.065944,243,434386.688057,70,430563.137047,201,429598.056477,38,426544.046685,94,416933.746268,222,408482.796768,39,393538.792279,134,chello
5480375.767428,47,4951169.170982,63,3018685.055951,374,2296029.767734,125,1950016.569347,94,1830629.930612,64,1698503.525729,187,1602378.808227,32,1535489.622066,46,1261692.857611,250,1172562.325693,126,1171356.800761,93,1018615.298874,57,978109.243997,312,868816.772265,62,817745.44228,45,749596.606648,188,724781.279883,39,721709.446779,186,717208.251659,95,700907.188122,49,673865.358126,140,614756.083084,44,614210.415828,373,604643.057958,185,586083.12827,92,557637.742509,55,534135.248708,48,527880.793276,124,482803.752134,31,454824.558659,33,423179.546203,40,violin
4196401.154579,20,3702717.298539,13,3030690.696102,19,2733682.550077,45,2571326.787892,46,2275813.870797,26,1958094.299167,32,1760157.848427,135,1551417.62977,18,1476720.925393,134,1317711.034702,12,1241175.826582,14,1158062.358766,57,1091361.775679,21,918406.443464,11,848319.111267,268,838627.049359,224,787132.641255,22,697260.82555,179,677780.464134,27,616206.116973,33,605563.504162,90,569425.880989,39,549046.306597,16,535296.538959,17,508032.726588,133,501456.447874,136,499598.113601,34,498731.68168,23,453971.659177,223,449313.045017,56,434591.989582,38,chello
6105529.903237,40,3395299.147522,21,3104399.798778,20,3071027.565074,14,2645224.892646,32,1689963.266504,41,1552373.489524,27,1358689.369969,66,1265456.725845,86,1230761.322455,19,1213837.913292,22,1036443.762303,39,889100.288255,33,869197.115794,60,859888.556605,64,811984.043604,42,743319.366753,94,742613.349273,79,731667.840168,63,718110.796507,67,712669.963403,38,684353.842769,18,659219.517591,80,656992.422759,65,649758.357024,99,638412.739138,23,634436.871764,13,610623.914933,139,602444.519747,95,560333.138517,53,482877.138285,37,474022.50149,11,piano
5419892.782506,158,3595086.849046,79,3339843.779089,157,2391260.607033,159,2323109.50593,236,2013701.401834,78,1834909.542325,88,1804503.857783,238,1758224.227507,75,1394407.831068,156,1345711.57159,160,1341131.491302,237,1304410.638812,235,1194761.72225,176,1145759.539862,89,1138343.693265,77,1063894.6688,177,970721.652624,148,898884.063407,239,858696.94646,149,830202.417066,81,744437.355268,161,743057.279436,82,726651.303892,155,664482.572228,162,638423.632578,154,633730.802942,76,557685.788426,83,529706.666982,163,520111.292943,264,515668.838956,80,489885.500971,74,flute
6246339.863988,14,4121874.010778,63,3527121.906838,21,2920081.720847,20,2047567.766762,64,1952598.641571,40,1484063.839924,27,1083068.914513,22,1073204.478546,53,996815.523297,19,880553.189415,66,872958.452113,65,872223.807879,86,849387.489399,18,773018.514782,79,767840.429177,15,729119.65937,62,651891.542195,23,579563.002602,80,570446.656407,99,535519.610222,16,510775.003384,159,482135.052003,132,479685.745356,139,475281.774962,24,472490.133492,93,460785.736534,106,448749.25785,54,417792.093636,26,404688.649282,25,402584.846376,17,392922.635823,61,piano
7515974.775626,43,4980254.009875,42,2329634.015089,44,2003529.044393,41,1361987.545127,45,1226568.386376,40,989444.241771,46,965443.845112,84,861099.266647,39,760410.341339,38,741645.098594,32,718489.97066,47,683397.373272,22,664400.615874,48,605728.089815,37,564968.865299,85,533360.954528,49,496020.180609,36,475211.131296,50,468353.417678,35,403663.794931,51,395006.927341,34,383406.60973,33,368610.324407,52,332090.249658,23,331488.636922,31,329533.461612,53,326273.440368,54,316748.922268,30,306547.652403,55,280228.241282,56,272522.435965,83,piano
4043578.426112,30,4032923.607168,89,3845080.869538,221,3151808.735065,45,2372133.150177,60,2251285.090435,147,2141907.091781,46,2034114.540651,222,1387750.826922,31,1303356.50146,29,1239943.633114,67,1204445.09411,148,1117659.299368,118,990385.08956,44,938835.324452,59,912717.041454,220,873750.870719,200,867121.996391,177,835876.138439,398,770213.059248,236,768715.482652,223,719057.423382,32,692040.296794,134,677714.974811,66,644835.756395,219,640124.69234,61,584835.647559,90,553033.247735,354,546054.951962,119,543833.348241,332,517510.228838,65,510402.429603,397,violin
5500330.188284,94,4414321.13889,32,3664577.555274,63,2328885.184382,25,2080901.574785,64,1754243.03329,26,1735737.911539,99,1635509.544561,50,1428153.292621,95,1367583.832163,33,1279320.479801,31,1279122.340699,49,1278988.536162,125,1068901.925308,156,1060263.26746,249,1017025.503467,62,766473.839998,65,711315.437229,27,688110.973119,24,671917.080503,28,656081.42467,75,627582.536679,29,605870.976358,34,600084.344737,93,558252.47343,74,554508.232232,30,514803.315787,61,499065.705315,100,461243.60072,218,450107.575228,48,429143.78623,51,422877.429147,66,violin
1574209.446672,27,1486477.277842,29,1360920.75018,26,709376.457409,30,535419.835328,25,413501.400306,31,386515.118157,14,374734.451038,28,373973.18369,17,369752.26094,24,287794.971559,11,281539.332536,12,272636.096563,16,267863.6977,23,238674.077359,21,211998.924271,82,209494.701186,13,208432.996295,19,208186.053729,39,205236.379945,75,196397.375295,43,196143.722116,200,193162.483826,20,183162.80899,159,179952.232671,32,176272.812707,190,172017.529259,34,165835.171796,18,165498.365845,44,163501.614154,33,159890.433529,76,157568.154217,81,chello
4821570.209662,38,3809462.768,19,2771787.837151,18,2543305.97528,21,2451068.818823,39,2024720.132319,20,1916135.366854,17,1783965.959147,75,1616611.707761,22,1446683.346599,36,1232517.61018,76,1227153.836726,16,1014302.787177,40,982670.708826,23,921481.718055,57,783525.836555,25,758031.72583,41,755504.638351,24,702760.008956,150,695220.761878,15,652249.245916,74,628794.545883,35,609505.059686,42,592455.481646,263,590557.257469,26,588137.058069,32,583945.631727,11,575392.268938,56,563394.027466,27,466794.944092,14,461469.853303,28,453928.312658,43,AG
6789698.240531,14,3658616.335672,40,2731358.009209,66,2671343.805095,28,1963800.256951,26,1913037.213175,39,1851274.077754,27,1506192.184935,13,1433741.817256,41,1174049.053296,67,1037692.573221,21,819675.454161,77,796456.70806,22,772913.729828,30,760209.577931,65,720046.010009,50,691802.459557,51,628521.9131,103,607664.424976,32,587875.117448,211,564429.642425,105,557285.578416,20,547791.616172,76,545761.000627,118,533687.800024,15,532972.145409,23,482024.842579,19,471182.849942,68,456022.52487,33,440482.422009,24,437850.054497,42,432674.158337,12,chello
5975081.200572,106,4406626.233644,119,3401967.176345,118,3041088.114233,120,2927439.539817,105,1875113.681965,117,1702601.491231,107,1313505.415757,104,1158622.357377,116,1128458.180334,108,926371.095009,109,918942.361821,115,854401.857404,121,817385.994545,114,778791.586805,110,761864.895944,113,758588.569637,111,724269.715669,141,691530.827486,103,670303.980995,112,563052.634052,122,560693.42828,126,518136.508738,315,496752.772882,102,427223.095341,123,382752.252162,127,360648.531157,101,300595.357536,316,277428.512048,124,258068.678928,100,230138.036368,128,222184.031278,99,flute
4062380.386167,75,3442455.265446,38,2910800.604453,76,2740365.087221,39,2616936.109669,37,2141789.534227,112,1927161.282994,187,1862752.663242,74,1645583.704304,113,1592489.163997,114,1490054.699507,73,1423012.613703,60,1192906.738742,71,1153322.90337,90,1129859.625263,40,1109052.234908,72,1008499.420444,111,1003606.521773,115,990968.325931,189,955901.178265,88,942941.411727,226,933744.108608,70,923952.234557,57,895395.2407,30,874932.425306,77,848175.77293,59,815102.072325,225,811280.020875,110,769700.064494,31,762843.514838,69,761017.012675,89,689966.737045,340,violin
6253135.663925,11,3104879.821907,16,2767708.437238,21,2107856.486654,20,1841330.550542,32,1823189.790948,50,1734199.777911,25,1719330.753494,53,1666816.100911,15,1613558.901003,60,1597904.913643,13,1522909.101171,19,1354841.733965,36,1304962.715529,18,1213362.305895,24,1161588.56874,35,1069563.629477,22,937020.429138,40,881478.732817,26,865650.650322,14,833893.033867,65,762224.297195,70,755436.561825,37,703771.05322,110,653941.804402,17,612971.411413,30,604931.74408,111,595919.420153,27,580041.575509,74,571781.67047,90,546823.327541,55,535289.448541,63,piano
6689067.768949,54,3767771.96566,53,3441429.086818,27,3280866.129726,40,2383567.749427,55,1741306.784002,52,1121988.204131,41,990040.398394,56,960249.839606,57,934831.450912,39,860196.306859,28,836486.360514,51,739007.977608,26,671739.662063,80,664793.034856,42,627084.683404,47,582705.080049,58,479069.051696,106,439258.954581,36,420789.592927,50,416321.677901,38,413893.483642,37,410651.386317,25,399113.508674,17,389676.773448,79,381492.532781,59,380987.963931,29,368828.795349,22,362701.532143,35,353496.418195,34,346744.897159,23,343856.184639,30,piano
4479754.897029,118,4279117.020323,50,2549607.043352,29,2388398.854917,235,2340940.078768,99,2340380.286402,89,2193656.240791,148,2106770.549947,30,1885536.884459,100,1806253.723323,60,1401159.566705,147,1389972.940703,74,1258701.349343,119,1248074.207637,57,1240151.495393,49,1106536.766952,26,1060152.991168,75,967225.012892,88,930157.65676,236,878765.392478,56,760114.951039,237,739477.123423,28,736511.258047,31,696701.40273,238,648010.131556,58,636091.375783,98,609826.571769,90,547556.652906,51,518056.121313,48,510638.952609,87,509142.588185,294,497615.570248,117,violin
4801605.151412,23,3825767.614577,24,2665792.160329,27,2301192.818696,22,2244260.523193,21,1898390.184972,20,1747333.007833,45,1684611.924604,12,1619053.344359,35,1584129.245656,30,1533045.210929,17,1442630.793836,100,1317968.723613,123,1249721.270374,18,1166479.083272,101,1094071.05525,19,1083416.838782,16,1066072.033215,104,1055905.132451,124,1006582.543192,57,995189.394062,90,944273.561802,11,930973.710806,25,889666.192522,34,882867.480022,36,819571.790814,122,792936.986387,56,710132.12707,31,706067.72357,102,702798.714099,26,675313.019273,33,647774.297502,75,chello
4555795.524344,30,3287401.219103,57,2964817.359105,56,2936166.026398,60,2704328.898351,55,2415969.344463,40,2313089.577115,31,1891599.454413,89,1864679.65245,99,1569733.604231,113,1452236.190385,112,1238521.079594,58,1070207.263443,90,1035147.847617,100,982281.48669,237,973220.504438,218,945074.396959,41,936882.555568,168,915483.017501,59,801492.683124,266,773252.615999,236,770419.414526,29,762356.492294,54,757046.500603,225,706909.607218,32,645150.607568,80,611666.120857,178,609504.901824,139,588989.120784,79,580541.46386,177,562809.694972,169,547772.002336,219,violin
4928118.741021,48,4538934.389028,71,3246845.310226,40,2546542.580725,80,2486787.578448,79,2101251.860774,141,1871700.955064,47,1501806.349732,49,1252404.540169,60,1164461.493304,21,1152203.428433,81,1103825.920247,64,971331.719359,77,960531.056906,76,947792.158438,73,918833.674706,63,888991.424603,42,875995.738143,41,850741.72304,69,823466.605297,84,787973.851341,142,770445.531293,87,712037.167949,94,698535.490222,75,679400.801369,82,642175.70146,50,635408.294965,39,624783.316239,56,614218.78841,99,614207.439735,86,585443.238037,26,545482.286497,57,piano
5549041.682126,13,4308366.42483,14,3708650.429381,11,3576565.662012,29,2291958.871606,12,2143431.156432,57,1908571.372542,26,1661623.115801,19,1524619.817187,15,1172621.695678,16,848180.698111,18,821456.686451,85,778911.622052,169,699003.509334,168,695952.905402,17,669164.67675,56,561423.722313,224,517416.495228,30,507797.39078,20,364544.395092,225,354227.78186,58,336924.798585,55,330312.713212,32,307189.761325,28,305946.851641,280,293785.939855,54,288673.085478,281,284315.737989,31,284217.136161,112,277740.131695,38,269837.575072,51,258784.450808,43,AG
5862177.000971,32,3779469.59257,36,2797211.209241,13,2573699.786353,35,2240330.396645,12,2048487.335607,94,1984275.746622,37,1740176.876156,71,1563918.545946,24,1461616.438022,25,1058009.709038,30,978116.396996,79,968317.337359,16,942019.790325,11,933142.04805,89,883888.38186,63,860805.795323,164,857050.669711,21,781967.305044,17,727399.489475,26,693305.028316,118,690210.298584,117,649144.704,38,627319.153221,78,622062.87412,82,615568.305907,34,549773.69329,20,537567.05992,152,536479.227892,14,492966.233516,19,472433.69247,18,463114.205563,83,AG
5306693.320915,30,4466006.18605,43,3342167.990332,89,2910061.636626,60,2824418.308681,118,1935680.085455,31,1859028.599323,64,1828822.373163,42,1374900.648101,85,1187359.104265,44,1117292.132552,29,954652.63911,119,848736.853614,88,782359.854019,87,748082.153635,236,741742.84902,86,643979.37314,117,640832.915656,28,633844.813478,32,630445.023076,41,625296.24658,65,624538.606669,148,620863.019152,22,600437.255544,59,580284.64292,206,545341.558341,46,541726.346906,235,531119.276857,58,489439.472098,68,488055.851936,27,421510.892268,63,411576.133634,45,violin
7783954.547399,40,3445499.403425,41,2500878.421486,27,2332522.113959,39,1820429.040423,80,1672253.951505,53,1651806.238446,79,1495468.184884,42,958905.36759,54,804830.595819,38,738245.73412,37,610731.098289,78,575523.397468,52,555807.994961,81,554339.376253,28,506973.027379,51,503793.009614,44,489508.951687,77,477217.604137,34,454513.675776,35,440528.793049,36,430268.961846,76,425089.819172,43,399927.06546,75,390479.556498,50,386283.036887,73,370927.941823,72,367416.459489,58,364562.28425,82,363655.405688,74,349526.747926,119,344723.481954,45,piano
6289085.741675,95,4819021.63536,94,3063597.400598,59,2177309.443563,93,1723573.501616,58,1398022.282532,371,1371768.335298,185,1364699.239294,186,1213529.069049,92,1086114.991663,187,957277.596331,60,956178.873763,96,918009.994386,279,821340.03006,375,768946.647966,48,687870.994304,116,672324.633634,57,631766.628126,49,629862.746094,188,613214.623595,189,602448.550602,91,592181.994132,283,581873.3429,45,580672.707503,374,558503.22112,231,558129.983764,278,549124.638955,281,517678.11035,46,477633.256405,56,468488.44687,376,442258.573452,90,435288.422112,84,violin
6778369.431255,48,3715091.469892,47,3179752.418273,40,1975104.487756,60,1736758.320638,49,1539458.369493,64,1399442.74363,46,1326131.669591,41,1312414.19627,33,1288599.100861,62,1284670.796005,61,1099225.696118,34,1082861.903777,39,1027122.407206,65,952825.543646,32,942398.350432,31,935549.74456,50,906817.919379,45,846931.279861,63,797489.82432,21,788703.998472,51,743468.895754,35,723178.211263,52,713402.559294,38,687643.004964,30,636740.188798,66,627720.471331,44,596039.421479,42,527212.536293,56,511292.106524,43,482295.144315,99,439757.834554,25,piano
7449478.485827,119,3677146.242175,106,3007897.717972,107,2672365.421995,105,2283413.866125,108,1311288.812278,315,1181681.61729,104,1175514.783484,120,1041166.207409,118,975405.301439,103,857266.248942,109,775061.794566,110,772838.27024,102,640070.09058,210,617539.024984,121,567468.543147,101,519963.824627,122,462403.589446,100,449611.414496,99,446817.588559,111,444151.188619,112,426316.94156,314,412810.632406,117,403083.674688,317,371486.418467,98,353669.370911,123,294208.313814,96,283110.708436,97,273832.411321,125,262633.992256,127,255393.596853,95,251685.497166,124,flute
4924873.819062,36,3676492.192367,53,3072480.936633,14,2559006.021938,54,2128741.725156,71,1909298.583246,63,1764279.469315,18,1612783.52491,106,1441679.647921,84,1388393.608381,32,1175119.404374,212,1088108.020901,19,1014196.878809,52,936303.344839,55,931454.830701,27,860010.269376,17,835411.125459,64,782038.495782,132,732650.724647,56,727859.407436,43,650535.456785,177,629544.317241,42,628083.171684,213,621835.877742,51,600375.030314,21,581430.784178,79,567921.023199,35,539455.55463,105,534550.914593,80,512791.534698,15,500765.349237,16,481531.081381,141,piano
9429102.19568,94,2340892.533746,106,1991369.878677,95,992673.713104,105,840325.135814,280,824118.590966,96,672544.473557,107,649287.68863,187,603094.774504,281,548681.168963,89,461679.322416,90,330523.789191,104,313692.629324,98,301167.499759,91,299067.041924,108,291118.008205,282,287852.712157,109,286086.738826,92,248583.773793,177,245899.142186,93,236916.096662,97,216290.397354,110,211888.725022,88,208846.525198,178,206342.870737,279,193011.364722,315,184020.898032,188,182257.592195,176,181351.374017,111,165721.608022,103,145094.997013,113,143878.149531,87,flute
6318781.072748,12,2755034.195351,11,2606666.418878,18,2502611.524175,17,2485274.41954,13,2322641.882335,33,1797814.51695,34,1744191.076012,16,1624055.583543,22,1533721.914216,100,1387506.644409,35,1160419.863914,14,1039893.164798,15,938496.879762,297,903358.411405,264,808994.799231,231,723315.719932,132,699381.123954,25,691015.659624,165,687741.162768,32,667775.623518,248,666746.245118,19,658160.075533,26,638245.824775,133,632071.91553,24,589247.895593,21,582594.140375,31,574512.457953,20,541748.800112,247,517062.370037,50,506132.023614,84,466390.634707,98,AG
6009356.162378,29,3970046.762344,58,2651412.397849,57,2648129.454987,21,2490238.494143,114,2341405.924305,30,1966053.420576,86,1468221.741117,171,1419273.744107,143,1315670.997104,28,1247424.396621,199,1238194.066467,115,1031236.075323,31,989188.399526,142,985928.906054,27,934564.388258,56,852878.628555,59,748105.796647,20,647066.040398,60,639245.839435,25,614150.668387,113,581780.040403,32,573790.386064,200,504343.029416,26,502184.904462,55,493659.218447,22,490834.742589,50,487873.849622,24,471439.060477,23,451936.808491,61,446977.467433,33,428352.705406,11,chello
7306474.738593,23,3576081.409575,12,2802786.856019,22,2285371.263815,45,2241639.911367,24,1522497.608305,21,1430799.725969,16,1349081.753608,200,1301374.285192,20,1183678.525454,112,932428.705072,15,856893.498689,30,851780.058608,25,803757.403778,11,759702.520229,201,754198.526567,134,718645.893468,19,663440.016448,90,638563.913143,17,562465.207756,111,513509.651284,89,443300.023577,31,427556.231975,292,408543.729556,156,402647.665422,18,361919.803575,32,357303.003397,41,334358.316528,59,321701.846585,202,298036.479493,60,293955.470867,110,276784.494797,14,AG
1319662.93402,12,964708.369617,11,900505.307596,13,594143.660737,14,503954.447031,25,494741.733537,17,493973.497412,16,399442.877627,23,381568.841018,26,378019.116095,19,354885.149631,18,297177.034569,28,291151.987497,21,284918.453845,15,282969.264155,31,258984.060725,30,254600.784344,38,237088.792196,24,236737.539834,22,225506.1896,40,207430.03437,32,206756.44537,33,205781.5865,27,187752.084379,20,177903.597523,51,169729.187305,55,166695.606073,64,165917.482935,29,165834.721438,61,164783.704613,42,155785.271558,48,152728.977734,43,piano
8919733.295624,118,3939905.884674,119,1378152.169066,117,1143364.270589,120,986735.324832,126,978953.577198,116,834762.751102,121,834604.021353,125,572746.488631,122,513341.399072,115,500325.028728,114,489543.910505,123,468546.509577,124,359116.864782,112,357282.960359,353,314532.983353,127,286901.302711,113,263269.231765,110,251359.089454,111,216481.538168,128,193874.200264,129,192006.638628,109,185178.147826,108,184082.199486,130,175964.340471,107,168875.000951,106,160609.765312,131,154542.591743,105,150585.833631,352,130874.773967,104,127670.003066,132,126869.809336,133,flute
6404881.236954,26,2829591.909848,12,2311347.537402,25,2227668.169425,23,2215699.268301,17,1946484.813938,124,1915867.733627,236,1642795.368056,20,1579510.817739,21,1472138.849767,18,1395576.769077,34,1357879.34215,13,1216992.563613,27,1120389.931368,40,1074725.88491,174,1053938.144796,100,992547.838758,75,898829.195593,16,872040.689424,14,848396.056138,19,842100.270894,11,784717.79317,15,784266.936249,50,746266.241761,22,709832.453248,125,702555.94102,198,697135.360837,79,694512.232021,24,680971.720715,28,675404.477299,158,667176.384523,119,623522.328174,248,AG
6134271.712175,14,4865273.389674,40,3695394.143021,21,2948315.181766,20,2112860.951888,27,1825378.454454,17,1679405.579563,18,1294588.166891,19,1269084.285154,12,1073944.263069,22,992727.366119,99,861794.803646,119,737090.006602,41,636183.236714,23,570682.651401,53,448215.372003,60,415427.441617,39,412920.22956,24,412872.754297,11,412313.814886,100,382831.072678,16,359297.698962,42,320831.671329,28,290851.424467,25,232225.305484,98,229949.270239,30,222742.309524,33,217976.239245,31,217874.969642,29,206928.180194,43,205852.268859,92,203305.075893,32,AG
9024814.915224,36,1855988.948647,95,1566104.319978,71,824716.404781,37,801609.003998,72,737493.715409,54,637571.565234,24,632368.492772,35,534632.885249,38,532092.745898,25,511416.09755,124,392094.984946,70,382835.519925,107,363618.347206,212,353463.588742,177,348597.967549,73,348507.673653,53,340105.965456,11,338160.023149,106,310069.481938,125,303073.740507,39,297971.93907,94,280151.488793,89,276426.280875,142,275034.593308,41,268038.202726,16,260667.97169,48,246565.19684,29,246239.611773,74,246236.040436,19,231600.373387,40,221279.756049,69,AG
6536389.481162,48,4817878.811826,40,3032576.542036,47,2522378.793667,49,1885405.48591,60,1441600.541259,41,1198365.71304,21,1196344.354323,50,1182130.645783,20,1116169.217427,39,883634.314073,94,857232.915376,80,854997.735067,64,744548.851009,46,726215.018527,51,690290.779515,99,677991.833733,95,638925.32039,38,611921.185506,63,593284.051003,45,574139.061473,44,566337.390186,32,564744.207932,54,549617.988278,42,511212.827897,52,488823.459162,55,450722.41372,33,442227.210213,37,440996.979992,53,416853.835985,65,378651.854685,19,372325.385943,93,piano
3441108.280368,11,2810719.96754,20,2472641.592372,19,2214403.317347,15,1416830.386584,18,1320009.637851,13,1217662.868563,23,1216921.268942,12,1161462.091984,177,1153537.932705,14,1134561.448214,29,1086849.024802,28,823365.000647,30,785169.692319,27,735935.160041,26,734366.049998,22,669009.50086,33,636594.068049,41,630473.134588,32,609285.878388,178,601654.96784,16,553805.04436,216,520430.331119,217,498366.802728,181,494222.501066,220,487548.175465,182,478783.871506,179,445166.931593,38,425627.499828,173,420728.439415,37,411688.391299,215,411668.391627,24,AG
4240473.842794,21,3973108.449456,32,3627922.631675,16,3374053.598694,17,3303904.116518,19,3008157.64089,36,2780352.957861,20,1570812.186545,18,1504472.845172,94,934906.466846,11,925249.421728,15,909449.499676,71,837572.296089,79,808754.417128,12,746024.51288,80,718086.498708,176,637418.890459,53,602011.78998,14,576805.676734,30,572522.102522,130,558903.976032,70,543865.391783,24,538973.753929,23,530551.495644,180,498834.587885,22,493888.716943,78,493168.993898,48,459958.305963,25,442491.966052,31,418352.858464,35,412235.335032,33,380802.39652,47,AG
6319581.315882,15,3632442.261067,29,3345623.508255,11,2159467.647294,16,1950166.700843,12,1708650.028025,57,1471044.062651,20,1440540.86913,13,1205188.286891,169,1081400.924807,168,1016219.602484,23,895218.230797,25,833815.701057,113,830597.133561,56,783349.907772,281,712658.208436,14,701589.064738,85,658297.324806,224,656188.349141,18,642890.373757,27,623703.932305,561,567738.863097,21,554047.997813,183,528704.424862,31,506715.193605,33,495765.349121,17,470711.149391,30,451708.017517,225,444903.25327,26,442216.598214,28,432708.019604,19,424432.594232,280,AG
6160966.998183,57,3751210.49209,45,3096627.410692,134,2995444.789514,223,2852892.561459,56,1600505.055707,267,1520479.000655,58,1352983.387776,44,1306877.587063,179,1128759.471594,90,1068263.576975,55,1029905.86887,59,988901.148894,46,858420.509954,268,760072.127629,89,757485.242217,60,747213.37089,135,715512.877739,43,624408.603527,53,621527.310198,49,616367.907529,54,603252.013237,356,597840.669186,47,578237.042112,91,554193.626643,312,536151.848878,17,516142.425664,16,509144.359385,61,506799.135435,14,505256.857269,178,495551.460321,52,493254.388737,42,chello
6268241.779078,11,4702284.502851,12,3385706.943637,21,2815928.273432,22,2452571.530692,13,2127899.222693,23,1532139.91566,24,1221149.446811,14,1117846.650272,20,873231.042273,32,779852.756223,25,764380.576582,34,718344.725726,31,643957.950975,35,521113.753205,33,501589.271739,27,456179.842515,28,427951.930782,15,426186.768379,19,406284.68217,29,396060.876867,18,390746.000097,16,385722.46578,30,384837.450914,36,371704.976511,26,325300.128166,41,311791.464571,37,301201.996592,40,268959.293934,39,258096.363861,38,235379.222754,46,234032.716203,42,tuba
4524767.924983,47,4341088.253132,48,4214515.930233,71,2052915.676953,31,1844192.80498,61,1650588.070621,95,1537911.698139,24,1491904.409367,165,1461310.359624,25,1438247.3865,72,1399293.83226,60,1338506.124942,166,1224287.4263,30,1204565.010337,118,1131237.102986,94,976246.287336,188,943654.597669,73,883854.333785,91,882134.946851,190,838943.961651,140,838636.335066,117,830826.016581,59,809251.99256,28,782487.250665,189,774648.439972,54,720697.693012,237,679239.312395,96,670334.13,97,663162.019238,90,645821.720688,284,636618.20208,74,633927.253556,57,violin
5703467.975765,32,5358798.876484,36,3257999.679594,24,1659001.007811,12,1618346.684972,11,1602987.852291,25,1481173.531776,22,1263819.832802,21,1075219.916119,35,1037722.223703,94,1014907.420057,37,897105.574493,26,890971.73961,33,874841.323376,30,726595.515243,27,703390.472302,23,691167.781064,13,670072.550692,38,666309.808357,28,649000.732572,29,610290.122367,82,580328.973757,47,559762.22566,31,557189.036636,71,486540.263217,106,432910.375556,83,430709.075443,18,419331.395258,19,417239.904635,42,413131.598506,20,409453.433593,125,386677.936065,39,AG
6274416.210901,57,4253823.827564,30,2939611.829286,58,2331492.329593,29,2007556.207463,28,1838647.694419,114,1520147.155274,85,1451459.571579,86,1142625.110798,55,1139805.048837,227,1119394.223878,56,1110495.153765,115,1039877.532537,54,1030971.031829,87,773600.155024,31,758832.70411,366,701205.8747,113,655344.005613,59,646606.648668,169,615824.884088,369,606125.828927,43,588253.932497,229,539589.241419,226,532145.743123,52,526096.532197,228,513665.524714,170,511476.892586,255,481783.403311,60,480267.462144,50,477276.595115,110,471361.965402,49,468577.244008,143,violin
4461200.172194,105,4179899.561131,84,3572469.405005,43,2850882.624072,140,2361837.963679,85,2141415.542105,64,2083075.788632,42,1758742.241073,126,1440656.620376,63,1302844.264322,36,1248494.388187,139,1227656.61381,83,1219467.475912,147,1168954.875279,22,1138481.345162,189,1097191.838301,86,1039263.745479,44,1005061.817685,243,910920.516199,209,888266.636245,244,865241.795931,70,691645.350417,65,666667.748814,82,640750.87632,376,605181.988365,69,598741.012629,106,582972.860434,45,572863.702974,41,539980.400849,66,511950.06172,188,504579.36592,138,493151.402109,81,violin
8460200.100144,118,4181286.400594,119,1914981.698572,117,1880831.042839,120,1128237.008458,121,1086287.347276,116,811187.233076,115,799287.028434,122,639168.627473,114,631620.45141,123,536558.621257,124,524510.062721,113,451566.828729,158,422361.126934,125,418285.988289,112,374168.97293,126,350230.387941,111,343738.50507,353,334933.159604,127,324614.486113,110,300633.890163,128,273504.681411,129,273424.456187,109,269470.862144,108,249393.108736,130,233707.029131,107,229547.583223,131,219229.091051,106,212906.39047,132,208294.793894,105,197968.112079,133,195512.266841,104,flute
5990911.507802,63,4020252.677404,125,3625833.681241,187,2733106.421188,124,2673683.725853,42,1794284.189837,186,1308611.887233,207,1141026.212564,126,1081526.316627,188,1076786.559835,123,1061169.939073,208,950839.841346,372,931138.205496,434,926604.6007,248,922257.642736,62,891124.557019,185,846548.807561,64,828054.922455,311,755372.860999,249,651949.834419,310,632994.744874,415,588994.37826,292,574567.685907,43,539436.931021,61,507680.901173,122,477391.549274,436,474604.926732,83,468544.724652,291,464890.009734,127,463507.059574,206,433827.275102,414,427062.256924,41,violin
7168092.962396,16,2325042.895883,46,2145065.130418,53,2093202.089833,17,1662221.885108,15,1617212.54529,31,1444601.34325,19,1262829.085721,23,1240613.542027,30,1195133.679373,18,1157988.649193,54,1072321.682782,61,1001872.26077,60,818658.08008,38,812341.688281,76,715411.570415,14,696076.734686,45,670053.299586,68,624367.086632,75,577983.527475,55,577451.006419,24,553561.083179,52,512173.136255,11,510056.596423,83,464931.20525,91,455637.033839,99,432945.991947,56,403184.838855,25,396158.734034,12,391248.383584,13,378922.234985,37,375184.910323,62,chello
9623436.5808,12,1826740.484544,13,1456143.209813,23,1150927.994227,11,1075931.197811,34,853103.705986,14,603118.842998,24,573603.040498,15,545100.496671,35,418899.370134,16,368493.455647,33,361551.026798,17,360793.80342,22,279379.304702,25,275650.961534,18,272173.688147,19,270780.628488,32,268557.27802,20,247608.70156,21,233813.681353,27,229280.425827,31,227437.717856,26,219238.324415,45,216868.139637,30,213060.866742,28,207313.19744,29,167244.462334,46,146911.515896,36,112064.013542,79,94131.588792,101,70517.774236,44,69473.898954,112,tuba
5775857.474991,12,4583113.07094,11,4297188.991508,22,3426901.685511,15,1931359.199651,29,1523687.360034,43,1264242.813316,13,886371.001401,14,857327.853274,16,704879.504418,210,670039.203939,127,630960.72334,17,619785.61167,21,559267.570947,25,487772.552327,23,473594.557098,18,470470.960512,20,459269.851819,190,437845.539763,85,436279.412198,19,376382.661967,57,375210.050635,294,364142.670369,24,320292.742639,191,312156.73998,106,298065.824163,84,295419.718658,30,293076.547792,44,290241.390699,169,286943.956892,64,271866.726411,32,263181.207541,183,AG
7745838.809944,16,835562.157259,11,747902.775075,23,630021.061871,46,557474.766231,15,550565.983307,24,539168.13158,12,505908.542341,31,504228.789656,14,489195.393973,13,374457.296501,38,292112.215691,39,243680.748624,22,209016.754653,25,170874.436015,21,138748.05221,17,115624.691207,20,115257.302764,40,109418.785353,53,105795.547577,19,103800.051299,47,101780.124149,18,89193.135583,37,87570.591196,26,78156.304732,48,76783.722881,41,76635.023838,61,65839.480766,68,60977.817885,42,59002.442265,49,54329.685542,50,53761.223449,30,tuba
5773197.768816,18,2846273.286443,16,2438082.491419,21,2319168.903035,36,2241544.725134,24,2048982.40437,19,2009336.168106,22,1864682.691134,17,1747937.60417,23,1461054.839985,32,1327743.100433,48,1308773.885079,28,1287762.993091,34,1169854.300823,20,1168167.414537,25,1155220.497222,31,1033768.980169,33,1028818.576303,29,965344.002481,106,961017.201305,30,942685.010432,47,941488.117408,27,933518.024781,15,896503.0426,71,855290.908475,11,769277.376181,70,766832.130905,94,747612.661316,105,677359.686999,37,665510.60893,35,643833.56087,50,640209.053703,316,AG
6809503.185216,43,4379471.452468,42,3302697.291993,32,2686105.17582,63,1788213.768074,44,1753717.737139,64,1746603.680153,41,1119091.239664,40,931300.616381,45,844803.413075,39,793832.439468,65,777383.806932,126,734258.425711,38,695939.497286,46,667078.28772,33,628074.295188,37,571330.148489,35,539229.439613,36,516182.318185,22,482332.893046,31,480350.37978,62,479805.182879,34,474050.64494,66,473952.363919,47,459506.670228,84,437444.462235,26,422790.945928,48,369603.478479,67,365735.950841,23,363005.45955,28,360616.254913,85,356377.84559,94,piano
6257224.315047,19,1942012.676439,18,1342030.75901,45,1322745.553235,20,1157839.82087,28,1031317.107326,27,889442.277378,36,790936.925205,21,683588.681807,17,642658.108593,37,612848.648468,22,545392.521571,26,518186.710862,46,488180.20006,23,435052.364475,15,424760.465239,25,380033.99903,24,370157.738137,11,333017.085987,35,320294.163413,47,286819.891248,29,232302.653384,63,230251.739777,30,222224.773696,44,212699.244835,33,208625.649466,31,200107.969532,32,192758.038253,48,175986.235298,34,170803.816073,14,162901.61457,49,155830.05603,81,tuba
5441855.198898,48,3926842.819229,47,3213636.855717,53,2538177.397455,43,2151682.037678,15,2012357.523121,54,1937583.43803,42,1670352.769537,49,1620147.504876,46,1538550.751288,18,1531319.138688,27,1381299.15254,22,1363130.84237,19,1294854.732052,44,1206003.695195,45,958554.758852,21,937025.476543,106,897256.805861,141,887445.361184,20,845007.587412,55,749947.530699,28,738887.712277,63,699982.874632,29,660964.446543,56,639775.230786,41,622183.427895,14,567256.859687,142,535045.288905,84,529650.091363,50,506312.073819,36,469763.239814,64,455447.371178,95,piano
8245916.617675,16,1460393.50869,46,1159706.621069,24,1101888.14649,31,1005836.636793,23,724315.738664,11,662051.904895,38,605512.139008,39,502122.88451,12,412963.766159,25,390775.278478,13,375908.865784,15,357861.74172,14,335915.05256,22,273441.151318,26,229091.928539,40,217660.074371,27,212579.732076,17,209148.997062,37,203868.459323,21,203130.362,28,203035.025975,53,181233.047635,19,171475.950273,29,154298.827021,20,153921.871118,41,150262.502304,33,144594.94425,36,143615.86694,45,143020.313053,47,136357.629295,83,132255.700427,42,tuba
2244198.568986,15,1972673.949489,22,947291.725136,43,857001.14768,36,529994.374308,29,233744.666507,21,228910.396853,16,207437.24028,71,156142.678251,23,132113.540403,44,130912.08258,64,128550.043824,20,104802.15566,42,103040.556224,35,100495.433935,50,98376.85238,19,97966.180657,14,97037.006752,18,95858.871597,78,88960.483286,30,84202.348768,11,82968.558707,17,68050.151157,72,65034.785197,13,62339.849119,24,57218.330645,32,54831.718571,45,53634.25831,33,52630.747553,37,52152.043538,31,44379.553703,46,43689.451778,57,tuba
4149028.709158,27,4056929.655143,32,3354006.911713,22,3309999.158322,11,3095653.916308,53,2099334.280242,132,1665730.038337,17,1481224.982411,16,1251148.953737,21,1219080.979855,12,1165272.151144,58,1126598.955889,43,1114361.373811,74,1083403.883442,133,1021231.748135,28,1019040.862125,54,959166.448408,13,922352.340097,42,905865.167933,68,878056.931977,106,808257.441814,23,794891.222099,33,789643.88063,159,739490.107674,95,729159.191542,31,698425.820577,15,690974.202084,63,677623.395666,80,660425.921095,34,658697.857112,136,644489.388703,48,586136.743334,29,piano
6660721.418867,31,5781306.430598,30,2233555.425838,32,2078218.001724,29,1390115.761962,60,1367972.986288,14,1311872.913582,33,1223734.647817,28,920739.340077,34,830507.201074,27,679842.45666,35,672825.136171,26,577419.644163,36,573368.991951,25,532112.372742,178,522830.323422,37,522815.740087,90,473297.834492,24,456778.918896,38,438653.093922,23,417878.675427,11,380737.089227,22,376184.820386,21,368783.568758,39,361493.726962,89,359635.433878,20,331423.296281,41,329239.763503,17,319304.67354,13,312864.662411,19,301879.505388,42,295912.264233,12,chello
5874584.623949,31,4514462.964738,30,2517444.484619,14,2432539.05056,237,2179491.137727,178,2003257.836194,32,1859750.790391,60,1548640.106725,208,1488464.444282,326,1450683.270375,29,1338031.568531,21,1207987.438116,33,1039103.222405,27,1017121.785975,267,953624.254496,238,925214.937492,385,863682.52542,149,852986.967302,296,801912.637718,34,740844.388054,90,690367.564747,236,563597.221885,26,525209.218925,207,507028.238137,36,500891.284801,179,498536.714001,28,487057.090677,35,483260.715544,24,429227.378881,297,398050.878261,25,397725.353045,37,380572.5529,38,chello
7614458.988651,21,3666120.038464,24,1848867.549514,36,1748815.883795,25,1668868.962504,20,1662940.553926,11,1571318.945393,149,1448096.880118,30,1329032.844505,89,1115441.752692,31,907014.593028,26,870137.756984,13,809640.46037,40,715011.140137,18,706230.102181,32,654966.423574,27,653928.703831,35,645974.231812,12,589983.330174,19,556321.648638,80,556231.324755,148,546990.893943,94,539532.207232,29,527259.018512,37,521491.841901,71,499249.877779,28,484542.845909,23,458636.122657,129,448639.484037,41,442274.152477,150,422868.584581,59,418659.419323,14,AG
6228126.884643,106,3458617.807861,36,2861366.404834,14,2250500.879554,53,1379665.965109,54,1334954.984686,71,1300848.2051,27,1230139.184715,212,1228775.0044,62,1022034.283403,32,929186.545296,107,904341.353242,12,895449.472731,19,833055.15679,49,763598.466593,18,749418.125145,11,731953.092396,58,704082.089585,63,625886.845158,23,557613.737536,55,551230.848374,50,513798.18454,105,507398.318414,52,474414.908364,141,471658.282328,31,463889.917176,37,458012.324369,13,450234.667764,56,448112.286061,213,433333.87407,108,424175.895461,35,410527.379193,28,piano
5984178.912533,32,3258417.486516,16,2893490.339779,94,2759075.771528,24,2681321.728796,21,2116879.882521,89,1999811.674618,17,1262460.697711,25,1260680.261537,30,1227520.761613,60,1100112.363642,48,1034245.580585,59,1011428.444753,79,997532.356926,47,980060.881906,15,941022.768219,53,903815.17745,13,880845.879101,19,837493.947443,176,823291.250293,14,735361.119183,31,733007.884582,11,646193.058931,78,644500.066494,23,634749.184416,29,626580.196176,40,620792.308487,33,610511.729709,88,607919.834433,148,579373.886403,26,564814.453476,149,536389.188192,22,AG
7020220.127741,30,5144350.061232,31,1988625.691323,60,1575072.029915,28,1554793.574745,32,1498502.696954,29,1327475.869486,89,1174257.694481,59,977207.876773,236,902484.256695,148,888898.785409,33,847023.375821,26,798494.426179,119,788620.356744,118,765635.021995,58,692806.593598,177,683911.343642,34,646977.234613,25,599176.833487,265,545079.249991,27,523357.341746,90,513680.724124,178,512656.760821,147,499032.88278,20,494184.598048,159,493953.246027,266,486350.39344,35,479548.109309,36,428155.066964,22,420370.450394,264,419300.182489,24,401495.352552,88,chello
6498488.403186,45,4516329.789851,222,2409195.601972,89,2352479.651556,134,1848145.622635,30,1749599.215874,90,1496068.684008,200,1302162.359899,88,1228833.594905,201,1093384.270019,68,1087459.46586,46,1062197.876568,60,966392.923113,135,856392.925378,266,824633.287984,399,802803.313012,267,790490.860939,178,770736.646615,87,754981.357057,400,749389.336297,31,731312.16732,67,685820.148884,91,545691.176294,220,539733.583276,356,514134.402394,118,510540.562375,199,499937.801959,44,486263.114151,92,458811.914141,265,452352.973289,310,415216.641962,86,395682.220881,148,violin
8290069.848036,21,2353469.061852,24,1671340.899045,25,1503314.029026,28,1476066.977234,149,1436620.021506,30,1335279.842218,11,1264327.237257,89,1081586.614374,20,1076375.146392,31,1059155.747433,94,937858.771905,29,921247.79805,40,888524.423576,26,683398.841226,48,680685.681661,16,638702.002285,18,630817.715155,47,618258.236463,41,607929.805974,177,592183.077718,23,556538.706606,22,547639.613669,32,540015.601043,13,506216.298697,19,467414.851234,80,464739.090289,27,446738.804992,118,405426.610097,129,376395.00161,148,347283.829188,39,347003.020098,57,AG
7141689.109604,36,2993412.820319,27,2316438.673071,71,2282702.208358,24,2025362.226232,106,1875854.177137,35,1792717.730576,176,1705534.634568,80,1477390.875188,25,1450417.062857,32,1314745.17114,13,1139459.431808,21,1100704.139007,26,882713.187557,19,881276.735381,28,701968.532015,54,684753.764895,37,647883.576739,94,613718.842065,12,563899.13759,14,549800.713976,17,518560.511371,22,512716.62217,34,500432.246198,82,497563.061371,38,464828.59881,177,403388.211158,83,402745.162506,18,380615.343514,53,376324.29908,95,365371.078186,72,362974.964521,15,AG
4173975.365383,14,4133366.923437,40,3429977.168858,53,3339543.450814,106,3029090.710659,21,2917845.355073,60,2651790.550029,20,2125753.404944,54,1550283.387859,27,1101376.18609,41,950783.605461,212,930812.234837,19,869591.193226,55,856621.044,22,846957.72279,63,837969.535354,59,787339.319403,15,654201.397094,52,626774.653337,58,612801.255181,57,612548.162305,39,595064.878305,61,578960.89267,28,571253.62231,30,547818.094353,139,537937.889171,18,521240.002248,17,504591.454419,62,485976.574315,119,485378.603356,16,479442.263679,31,459671.799128,79,piano
4665009.622073,32,4515262.762541,24,3877666.975926,16,3856430.786967,25,3112623.838254,17,1591385.378736,18,1279500.27856,15,1164892.548793,79,1148714.502208,110,1060989.745697,26,1042935.094116,23,976772.257206,94,924538.926531,30,905058.689402,21,895842.582014,22,819821.652838,19,809054.820768,14,807210.09664,13,733506.837957,164,712504.510316,48,657522.479825,71,636821.062399,20,633635.336951,33,552457.641555,63,549070.766871,50,489549.680751,34,452935.901548,78,432058.071007,51,411701.94785,31,407079.719756,95,388429.255501,89,376636.660056,60,AG
7534748.761018,178,3605634.733045,266,3293739.918775,177,2227002.177735,179,1698876.486628,176,1240937.301217,267,1158255.505078,90,993862.681598,264,953179.817082,175,933951.502767,180,922258.634582,88,828031.633812,268,749464.124422,120,717512.753687,265,706884.409274,89,695171.94504,174,638220.82912,119,600174.616325,173,533889.233373,181,527307.594076,183,509548.440425,172,454739.954725,182,429772.103195,263,421978.05634,269,411660.766938,94,398042.917625,91,376380.127836,185,363462.415596,121,355316.120202,355,354473.533162,184,346394.983824,354,344182.62239,95,flute
4844099.160862,23,4743099.881552,12,3054183.690816,45,2789567.588883,16,2434266.303968,237,2093055.083605,22,1738277.53085,15,1583035.917756,60,1545892.548168,178,1421939.487703,31,1276996.624177,119,1189628.470543,11,1147194.25546,267,1040775.28554,30,1033314.674331,148,987452.702658,17,929144.380025,59,922580.804505,177,883651.164681,13,864639.926349,21,764037.286287,14,688162.452346,207,603253.641685,29,602856.17484,118,492133.821347,58,490243.797266,46,473304.063673,24,467330.066568,18,461587.969865,19,445137.827447,236,439915.700115,44,433345.739698,265,AG
5628637.732844,99,3477084.885909,45,3006796.030556,98,2881658.310343,60,2833903.021643,30,2603014.729105,31,2103507.067313,40,1587488.208249,100,1222109.916558,97,1105387.973376,148,970915.384885,32,945717.909193,39,928959.97929,89,921614.650949,147,876901.466831,118,857831.269244,217,843005.291049,41,783665.353178,137,739309.540531,29,642221.10694,157,641360.161008,101,639424.332954,33,612149.514607,216,573012.141172,158,557578.858571,236,547823.366327,149,530286.788431,119,526176.023805,28,488894.401005,38,483633.879018,197,466211.919073,175,465169.411251,88,violin
9735677.19441,16,1787627.78263,15,1300372.998039,17,850752.970655,14,780935.179892,46,779736.503156,45,715832.235681,18,552132.720291,13,449439.532788,19,419930.303281,12,392112.663354,30,349298.896991,11,337662.036159,20,278427.121401,31,275711.462091,21,271526.246327,47,246460.191452,44,243040.073911,22,205057.857785,23,191424.519145,29,181403.626517,24,171890.305753,25,171477.165528,26,170408.061168,43,168626.621087,28,162868.63346,27,151404.303005,48,122576.669288,42,105439.848282,49,91008.376575,41,88571.065115,75,82854.720125,50,tuba
8549726.575504,36,2548182.728779,71,2299738.495416,14,2015469.386753,32,1296390.248723,106,924974.972428,35,912672.948457,19,881952.775433,53,849015.776726,18,761444.193708,17,674259.633197,16,650728.567607,62,607228.733918,37,561556.134099,54,498801.293176,213,495932.410521,27,469407.839119,11,463997.742627,212,450349.739203,63,414178.485034,20,412000.545705,12,397474.023122,38,340725.354739,13,339564.570903,15,338684.376172,124,338142.385963,285,328737.266192,177,318785.461097,40,283750.235281,88,282154.111179,48,280139.229873,33,274159.751855,52,piano
1859708.459974,13,1756722.376882,20,1582952.412209,14,1237540.849843,19,758237.04618,12,722013.014899,32,678751.585096,17,653769.141183,26,624478.959736,15,577000.688927,21,558696.924589,18,514266.800059,16,444864.585752,57,380139.414781,11,363018.694787,24,302131.403789,22,299090.984921,25,277233.170951,39,275910.237565,27,201769.995316,33,198824.685666,30,190603.018425,34,190312.748252,23,182600.770416,28,171455.572612,31,159989.009729,76,150973.166587,40,150394.663857,36,145726.403584,35,138146.355068,41,137535.674359,29,133426.709646,37,chello
4675472.90593,48,3241366.136286,140,2982660.462883,36,2779030.753404,188,2659548.37906,47,2533131.013076,141,2524101.344297,94,1673812.123892,106,1585737.85909,328,1239811.38485,24,1215429.40266,93,1200444.997973,49,1165561.116857,281,1132670.213291,142,1128794.47194,95,1063776.605171,46,1040127.169522,105,1003280.507559,72,841915.858,71,828055.47476,375,788011.12315,35,746635.353121,187,744691.684966,70,732406.45259,280,708290.033125,69,640641.412051,92,637748.013773,45,632929.981877,278,619122.955892,50,618071.53466,329,594973.609629,164,589776.346285,138,violin
6113117.400821,11,3769316.328367,12,3039904.340569,25,2157095.605859,23,2141335.531863,26,1889967.276791,20,1865318.645251,22,1634638.048982,30,1427964.448065,40,1417579.52902,21,1290826.794429,24,1235710.157877,15,1133624.241949,19,1047547.645861,13,986967.16053,16,901334.744738,17,858277.187249,124,748599.062503,223,690253.07803,39,653679.178653,125,607035.137261,41,530001.049045,45,523800.163586,198,507477.931484,224,499504.611389,199,482064.658601,99,447394.284942,18,434291.734987,50,432708.663717,100,408884.718399,59,381064.99028,174,325627.205803,28,AG
8208135.002136,106,4215833.783773,105,2046605.720273,107,1945132.121433,104,1356422.33225,108,1191355.187362,103,989115.256478,109,902971.748406,102,791344.125381,110,724394.97803,315,684069.03635,101,624846.387397,111,570371.43584,100,498437.084171,112,453910.067212,99,417793.12208,113,412979.315957,316,405237.926756,98,391313.326335,177,356700.384555,97,345146.564415,114,339805.112887,89,332398.222365,96,328520.486305,115,293562.730697,116,292963.567242,90,287693.727088,94,282916.674071,95,282473.297258,117,255614.712426,118,247650.708524,93,241854.300503,92,flute
2049469.958337,13,595276.727083,16,424653.509438,15,360683.153061,55,357655.203929,11,318845.324012,12,309674.530576,17,308315.68685,19,266228.821092,18,225323.60529,35,218793.442935,59,218706.826064,63,214722.243427,27,197598.908273,34,195411.315003,24,192895.468684,30,185923.596424,31,177827.286467,45,174097.807796,25,173793.568384,39,170140.311729,36,167368.786855,14,166483.179931,43,165280.3659,32,158343.004265,28,150787.463395,41,145736.006618,61,144039.511963,33,141740.921386,21,136109.178301,91,132441.6013,51,128595.897825,79,piano
6517088.999553,28,5596852.204317,27,1351371.954712,134,1267448.787706,77,1244471.74508,52,1183130.647079,51,1116719.481473,29,1087305.753512,187,1085122.833488,76,1080695.910829,107,1038851.669623,81,980241.256062,25,961073.538765,161,919329.198349,108,839839.108512,30,797071.850362,203,776590.380871,178,741902.503323,31,738203.90316,78,714139.505126,127,712416.085006,128,711793.430526,103,687618.834595,186,643889.572516,102,618438.430643,188,611488.737886,204,603469.450912,80,600055.175755,32,599137.476076,202,598109.932541,54,569185.575533,135,556415.851961,75,chello
7069705.327633,40,3598114.423795,17,2920361.654033,48,2867601.558423,41,2222747.393245,16,1470221.24051,39,1290080.65431,71,1276406.57684,47,1242292.652729,42,1166700.338507,18,1007575.753897,80,915441.18265,15,878645.424023,79,839827.800115,32,811430.885042,38,726700.421415,19,675753.66592,14,651441.678233,46,619724.199735,49,598357.277107,37,581840.306045,20,577188.953413,44,576409.015812,43,572332.868176,45,473955.523813,21,449407.805245,11,398589.315123,33,377780.607707,110,377437.786178,35,346544.223059,22,346372.490648,81,343683.066721,36,piano
5725748.894661,17,4032949.338717,18,3910406.305966,34,2606393.868078,33,2341997.765521,35,2143389.258866,16,1900002.56593,19,1772507.283678,32,1460437.174674,11,1018577.805396,15,873551.015497,36,757749.630053,37,639963.143834,126,620314.483015,127,614250.958556,23,594793.055251,22,578652.552163,20,575977.927359,13,559688.677039,21,558442.727679,14,537726.828039,101,489181.978978,31,485921.409568,12,474070.263615,128,463189.567282,125,381248.574842,25,367503.701419,167,361253.422708,267,341112.271667,124,332278.123352,26,326116.677416,38,314066.458698,95,AG
6923489.442033,19,5029616.244479,18,1958194.964928,20,1857512.730723,16,1849323.144539,17,1075233.403509,21,864201.771479,11,767245.6624,22,727077.997194,36,679410.11732,14,675795.425605,13,664970.972344,15,620706.869515,54,594529.420933,23,467779.66963,26,458205.108582,29,458035.34583,24,418450.745379,12,400185.80768,45,391887.762282,25,350766.857437,53,313282.22308,72,288851.426149,28,286086.89702,30,266337.598082,89,261262.262167,63,259182.363964,35,238013.39691,81,231913.780993,27,230403.583193,71,224379.07653,48,206667.813631,34,chello
4563880.665772,23,4350106.439014,16,4304317.283645,45,3091955.36852,12,2431196.094101,30,2270218.222629,15,1724572.238945,60,1633459.919005,59,1303641.028725,22,1284491.221402,24,1056281.548516,18,1031138.165772,11,969662.289776,17,846962.551407,14,837331.005381,31,685809.927596,19,681615.18826,191,667297.299624,61,666601.193302,89,649837.477576,44,640918.180363,235,637054.516267,111,626621.218179,20,614245.119619,21,612462.006327,25,521854.595973,58,514780.618112,134,490228.34275,46,448818.41774,221,446046.642347,32,431562.045078,62,429116.02826,118,AG
4100539.440138,32,3549717.185664,46,3374106.384928,20,2875146.966564,19,2132190.856753,45,1964243.493479,44,1707300.783297,18,1569503.861473,13,1481006.444881,135,1240607.986663,268,1133509.382034,26,1049978.299412,134,1032120.501351,47,856333.736463,43,841487.374534,38,773040.999516,90,708967.300007,17,690386.326136,25,682034.694878,39,676432.072534,48,673170.400606,179,659969.109646,224,601015.910431,24,599022.840669,14,591216.79087,42,517995.621815,41,485109.90001,49,484958.961783,22,477665.04445,23,476847.729536,21,471451.186603,133,445914.596539,136,chello
7849153.356598,15,3569388.656993,19,2334001.266996,36,1780882.706845,18,1518893.144344,21,1289520.440816,17,1170652.993189,29,1157537.703618,13,1152955.612714,12,1120629.779315,37,1108863.357957,35,1027109.623855,34,1014752.58444,38,938692.790692,14,934489.498079,23,870949.97302,16,724306.529684,20,503750.803519,32,412676.701876,30,381210.146085,45,378252.204616,33,362390.177117,57,340599.351255,40,340125.420298,26,306292.616707,39,279135.337949,11,268698.767471,41,260027.494255,28,258127.358461,25,256828.94593,43,238836.35375,46,235009.129341,71,AG
6289126.999065,23,4895523.386973,21,3164126.010206,20,2769407.560731,45,2090581.762218,14,1806483.491621,67,1527078.82309,22,1256778.859574,18,1128438.227491,19,998779.435053,89,968469.567396,46,853769.932139,40,791637.117281,24,737396.374542,100,680022.409157,90,659380.593949,68,574657.262053,41,462630.903839,27,453701.600895,50,399502.324429,178,398985.940671,60,358052.950796,134,355613.248279,69,347140.356161,80,346530.876219,25,328455.459678,42,326732.975801,17,325951.934216,66,322568.722837,47,312167.348173,12,309798.297979,44,307631.476632,101,chello
6263381.951424,16,4249290.333271,15,3418068.06321,45,2505050.85993,34,2284669.10169,30,2073468.256688,17,1956023.826197,14,1880536.482519,12,1366613.143243,13,1083670.764751,59,853901.3122,18,840832.869112,60,810496.986296,23,716082.867283,44,715807.05926,31,640595.36338,46,541173.549166,100,534974.464894,29,528138.617869,19,462979.634141,58,434144.451854,199,428247.18542,20,400625.92681,32,393141.621993,11,383103.454207,133,355252.29607,47,341451.767391,33,324400.666466,25,319333.073182,21,310302.660431,49,284743.748726,48,281127.302762,57,AG
7988345.584431,18,1143699.722813,11,972620.878724,26,922236.275838,35,671799.121025,28,669559.46052,27,533116.848738,12,455473.187795,13,396884.910292,17,393628.090624,45,340932.716592,14,315186.346727,20,312863.971956,37,311966.307924,21,299251.716016,30,288626.327253,29,279303.499573,15,255474.16092,44,248263.250467,16,229271.450856,25,214363.355133,43,202505.352373,31,178257.957105,24,162705.984961,39,162617.577515,23,161914.15947,22,148344.585285,46,143013.270189,48,137642.253487,32,134123.465064,42,133864.531782,38,131267.724689,49,tuba
779485.996178,13,560671.317052,12,550037.77992,20,542464.892637,14,417809.108218,19,407072.116183,17,257719.567868,39,247168.487998,15,211307.163186,46,199815.005226,18,197351.419314,57,194663.62875,23,192706.495675,24,182765.014517,36,177705.384407,16,155827.336832,32,154298.265519,25,143042.82198,42,125957.774407,29,124217.117083,34,115770.573551,49,111665.380615,44,105481.797591,41,105287.238683,27,102677.391492,11,98551.560686,43,98115.058393,45,95074.464449,53,93982.173379,22,89660.844901,40,86083.113987,55,83898.630726,91,chello
5182750.48381,30,4398168.092657,59,3263014.901656,31,3030840.556935,29,2428060.975715,58,2096348.193765,28,1974080.967503,89,1871803.429536,60,1447849.129904,87,1428803.258806,90,1254281.238387,88,1226009.719128,32,1075159.762649,61,1069804.76352,27,861784.824917,57,822856.952005,33,807681.584524,26,711524.262281,118,658721.375987,25,649379.221999,86,640830.899783,119,559354.743892,34,555697.169949,24,508559.326233,62,503572.531201,175,488683.523555,23,471453.742683,35,429828.702881,22,411322.465267,91,406765.188486,21,394455.645821,56,386379.462364,238,violin
5020130.360555,157,4682920.641004,79,4327541.590401,158,2477557.145324,80,2437620.52593,159,2045912.336869,156,1723458.669243,236,1402502.97262,237,1397779.595276,160,1316578.412512,89,1194606.971475,155,1115968.523546,176,996349.579287,235,947670.606781,161,838064.982395,154,835517.569691,88,797409.131887,177,708146.739148,162,663968.635865,78,643509.854554,153,588353.841567,81,531137.782284,152,491340.80287,82,490945.530748,163,490205.679062,164,462005.155977,151,441717.763255,238,414041.429409,77,409377.897335,165,399995.013921,150,374714.233706,166,352093.855813,168,flute
6522202.53896,76,3508664.111026,51,2855151.543649,50,2559288.342798,126,2404891.265175,26,1913772.279273,25,1544941.22935,75,1257658.216162,52,1177774.735325,100,1175701.112209,27,1148354.933447,200,1039391.70622,49,1036719.174695,125,1013099.732844,101,897567.584633,226,873851.601953,67,873159.432499,77,848782.19399,176,725720.591454,78,712288.687323,21,701515.799007,28,674554.65252,53,601351.912586,151,587902.391789,45,584771.100343,46,582051.970766,29,571411.74348,74,550973.269637,19,545126.932312,250,510447.213044,251,499042.812918,127,496392.662256,20,chello
5778891.219382,40,3860008.963548,60,3143965.694454,59,2455206.537945,31,2223237.835893,30,2183119.808129,41,2146305.210161,61,1601192.571908,48,1498279.387643,17,1338723.313335,80,1217667.504666,16,1138381.617053,32,1072412.751457,39,1005050.63406,38,923604.343869,29,910269.602174,42,903395.040563,57,898546.53563,34,867432.994887,79,797551.95081,55,789840.663376,28,767174.359955,58,641514.373289,63,621726.290535,54,612666.303543,27,605847.951966,23,562019.862359,12,557086.132448,52,543069.157052,36,534620.66904,33,523500.002735,26,501156.792923,24,piano
5861073.071509,11,4229077.693587,22,2850557.615594,43,2118880.441229,15,2025110.944501,16,2005725.614462,14,1635869.077012,210,1396783.988473,29,1330365.816106,168,1302611.203307,24,1246167.582316,12,1135087.887318,18,937452.60965,85,928064.607605,28,904268.760386,30,794306.158947,13,788962.687372,294,682214.242983,25,669447.332618,42,668182.828381,31,653448.988397,148,619310.99293,19,607651.157451,23,576756.607303,64,549463.155895,84,543037.044802,26,541341.625832,57,512209.784,27,497639.200434,336,461574.639307,106,443045.587859,20,382154.536699,48,AG
5129819.757152,50,3412790.382372,21,3204265.170259,23,2972932.282448,26,2957385.846445,38,2438211.223601,25,2249366.920652,13,2097516.551581,30,1561715.83245,16,1445969.649378,40,1325682.75821,12,1301931.801364,31,1085313.665254,19,1036697.816808,37,954728.221464,99,950807.755015,20,930842.272585,22,780526.845205,70,731388.062237,74,720741.516897,24,699270.764863,29,636807.732028,39,571500.223392,172,563020.273942,18,555063.366361,27,552290.155048,11,551947.378197,42,537999.845177,47,501935.87166,17,497432.769747,197,481528.807918,41,464748.008292,136,chello
5948761.250883,14,2538472.53943,30,2075449.229315,31,852150.687767,29,796191.603594,32,759966.832892,17,753219.43064,19,557262.740194,27,526650.762414,18,474879.955677,21,472073.519637,28,470339.980356,23,431203.362362,16,421873.285662,12,410288.638234,11,409318.867953,34,380174.157149,33,363771.497272,20,357844.806817,13,352408.454624,25,321223.396011,50,286149.822659,35,284881.479297,24,254064.459601,26,231242.147571,47,207949.771685,22,194376.940602,37,175034.415009,36,171523.413742,15,168246.751215,60,156942.014617,69,128485.601605,39,chello
9503164.948545,15,2931885.692446,36,763695.131065,14,734040.406677,18,660626.430778,16,557968.604422,19,516653.429193,17,460349.594613,13,357586.002811,35,329882.879029,37,280297.046133,29,233058.991632,39,222542.837007,38,198623.489486,12,165935.503724,32,159141.528804,34,141486.941661,33,140171.759091,23,128608.300573,28,127371.301748,11,123907.739453,71,109379.467481,40,105437.328667,41,103851.245828,31,99454.514697,25,87416.853941,42,86341.521792,22,71444.873296,26,71035.599022,20,70117.556414,30,70094.183315,43,67961.484706,24,AG
7081380.180951,28,3595524.961982,56,3475866.836698,29,2492391.432893,111,2192311.080139,27,1983210.105345,53,1498021.978533,30,1101870.033261,110,1016149.608473,26,976498.580235,52,915882.853646,31,743376.690218,25,733962.349299,57,658314.495162,83,596556.839449,32,541833.645445,138,525020.036959,33,521802.993135,24,436176.047374,23,409074.562475,22,393602.477649,34,385313.270496,112,365129.085918,109,360376.452323,55,341595.953338,35,336212.223631,51,335176.275554,58,326156.353862,36,304850.930306,21,301147.846453,18,277415.435164,139,270281.029244,37,violin
7528991.72499,15,4115984.865611,11,2229090.190962,57,2215065.402185,29,1707813.039057,14,1350931.613525,169,1262940.368778,12,1238473.45907,113,1178308.866472,168,984855.49653,30,764152.102285,13,667556.530676,85,639487.790242,280,568454.717755,56,537195.883081,84,527758.657785,170,516220.759284,28,483717.318919,281,464436.766504,561,448827.584502,31,431776.853292,16,414027.304525,183,409040.827472,24,387266.8287,112,382370.252004,278,380931.319764,225,380586.484179,48,376045.786937,33,373687.759679,224,370475.848063,336,363451.032065,71,359262.816265,25,AG
4333884.964942,63,3275565.181799,374,3077478.824428,32,2970241.167952,125,2551860.137802,57,2466315.338236,187,2410912.145232,56,1851501.435986,93,1752380.381734,250,1367531.361407,38,1329459.810008,47,1258764.416001,373,1119908.835515,249,1098267.787791,48,1084479.912288,62,1076590.931899,46,1035243.494619,94,990102.304841,64,969004.686309,65,940765.970128,436,933346.248079,55,841379.253964,312,840130.218412,126,805501.95076,45,726089.714562,139,712870.641482,61,664556.559966,66,661567.732276,37,639520.430664,58,598255.672441,92,592908.758936,372,589476.671807,33,violin
6707033.141301,40,3216204.331702,21,2864469.430219,20,2445894.531913,32,1733565.623728,27,1654609.202433,41,1546217.290243,63,1260476.063697,34,1212341.879559,39,1130142.215665,19,1053143.402015,66,1044363.29652,86,935818.550872,22,916228.71786,60,909122.137411,64,818308.418654,36,813921.668054,42,804013.393052,38,787447.749878,67,748126.599192,18,689411.907884,94,653798.395572,14,632188.513274,37,609850.396631,79,605339.987781,139,593602.33705,35,580737.802802,95,567724.801868,93,560859.071502,99,560030.966349,33,535401.620672,53,519496.821654,23,piano
4931511.322473,47,4477219.215765,48,2741189.343812,57,2486165.539573,95,2099653.787102,93,2090231.261696,32,2078068.798057,56,1679575.826423,94,1472576.123467,60,1411552.683053,38,1381355.026784,75,1288451.553459,185,1270835.610188,92,937790.00962,96,900859.893,373,892656.28837,64,859458.383341,187,830152.920549,63,788207.498385,374,746599.750203,37,723042.550068,91,673782.478553,375,653045.029607,90,625768.092867,280,619925.1759,55,610088.600593,50,600633.848233,33,600063.002406,97,595245.202794,51,587986.632811,58,586409.802917,59,574207.232296,376,violin
5902603.965707,13,4787553.548701,14,4301747.914572,29,2429448.38176,11,2054588.072894,26,1796200.935308,12,1607089.530342,15,1468985.910625,57,833424.281703,85,743365.937787,16,665801.823369,20,652349.271285,169,642388.126634,17,568836.694505,168,541982.104547,38,534959.216223,18,426514.773636,113,424320.101165,19,382807.308826,224,356683.184395,39,354868.616893,25,352056.002082,30,332624.802744,56,320008.098721,28,312413.865257,21,296282.695832,58,288360.908459,76,249120.638206,22,244675.789377,280,243467.071122,23,229921.729874,31,202079.584202,37,AG
5407610.744169,46,5070138.784788,45,2594339.638215,20,2119872.028852,268,1989992.85911,179,1771601.984725,13,1681105.3512,44,1623398.447796,19,1244429.389692,224,1152845.133951,47,1076015.805187,223,1011123.588843,14,996637.869453,43,996431.253709,18,960860.27886,21,770239.848889,42,672848.345128,17,666490.058955,49,625379.93106,41,615066.155139,48,614896.341239,22,598314.373907,30,573460.286478,12,569591.468999,40,558469.267075,39,551853.480762,24,545163.619998,312,531326.294916,135,516769.879622,50,474582.064139,25,463528.61996,313,460110.393356,23,chello
714571.298427,11,526275.358822,17,468736.748205,16,382460.327902,14,341628.997756,12,321258.259749,21,223361.764542,20,205831.671314,15,196419.955636,25,191585.449741,13,183693.562478,22,144536.580947,29,131595.068344,26,124949.670521,32,121663.192181,30,116370.73774,41,113653.928753,23,101459.055615,19,99221.380949,37,88909.106797,34,86146.105491,101,82360.067658,31,80036.203042,35,78849.136875,102,78063.731399,45,74447.456427,53,74117.169438,48,71319.757337,71,71066.092678,33,70952.002167,27,69895.378832,42,69829.155512,103,violin
5588667.422635,14,3732317.261319,13,3403536.331669,15,2844724.911314,30,2347201.040416,29,2311607.934939,20,2262856.442569,19,2210609.157622,21,1840029.866959,16,1483923.298021,11,1454047.976359,28,1036035.672269,31,1034441.07517,32,922413.025712,12,802391.691284,39,784703.607925,40,736401.179183,37,706637.41718,34,657351.408747,36,620030.571662,22,614487.704908,27,567559.334768,26,566835.319781,35,519608.579244,43,506778.246808,17,471599.663352,25,471193.140321,33,444912.614719,53,378980.558543,44,364625.93186,57,362468.45696,46,353047.703471,18,chello
9175327.210814,106,3531345.711947,105,1405052.995719,315,1020806.918599,108,845747.556875,104,686965.04157,107,602766.456541,109,577501.010907,103,520214.552247,316,520103.136535,102,505711.55481,317,406984.142002,101,402457.299645,111,398849.270499,110,375211.404457,314,374622.913696,210,316371.652815,113,313057.574147,100,244088.412222,114,222665.292541,211,215613.938495,112,208841.621843,99,206117.602357,97,205947.201757,115,197106.441089,98,191788.436956,116,180643.626637,96,174532.827995,95,169134.737077,209,162034.860617,117,144790.557935,212,144049.83244,118,flute
4512126.415301,12,4480360.623885,19,2318303.499032,31,2251480.639729,237,1762015.955649,20,1718385.045542,30,1662968.488587,60,1556181.866907,178,1528654.661013,21,1504795.019225,22,1454091.044231,47,1450779.993598,119,980556.480604,11,933535.935049,148,902049.216638,28,886132.424724,16,878795.32856,267,809613.914112,32,688962.634177,38,653202.817193,37,629904.910935,13,590079.045141,46,573250.181441,207,558547.674286,118,533922.057652,177,518331.31416,18,477985.693951,33,468249.451782,27,464757.95135,23,434857.433015,26,414556.423063,56,403210.246029,34,AG
8184597.264722,12,2899046.793045,23,2196616.78351,16,1910829.227144,17,1559866.326277,21,1528878.679892,22,1466308.152113,19,1398039.15372,18,1241227.52844,20,1022291.11349,11,1014506.84935,14,1000361.169571,13,894236.585064,15,847102.0066,24,537106.499704,25,501464.258613,26,419888.744106,33,385247.240033,46,357990.516247,30,348177.682651,27,338647.766509,45,336691.600216,39,327310.602775,112,321864.760927,38,284291.892938,36,283438.555605,40,279661.986966,41,261699.169414,37,260650.678381,32,243335.612131,42,233606.424422,111,232465.75876,35,AG
6559539.978494,14,4290883.599949,63,3537439.610935,32,2197036.029887,79,1646035.504033,17,1462980.189185,16,1401103.228306,64,1196178.780743,48,1037426.126108,62,1018534.800947,20,1000083.788247,53,966449.389036,15,915173.624657,40,861387.075365,110,843812.218522,94,830190.424384,27,812802.924747,126,808888.75727,95,761050.610717,21,682567.556417,18,679463.923681,65,672178.650523,47,619259.629668,61,591295.779863,19,588526.804889,142,563055.608446,54,502972.357814,93,497615.388741,49,468963.828974,52,462138.808968,50,421439.827278,60,416900.354837,51,piano
3104335.738281,14,3034349.739652,71,2582189.114204,27,2259615.358904,32,1538623.500471,63,1498302.524924,36,1332124.087749,13,1146544.026864,18,1138422.021603,42,1093684.755686,40,1008274.436386,29,949381.396265,43,872802.584646,22,859142.600751,28,789842.257797,53,760617.004268,64,711160.830767,19,708229.534541,41,704906.095014,17,660742.909646,54,606835.628908,26,581325.079898,20,544873.947874,44,517613.468484,25,497879.243319,30,451859.266615,106,448220.179655,59,423662.14916,15,372223.585687,62,366774.567105,115,345115.96325,94,335086.911119,79,piano
7307058.117864,20,3101627.086953,11,3094138.813085,19,2586864.881962,38,1806537.269628,76,1775579.129627,18,1595412.944022,75,1542323.972027,39,1003623.574488,113,935857.956814,299,752195.659325,207,698644.242702,188,696040.224326,57,651198.37727,77,623913.666669,40,599525.333243,16,505802.884153,74,448599.017832,41,413498.897917,78,367010.201359,114,361595.796709,37,345495.531841,112,344788.841922,282,324277.70357,22,323834.742592,36,319562.292261,300,301897.237751,21,284832.016863,79,280400.97521,73,278709.009983,33,272076.829662,170,270912.618267,13,AG
7307335.234333,19,4492816.916972,20,3530227.007325,18,1732515.624324,36,1330860.523787,17,1241071.489355,21,1063908.47636,37,990734.764581,11,779834.760849,16,769874.014844,22,712431.893332,15,665577.123614,12,606785.643085,39,560646.310635,14,527756.483349,23,511586.11362,35,465566.093391,13,441278.630674,34,430675.566801,113,411595.011327,24,411370.857006,38,377548.928417,107,373601.413941,25,338448.122676,41,320747.675072,40,285122.231543,27,283946.47466,42,282773.875004,26,278424.708868,54,262567.893999,71,245975.623004,33,242455.626879,76,AG
8726916.491775,67,2895841.789752,133,2282937.999275,66,2035998.579868,132,1847927.445782,68,1197478.899976,65,916101.201958,60,780029.590222,69,690013.628854,199,645142.153335,64,574493.757913,70,505896.175225,63,424899.6988,177,418890.072166,71,418649.27582,134,403998.754117,72,403058.245116,119,382603.236443,62,367061.585846,73,363642.087133,61,350102.388573,58,298433.603535,57,224768.521477,135,222373.172212,75,221847.990504,59,219844.55916,56,206917.480636,55,199730.830934,265,198731.883869,120,183043.780916,76,182898.517622,54,171179.275113,77,flute
5063088.49605,54,4770764.032012,80,2805820.513358,53,2577801.142365,71,2169659.615798,79,2102679.551029,40,1801211.101541,27,1780521.163447,55,1559190.462188,52,1171692.880318,56,1163533.347993,76,1071051.045428,159,1016933.097821,73,982167.56399,49,937236.146662,65,859039.631039,48,788516.315134,66,764641.599432,77,762892.153976,86,740788.352757,61,740353.131793,20,721289.701826,67,693425.806146,85,690971.467295,24,674882.031718,69,668742.652832,87,668230.544948,78,639466.660421,28,635302.33987,41,612528.239996,25,592094.064273,62,588311.658014,106,piano
6324743.572361,13,4538175.472713,24,4273015.195572,12,2283663.848945,25,1947867.591031,36,1469222.633226,11,1397267.205865,15,1383120.155305,16,1299376.087021,14,963345.832213,26,896446.926645,27,796589.814157,19,741869.891354,18,654299.748383,23,619299.401166,21,549418.079237,22,505411.645462,20,483323.216914,17,471388.221128,35,333821.039166,39,324023.568403,42,316950.67426,48,316237.945746,37,236343.651806,38,217264.605943,30,213910.70942,32,171251.991464,33,166801.610154,28,156497.49492,47,156198.191805,34,152968.165208,31,138437.707685,40,tuba
9112989.075263,23,2089298.94181,24,1633087.265051,16,1473980.178966,15,1350257.077983,12,1167008.925776,45,1144205.153592,200,989041.618364,30,857346.779142,13,839319.035366,112,830527.273794,14,737136.625736,25,716342.004852,22,611022.552574,134,523156.063016,89,490834.362983,21,435561.749994,44,429856.577058,11,423344.722363,59,413822.959717,60,412103.912456,111,374350.654037,46,365873.931467,17,308753.53232,31,298665.916819,156,297823.13835,90,266870.396981,201,252568.567152,292,215771.965166,113,208131.935604,29,170163.685839,26,168459.176942,199,AG
3664741.295877,169,2940798.895037,171,2402064.106008,85,2273244.46426,87,2171791.953703,170,2071643.316395,145,2060250.552003,86,1998076.494504,217,1802858.001611,172,1737605.398816,221,1720234.37702,174,1622094.523918,74,1582394.910387,220,1578337.18979,168,1532542.644019,88,1466407.573494,173,1396947.747188,76,1146181.786744,218,1125457.462907,175,1122603.699613,146,998083.621299,249,961977.685973,72,949985.470148,216,940541.401103,255,932207.355367,215,920405.695067,226,917945.23785,222,899229.44596,89,825638.000595,75,807850.368321,79,743648.302425,248,717259.861199,84,violin
4037214.098048,19,3771857.670153,13,3523352.309054,20,3398741.561933,45,2665749.810529,46,1821883.652302,32,1518007.208488,134,1479596.913795,14,1473256.069917,135,1355188.859196,26,1323991.157955,268,1255647.862973,21,1113794.05195,18,1086480.105169,223,1053543.059794,12,877434.918781,179,821981.597466,47,772828.960656,17,702170.106945,22,691793.493254,16,688111.092589,25,650057.751267,224,633851.615421,15,621519.417226,11,560866.513481,48,529319.252431,43,501057.335763,57,477787.996208,39,475043.534715,44,458788.556435,23,458558.008946,133,434049.123608,33,chello
4672232.644269,13,3883921.034438,20,2553799.091843,14,1987434.910647,26,1870803.475407,19,1279853.443237,12,1223067.417196,15,1217342.268059,21,1088851.763335,32,1030235.926006,16,1007643.758481,25,981028.842469,18,841894.793531,22,623539.823104,38,617310.204465,23,607122.67361,17,589273.048645,11,529124.687557,24,522633.727803,57,396587.670074,63,325296.653253,76,306130.271647,56,304674.935109,45,290915.141399,33,289415.358008,27,283887.513064,75,277482.70137,39,209647.234185,100,196081.961797,37,194260.076694,29,187879.667557,64,182226.071825,30,chello
8064949.179412,18,1352553.119332,11,1324205.289315,27,1124210.793896,35,1021471.999774,26,835772.285051,12,570051.826196,13,433517.848967,28,417463.048888,14,408057.31545,19,388212.218751,44,352360.534248,29,312550.670953,15,281993.54088,30,277854.695932,52,249168.919144,31,248734.280176,20,246621.997697,16,228040.702429,34,219786.116388,45,219108.098983,25,213568.405148,32,205770.439312,43,203976.700851,21,200430.611188,33,183495.715527,37,173917.640475,46,165123.78594,47,145324.824537,48,139549.681857,38,134580.845998,78,133026.56528,39,tuba
5605758.157057,19,4827604.674087,18,1648039.358478,17,1546352.141881,20,1325421.070593,27,1304680.635547,16,1222927.56845,45,1188753.633286,11,852398.809045,12,822986.323083,28,808613.948521,15,777103.547359,22,742175.868155,14,704945.376559,13,594767.599573,36,557845.222096,23,518915.359251,25,518232.534252,24,503198.177797,44,474902.311888,30,469541.335193,34,424474.425201,21,410782.058411,26,393514.286066,29,361141.490935,35,335575.782854,63,323724.512228,33,266062.156655,31,262946.383992,53,258169.980287,32,242129.494619,38,227498.098081,71,tuba
6122661.48887,30,5315310.615253,89,2147054.977728,147,1986938.394028,31,1639470.541913,88,1508007.528183,59,1462009.271567,60,1313948.811456,45,1146785.437288,63,1143233.980437,62,1061911.201549,133,976462.348802,221,956110.625403,61,929066.472724,148,915255.590949,87,857832.319632,29,839938.404023,90,797065.931848,32,756108.155489,67,703912.867895,118,631146.300704,64,621687.981685,91,615302.259645,28,590388.563166,206,590063.144868,58,561503.536951,266,551871.207688,235,542545.308153,46,538561.712229,27,534831.435666,353,522116.390294,236,491092.46129,92,violin
5183891.466078,118,4305316.079599,89,3391295.37434,60,2474750.83038,147,2253038.38324,59,2036255.159214,148,1884318.359702,88,1494852.754066,30,1489459.803509,119,1407557.466583,58,1285277.724513,90,1279738.634993,50,1110500.613258,235,1053646.915325,237,941487.033569,236,906236.934197,91,873657.429228,51,825800.792142,87,725225.068147,86,721952.206519,120,706081.651027,62,698457.111865,117,684324.289294,85,676324.919823,99,650655.352665,92,641502.686536,31,587186.789456,100,564842.333155,234,544547.20778,49,541241.904726,93,522721.817829,146,511247.806272,56,violin
2646300.084573,11,2086423.169018,18,2018133.003677,28,1578613.003752,27,1479773.785244,12,1347340.403523,19,1286632.819752,45,1280052.334289,13,1227118.769363,36,996979.338031,15,924829.451629,22,822272.958379,16,817298.548285,14,746260.923919,25,694752.526703,21,657326.858676,26,654040.886456,29,608370.147357,20,474865.841413,24,412795.87886,23,407426.44969,44,399437.001411,30,395675.228884,17,386226.51651,33,372330.247396,31,370197.607402,37,340333.934101,35,338997.53297,43,286256.587352,34,271033.326519,46,237293.813034,32,234092.381402,89,tuba
3439907.022984,95,3401034.832529,100,3042952.977978,189,2917411.233615,30,2425667.717881,142,1959992.968548,101,1792740.216208,89,1615058.178328,60,1597886.92318,88,1578765.735226,250,1439473.945015,98,1437813.038938,150,1353709.081785,190,1345835.535804,47,1291423.115362,61,1147850.89265,59,1135821.625196,188,1106337.880659,251,1095324.09014,51,1083823.009924,200,1065157.626639,151,990958.842016,149,985499.873175,102,978538.771767,96,967318.642347,48,951959.590049,238,950493.079783,237,921358.580468,97,870103.457755,49,853988.591559,201,853090.114099,191,759775.059951,119,violin
8038768.050072,47,3782659.735325,93,2835592.443384,48,1777782.413931,46,1763733.422781,94,1149977.923036,95,1005225.705823,49,903480.829229,92,888248.797996,45,728873.866132,50,705446.763773,324,665226.28876,59,607159.304099,44,544096.242509,51,472727.931283,91,445589.79937,52,444796.14593,58,426108.887133,189,420014.966682,139,406111.188403,140,394300.1476,232,389756.486966,43,376244.768351,60,369872.904696,231,369732.853128,42,325664.819237,53,320988.432227,188,308017.072566,187,302072.611904,61,299240.538736,90,274244.85024,54,272131.170447,279,violin
7428219.876855,14,3678741.017976,21,3030070.678734,20,2733914.125935,40,1153065.928963,63,1107557.883455,27,1074025.57788,22,949106.156603,19,927660.782625,79,832341.949444,86,777467.467296,66,754738.884071,126,720150.719966,54,711668.136178,80,666555.096252,41,652611.389942,64,649002.510936,23,642685.7152,18,632485.68076,93,592421.087604,13,527551.875537,24,515699.572746,11,495597.904081,139,482678.120911,28,461956.514469,60,452331.384595,99,439355.717354,159,415534.389844,65,410780.802939,132,406003.024154,17,391141.251936,53,354214.264049,25,piano
6547512.918544,94,3262796.894228,93,3238073.593767,47,2766388.419453,63,1770916.506969,48,1757030.833916,99,1733000.564491,233,1570669.91313,25,1435125.010865,49,1368982.33437,92,1208902.526196,26,1118162.669225,46,990910.157226,125,973193.085042,232,740858.060128,50,724212.418926,187,693511.531881,234,693192.996327,32,651207.180057,100,641961.847718,91,620076.469727,95,614295.744973,96,612482.080265,45,603440.857036,98,582386.441682,235,561743.992184,186,542467.071982,372,498142.675417,44,495296.024594,31,493515.569306,64,489616.692997,33,421233.964815,24,violin
9019508.376665,119,3988414.247263,118,1059344.658807,100,1028851.949488,99,862078.739593,106,856277.47374,107,658515.364935,108,495810.248026,120,455511.004049,109,376989.924547,105,361215.998912,116,355292.011826,121,345475.451961,117,329049.883756,104,322810.709887,98,318745.093877,354,297958.21422,110,290836.756247,236,285664.051456,103,274257.992908,355,273392.129274,237,271145.290881,101,252638.468094,122,249656.326479,111,233788.576991,124,218360.464272,97,214080.995357,102,192217.014575,96,178070.706441,95,175644.966142,113,167711.180654,125,166620.163106,123,flute
945407.047246,11,747473.94997,28,633042.866168,12,593412.332694,17,582093.987095,23,560818.066126,26,556865.879413,30,395181.453992,13,348796.957259,27,328059.431193,29,325687.379696,24,284854.764476,22,240609.389497,77,235506.218215,44,218580.360301,75,202546.360543,19,193398.001245,48,191091.53971,21,178734.809154,20,165342.6357,82,162182.435116,155,160036.048029,91,157480.103728,39,153310.833102,158,151616.513947,25,141248.802384,81,140503.704908,83,137210.595028,31,136594.903794,201,131882.371013,74,128513.905952,40,125174.275144,117,chello
5797435.222951,48,4282407.382253,80,3259946.039198,40,3212064.56423,47,2595196.718946,71,1416082.357049,141,1407095.665921,60,1390321.571991,49,1359438.683718,46,1224266.472578,21,1070138.449578,79,987931.917482,159,920119.897458,142,874000.176455,50,866690.702867,20,855775.768045,39,826362.064586,41,795870.916318,45,660522.846756,44,530981.493239,81,517191.003023,52,507756.234661,99,495365.862249,74,486836.323315,38,475595.031464,26,473282.651088,64,464719.099435,51,446256.745213,37,424889.188404,140,423784.800035,94,420252.583549,36,407495.416402,63,piano
5481950.953423,12,4735535.224094,11,4700769.604192,20,2447981.489895,19,1999077.297015,17,1517447.562228,13,1230174.954252,22,1183429.32981,18,811852.155214,14,802193.367959,21,783838.899107,32,621104.950915,23,581769.895569,15,447177.942035,33,427648.802344,16,390386.60182,24,291638.151761,39,255450.143438,57,246644.22283,26,234890.850897,34,220923.117265,31,212687.421597,28,211162.488008,25,203458.563541,27,202750.16,29,198647.47891,30,196189.961958,43,195053.742432,40,194127.561303,38,163919.401702,35,138370.647657,41,130344.764248,42,AG
1943779.076669,11,1106969.569687,63,716713.793132,12,540468.286659,94,521561.80378,14,466182.119028,64,465023.489621,187,435151.135063,24,431132.084982,15,407059.519874,125,397387.657021,62,348823.491149,19,345847.128643,16,344019.822788,17,313913.319718,25,277823.37129,21,269193.946715,20,248632.105845,99,226087.798918,26,222211.74214,28,208213.00716,34,208067.062756,33,204983.804796,13,199726.684222,188,197937.725723,93,184836.496637,27,183937.991796,31,183474.010612,36,181290.837152,65,178313.086294,55,177350.829606,61,174305.13657,54,violin
3710529.382667,16,3460996.647579,38,3412275.176628,45,3130630.191528,23,3000395.860827,30,2589783.283582,15,2131437.592808,12,2061866.359962,31,1900793.695617,112,1427491.983443,259,1351041.473422,17,1332153.447865,222,1260188.695032,13,1244674.837724,14,1231625.554317,111,1109804.770165,11,991854.81945,408,917483.195088,37,899260.135683,148,890357.167454,29,846111.880599,60,829096.445904,223,802626.731049,149,747125.818862,32,720067.852557,260,679921.559813,24,641386.994326,25,634351.845661,39,623682.958303,22,599559.102429,75,592573.520223,113,581378.11745,119,AG
6268578.197028,79,4895380.254888,158,2676511.894706,157,1896103.676985,159,1737755.35459,236,1635549.134761,156,1602894.654512,176,1483149.370657,120,1381890.682041,119,1363732.579882,80,1316504.98287,78,1049185.422884,121,1041865.908834,177,1001833.469516,155,992430.083575,75,926806.356665,88,907551.807734,118,726697.951042,161,716758.339169,77,681944.549505,160,604103.553892,149,552671.429894,154,536894.803285,122,456740.612532,81,451712.375439,162,449062.388837,153,437795.90112,163,420520.514281,235,419619.806065,76,412536.535317,152,407790.195998,124,403718.344712,123,flute
3542585.855749,11,3397108.528778,21,2580043.517787,16,2548067.898952,24,2531395.158709,20,2385052.774491,15,2355024.95993,60,2204791.092723,32,2194464.020099,13,1664337.357017,12,1662543.616937,22,1609827.50465,18,1443763.849987,50,1437354.209953,36,1421670.518213,19,1395382.241511,14,1385619.882714,25,1369520.774925,53,1366396.85021,35,1164255.61497,40,1043638.385287,23,950548.936454,26,798172.547896,17,770418.036638,27,751831.834485,68,730460.39051,65,693269.126354,89,680113.047027,37,631564.222411,74,612648.657419,30,578541.172278,71,572143.520591,75,piano
1239634.12989,11,809027.227016,234,704929.672401,42,596163.929755,16,587987.304731,261,525506.573309,262,524044.379388,254,513418.316974,235,480488.310054,208,471208.913209,26,470842.774097,241,459320.591546,470,458359.170233,242,451310.887166,45,447141.617482,395,443491.975848,402,440325.412954,258,433944.475529,422,429506.567194,296,422980.962229,260,422300.526052,18,418593.597159,44,412823.95165,360,409360.507376,244,406785.959813,21,401225.412256,38,389670.641819,41,383342.129833,251,382975.443165,28,376842.941796,443,376581.823051,236,371151.639563,358,violin
5874039.251446,20,4412285.90352,13,3864466.923191,19,2674215.042396,26,2469597.924571,14,2266943.666598,32,1675830.965742,21,1486362.31449,12,1475265.509733,38,1039799.078762,11,974751.163523,18,954291.847615,22,733941.678974,39,667859.15129,23,640182.279984,15,636991.496527,57,633393.913497,25,617338.70832,24,582912.063285,27,560111.101526,44,361354.241089,17,328259.85412,40,302492.157645,28,292997.591106,45,279116.852572,63,276481.439942,31,268089.246423,30,267873.474075,16,267118.107544,42,265803.946453,75,264943.116044,29,260958.119736,41,chello
3626925.714657,30,3371731.103692,89,3066261.097011,40,2733779.12198,50,2713059.732361,98,2499843.283854,31,1953049.219995,246,1777128.239707,148,1757827.258965,245,1552497.11349,237,1491864.71414,29,1457677.514799,99,1262406.21494,49,1064625.294581,247,1034536.25688,100,1033889.789791,32,1027867.432978,55,1025759.554585,266,1016219.184528,41,1010994.41448,60,978475.990993,236,919771.743083,88,915539.329479,178,895812.463325,57,887249.125953,177,803086.575814,197,772902.963885,224,767326.375975,28,752013.094232,90,670944.94802,195,662457.662971,113,632411.44369,34,violin
4829010.140412,134,3665718.925347,57,3585749.070063,46,3583028.432841,90,2725154.793644,45,2592008.821567,223,1884810.775675,267,1651851.057844,56,1568907.66253,89,1142752.829916,179,1023540.27751,178,1009089.637747,135,985615.521606,55,927447.051177,91,915917.823367,133,861280.898945,48,840255.588416,17,786297.087759,44,732786.079376,47,724732.908436,18,715488.170106,58,712317.26217,356,703169.629548,49,668001.786449,268,640349.970156,88,623548.39856,54,554469.276066,53,544595.180131,43,539044.391786,52,538466.218915,16,483380.066383,312,467732.512878,136,chello
6948285.920073,94,6245935.590933,95,3095371.344276,93,1155554.758189,97,772867.275109,92,743701.129159,281,710153.885912,91,701665.053994,106,527095.112156,96,525205.975047,90,513071.652426,280,503975.571436,99,495469.044826,98,420218.966567,282,411149.080961,89,399132.590592,101,357663.358788,105,335364.211404,187,332771.786035,88,332009.279502,107,329054.331665,87,303597.843001,100,292825.418938,188,265687.711021,119,252059.696906,102,246998.542184,86,242828.580104,103,241899.219425,85,231636.741527,186,224227.751399,104,196426.257028,279,196273.712509,84,flute
5757802.495548,23,4012355.721167,12,3029559.802118,46,2528711.416356,24,1600877.573076,35,1562776.442426,34,1557802.43701,20,1487037.449994,123,1337510.21858,56,1326565.854411,57,1299144.835454,100,1225042.046608,101,1216964.346334,25,1214305.815402,21,1205558.468483,27,1039811.706295,45,977094.474749,22,844763.957742,223,829084.099221,36,803380.657151,124,774788.624088,19,769540.745991,26,763800.522657,29,759921.600515,68,753558.269835,18,736363.041505,11,670686.444789,28,664357.794812,90,628842.848873,104,624820.918693,17,581759.848282,146,576516.116147,16,chello
4840222.864423,24,4002025.828093,32,3935043.366775,21,3275130.137609,25,2122750.437461,20,2053389.581766,11,1857569.400512,149,1525569.390468,16,1298070.260709,48,1238211.21142,26,1235488.459626,17,1152366.85948,19,1141968.62511,23,1073329.230184,13,969376.452215,89,895978.151901,181,843476.921487,27,838240.343153,47,783193.137821,110,782716.776395,31,774635.094801,18,701386.261782,15,643312.831448,14,638753.541929,177,613874.358253,164,567775.442765,28,553971.041147,22,530924.379456,29,496398.80727,41,457534.477698,80,448563.864437,118,445335.96041,49,AG
5741471.166462,21,3864560.176462,40,3765697.555225,20,3248932.034787,13,2127691.159595,12,1918114.4814,22,1495355.243151,14,1283356.329586,99,1163818.708032,41,1161351.553087,23,1145989.838785,19,1048540.226113,119,960704.760223,11,959798.379244,17,908491.722326,25,898151.227525,45,854971.620176,24,852325.085831,38,850360.014099,16,832398.262031,26,730562.395812,50,728084.366858,15,667250.75931,42,645325.391217,60,591293.634335,39,566552.836851,59,551685.571601,30,501443.819576,18,501049.458274,27,474785.490661,43,464986.25858,100,400249.911813,44,AG
5399615.903595,16,3811963.064833,15,3508309.438138,30,3224284.448718,45,2034621.627749,59,1978769.760917,60,1946577.186556,23,1882372.268411,12,1657718.297073,17,1638815.650165,14,1082292.861482,44,1071129.288129,13,902693.748174,24,812076.02553,18,788113.479995,31,780069.417417,191,774148.98876,29,767511.119953,61,762105.48315,46,727064.172927,11,707137.845412,22,684241.100343,89,600910.253195,19,591130.240214,58,586577.205341,26,580298.794694,111,535358.585257,235,532027.026346,118,518983.380008,28,509102.523329,134,466988.889012,43,461116.368493,20,AG
6976702.844589,31,5624120.759231,30,1995962.394163,32,1864624.160093,29,1177863.739833,33,1104568.542777,14,1100388.539244,28,984614.193719,60,961036.67111,27,797701.603621,34,723343.098698,26,660068.448248,35,596440.056193,25,563412.257095,90,506569.4409,36,503879.84837,119,503270.351631,24,435882.680857,23,432126.589024,37,417562.038524,178,396370.291874,179,394258.120376,22,370285.023744,38,347692.785443,19,331354.071786,120,324855.013372,16,323174.528387,21,319620.119951,39,315777.349623,17,315683.120408,18,288431.415911,15,287682.066633,61,chello
4915528.328721,36,3969981.203681,24,2769435.386507,32,2469644.942738,48,2350695.785086,25,1889480.546771,47,1741290.44257,30,1721428.890481,16,1621784.732586,105,1606956.345256,17,1566387.86598,106,1477991.405298,94,1282339.326474,35,1250832.474503,23,1179258.20857,164,1057922.639367,316,1053875.180782,37,1003939.231307,11,979259.245232,31,936765.054084,19,910282.412675,26,845634.988819,71,784086.126073,18,750206.789412,49,723067.28178,28,715932.09677,29,690679.017286,27,685754.750793,46,662284.33,210,645885.42713,107,633306.006831,165,625261.785912,95,AG
5685934.974486,12,4589755.471068,22,4528544.552962,11,2746639.918239,15,2327689.711709,13,1700014.898236,29,1352325.384442,43,1282881.800573,14,747878.257025,18,713735.512722,23,667883.561136,16,645938.629894,17,614890.717803,210,587793.782106,57,569406.617978,25,491911.399488,28,470298.265031,21,448482.028082,24,412636.877891,190,392271.732334,84,349213.338222,42,338302.2218,64,329898.174729,211,323335.945851,20,308942.041793,183,289876.520996,36,288757.778903,86,286839.609829,32,273662.768242,294,266229.533129,85,245107.040673,27,237239.410714,71,AG
7229413.448307,24,4680733.213972,25,2318919.207958,36,1889505.224586,23,1610456.651184,26,1454288.850686,21,1390142.932018,22,1122492.431283,27,1008117.057361,48,922555.153447,20,862368.933042,47,839593.95777,28,695781.599562,164,679520.22883,29,678672.272039,71,663688.875977,94,653624.893714,19,642049.748713,35,590930.4617,53,569416.374883,11,519998.285285,30,515609.266127,165,480499.190801,18,478093.712824,46,437150.349797,12,407699.30528,37,404603.259044,32,402786.701166,31,369381.339243,16,362764.970663,33,345358.284813,54,337199.649521,82,AG
5635544.981701,36,2926620.061505,35,2716050.282582,24,2612369.281796,27,2489055.880261,18,2121514.432606,19,1808396.365056,13,1301224.453572,80,1272399.217085,106,1266951.688272,28,1136646.220227,30,1094141.830627,16,1071546.575328,32,1025407.963222,37,1011496.870247,79,1000079.075739,21,995429.979348,11,860377.436392,29,841079.748324,20,817617.40131,25,753867.565536,94,728220.037816,54,716393.338044,109,713961.904183,175,709398.536994,12,689837.708018,33,639116.335171,53,622757.366617,185,613815.481349,14,600959.348411,110,595533.216577,38,557071.315598,108,AG
4548848.724587,41,4103921.085218,54,3217780.766251,42,2969351.162762,27,2764192.061621,53,2523461.702279,43,2368180.191882,39,1955754.430465,38,1820313.53174,40,1665013.865828,44,1444524.081571,25,1206807.591223,37,1142071.631631,26,1127135.256944,24,973848.720791,19,971538.518581,20,969394.567532,56,913084.913798,57,857066.173794,45,764905.089339,58,677302.66555,34,631983.3685,55,578562.787928,33,575759.416231,59,573266.102666,80,562680.792697,48,542619.194065,52,531953.882586,28,481057.457526,51,461894.445746,35,454252.551226,62,449319.368109,31,piano
6794185.078475,119,3849597.792559,118,3009241.09642,120,2704768.648676,126,2269010.157266,127,1984433.733097,125,1704486.313271,121,1691748.400739,117,1599152.420084,124,1490397.875979,122,1448682.636477,123,1013429.420129,116,804599.575814,128,766014.680041,115,595478.690677,105,548060.073109,107,546030.830038,114,443709.207659,113,427752.036299,108,419665.260654,106,397720.569423,141,380958.816523,129,364727.745833,112,331623.714994,111,325495.232152,110,306953.34572,109,266946.938072,104,247053.248722,130,233946.675179,236,228799.028187,140,181940.81284,142,177049.400684,131,flute
8366125.085611,94,4271057.542589,95,2134072.912095,93,1473725.361905,281,1346206.251674,96,1038159.33286,92,872654.283982,97,822145.252309,105,724250.522455,98,694703.633933,91,672987.973957,88,565299.036787,280,545071.678446,99,475267.019902,100,431915.5194,188,419198.338087,87,417234.383743,101,410982.605408,90,384374.17767,102,345897.392851,103,335473.299746,106,296883.304724,86,294532.330951,104,270578.351298,85,241127.04577,89,232562.86929,84,229794.866123,282,219312.700019,187,217189.193811,83,207399.299399,107,201308.096264,279,182340.338017,81,flute
5928485.10773,118,4305067.236358,119,3167129.771451,126,2697370.389464,120,2282570.460522,125,2281172.842176,117,1793486.478415,116,1576715.377048,121,1354264.544008,115,1258905.386314,127,1206024.87365,122,1026097.189055,114,1005306.633427,124,976468.757564,353,910293.280941,123,902066.737304,113,798451.090665,112,743952.426521,128,632956.968862,111,602163.090365,129,547773.138338,130,534927.135396,110,495777.148905,109,475242.157006,352,457358.996854,131,452667.953231,108,441329.426502,107,392712.502216,132,360043.99863,354,354799.324396,104,347113.670273,106,345007.802717,133,flute
5531822.658452,14,4311866.745079,26,4200303.378247,38,2370762.213551,40,2149554.572611,39,1662228.829796,13,1584029.12591,51,1545018.780889,41,1310263.422932,76,1059866.883482,27,1050342.36106,37,1032049.509138,63,896432.088668,28,890811.013093,42,834612.630152,50,750473.615945,15,687618.987824,126,678631.531268,20,678312.608585,66,658939.960648,36,613078.354608,11,589215.701791,23,575957.50754,43,575702.782888,29,563181.188939,24,555088.407145,25,545176.516003,30,535243.385448,67,490810.970226,34,488753.994384,35,471694.755449,21,456525.080489,17,chello
6209686.101488,11,4301269.917022,22,3507505.810419,43,2659928.884679,13,2111157.289292,12,1655825.190526,29,1621177.640979,24,1526528.686803,210,1362502.132947,25,1285988.15713,15,951249.288456,168,902762.143798,85,813125.42847,294,775969.34168,23,764134.355151,36,659081.449287,169,649705.617868,64,645504.310256,148,629274.059897,26,599698.575892,84,581071.268747,14,530856.852982,21,529149.279974,44,504589.394168,232,486640.30697,190,467281.272787,211,447311.880509,42,415678.728565,336,348647.611428,27,346638.77815,233,313785.104481,112,307875.744924,30,AG
5712093.018481,32,3869852.843864,24,3375192.674173,36,3087604.754943,13,2169859.124644,94,2147064.017385,12,1612019.015574,35,1580236.32356,25,1375404.091949,71,1146741.135771,21,1054771.671427,63,997079.249287,11,909079.099817,17,881029.491071,79,824243.381906,16,795540.35031,23,759883.192388,47,727377.992557,117,721800.413683,14,716194.940599,89,689555.143454,18,658473.266714,37,653855.242058,26,636626.352119,48,636051.060474,34,633126.652385,176,585538.206439,31,575599.525394,118,557906.003059,82,516755.042343,19,514411.131867,33,514334.587102,70,AG
4320891.455867,26,3116623.57768,20,2987397.452628,17,2477020.325546,23,2363299.275369,19,2211684.984946,13,2186640.816775,11,2184734.694171,12,1728626.208384,18,1650218.067182,124,1576197.141439,14,1524753.772435,22,1462506.846505,25,1361296.183072,236,1288646.721555,41,1229259.293687,34,1179030.878157,40,1052254.718184,100,1038613.851781,15,997265.347878,24,861670.830708,174,857823.169078,75,766253.894738,99,743394.285587,38,718745.077456,50,711357.143526,118,688018.515405,223,675159.102842,42,634279.034861,33,626230.661095,125,625248.063035,21,624080.195272,198,AG
3664481.502233,46,2967114.414561,32,2740514.634971,45,2513389.292673,20,2374014.471839,19,1870004.89753,13,1733135.164751,134,1725453.031021,44,1680478.628336,14,1664802.576861,135,1413656.625667,17,1211077.277745,18,1179090.394562,16,1126002.249947,26,1043730.477441,47,965078.199559,179,831364.783353,43,799156.250645,48,798720.015526,15,789291.592558,268,631465.850129,136,625745.168938,133,625223.002349,49,539842.450161,12,526356.299092,42,507230.930201,21,502963.078422,22,502362.572738,90,479329.610232,50,459440.302555,27,450575.673359,40,448800.050433,33,chello
3247661.423293,54,3152480.787657,53,2227667.760589,40,2033707.59838,27,1869823.613975,28,1764005.624108,55,1737609.610021,63,1728961.628065,16,1709140.718293,64,1598379.318333,13,1567867.312274,11,1564667.147098,22,1392580.1345,21,1317236.521565,33,1258173.590795,26,1208430.472748,42,1198886.408809,48,1189738.382058,17,1187826.755689,52,1173732.520281,23,1152894.494703,14,1073685.056033,41,1045001.586913,15,959312.23531,47,944173.059978,25,886915.077232,32,873319.350427,51,870891.271473,34,798801.861418,19,771095.141551,66,764890.97128,49,749625.338562,106,piano
6267702.309327,53,4397740.668234,54,3956997.579459,40,2333999.36831,52,2299189.918245,55,1576125.173645,27,1405658.600769,41,1306385.301326,56,1124109.976517,51,1078301.499123,50,1066063.160008,57,1050399.634004,39,981173.212092,58,972517.469716,49,950572.058693,80,941295.800546,26,782812.561008,79,683381.208011,38,637629.141311,47,525394.003031,48,487228.600501,42,468963.314663,25,466982.261101,59,463454.593334,44,458983.631678,24,335887.367091,35,329053.058768,46,324962.24202,36,305918.135297,37,277277.201244,30,276181.187392,81,265932.838789,213,piano
6882015.290114,32,5172758.978443,36,4023309.083108,24,1317462.711147,13,1277808.076304,25,1066342.764128,35,997482.137384,12,857301.648299,37,700986.851117,23,644123.353186,11,556232.055591,22,533602.84474,33,488652.469162,48,468477.332564,19,458863.279233,34,454874.942606,38,443139.086233,17,424549.644472,83,414556.381803,82,408013.544602,94,405027.253139,26,398822.600821,31,371798.745313,129,345098.564364,71,307628.819807,18,303896.998237,156,303310.384001,14,300349.454317,20,292007.846258,47,276868.979118,153,264306.66546,39,251688.920917,125,AG
4513699.333691,28,3632908.108498,100,2886188.16978,57,2611976.530551,58,2441863.205733,56,1965697.752947,30,1744796.962139,25,1622071.227944,50,1558877.876067,26,1516039.285473,29,1436739.977446,27,1295768.867857,226,1295761.387514,60,1288851.964987,75,1188182.571589,59,1185331.536165,76,1150319.242741,225,1044550.175145,99,985649.829775,51,965673.240622,224,965294.85623,174,943469.484609,85,857852.69838,31,810841.67825,49,778458.428549,32,723962.055742,86,707099.044152,55,694509.307362,112,687994.125194,199,685072.613071,40,683546.647531,228,677180.399134,54,violin
6647353.704245,30,3845328.098805,43,2785103.762104,88,2204271.709751,90,1966135.340538,31,1661624.810804,42,1367897.623928,118,1308728.824738,89,1261991.621931,64,1145365.668153,29,1111743.527845,59,1110912.647665,87,1066494.815535,177,884459.577419,44,861177.182821,32,813103.76097,45,800481.236337,119,799326.261362,91,769142.861055,86,726070.978342,85,720937.72361,41,717522.447751,60,691779.707602,28,675394.788314,354,660761.53955,206,640596.539712,117,579584.749066,61,545826.496891,33,511195.239257,58,510548.909325,92,491933.240865,355,478264.132676,147,violin
6215200.780274,43,3908206.344393,42,3604294.402497,63,3530669.907555,32,2321683.882514,64,1684219.853068,44,1533355.116082,41,1101678.65101,33,984144.819876,65,962205.13181,62,943529.348922,45,936920.370283,40,849351.603802,84,798719.607403,126,708629.070262,66,675067.311042,46,665891.609862,31,661481.381204,61,641698.335172,39,599847.540576,34,560852.614528,38,544253.274558,60,533853.331142,47,530883.380089,67,480938.96203,22,460214.750839,26,444319.715666,48,430278.067017,37,415297.257614,35,409785.094208,59,401464.428444,85,391231.627597,49,piano
7197493.109659,21,4220919.799475,24,2717845.175784,18,2175824.939604,36,1821784.764616,30,1627566.530435,19,1431603.2501,23,1415170.098531,22,1120925.039784,89,1050910.378236,31,946863.292977,25,890148.242934,149,769547.174581,13,686594.04679,11,615490.458436,176,534566.459716,35,522342.375765,88,498783.099588,53,494958.815761,29,470867.311932,37,445996.25952,71,442781.637917,148,441101.779029,130,418563.217159,40,414970.196908,12,408935.568047,70,391134.901498,60,381254.312884,80,376656.150025,17,355141.309967,180,350129.101951,28,324750.076439,94,AG
8372197.69506,16,1143513.060813,46,1122244.544778,24,1059846.090692,23,1012497.519118,31,698274.848612,11,673532.898531,39,592872.817328,38,471106.779691,12,406799.357672,13,366354.259287,25,358036.040218,22,323749.618468,14,314870.873103,15,242901.163843,26,241879.704247,21,240493.918841,40,223014.366276,17,209207.326604,19,209183.825492,37,187355.125443,20,185273.750581,18,185029.295592,27,164828.314412,53,154036.947099,41,140088.734538,28,140021.342417,32,137790.990559,36,130377.325652,29,121109.163817,47,119485.028993,35,114681.576593,42,tuba
8636608.180354,16,2520945.206299,53,1629602.595032,46,1424550.833857,15,1339039.553708,17,1177158.303436,54,1119163.304352,19,848985.736376,61,773789.030655,24,769796.010192,31,717983.308596,68,568523.509847,30,550667.420662,11,530637.481931,99,528068.049531,52,494131.225655,55,491656.628739,14,483237.875324,76,474680.816519,91,406299.246346,13,376899.523931,39,373963.128316,23,371562.098237,60,358155.623814,12,338240.726194,38,337655.002241,98,323981.386413,69,323709.160724,51,320015.188875,47,301381.758596,56,255562.257077,25,237692.991335,57,chello
5878306.486677,63,3396498.630735,64,2822321.214862,36,2125909.669686,53,2112821.732837,126,1979860.365253,40,1893619.32929,62,1580012.608497,127,1544109.978671,15,1351806.261262,11,1309962.186964,54,1275868.924366,18,1246733.059135,13,1234395.967541,61,1167872.767086,41,896094.154981,71,881877.910972,39,811394.071756,32,784145.882642,19,702827.777281,128,691768.45462,35,678489.408175,28,675467.385869,67,664779.844296,84,639675.98692,27,622060.706884,52,595185.935044,68,578935.423176,37,568832.150036,79,566368.924475,17,543062.625182,213,517306.850357,14,piano
8800183.664909,12,2767874.85745,13,2013997.959441,23,1719934.17265,11,1368922.098265,24,1271481.283386,35,1139055.448227,14,1044406.450448,46,1029812.212081,34,662218.89303,22,631253.116611,15,563304.416984,16,521218.647598,33,508279.905143,21,483257.050517,45,437920.15731,32,397097.955411,17,371942.086674,18,312789.52324,27,300649.62289,19,282241.2382,25,271408.20023,20,262531.637267,26,258714.999979,31,257444.848683,28,216989.898372,30,214184.593132,29,195693.460928,36,189591.25539,37,168587.544809,57,167440.420936,80,161065.816685,47,tuba
3686235.335547,106,3174616.664249,14,3039861.16046,36,2848974.867076,27,2424248.024442,71,1494272.40757,49,1471404.956098,13,1376421.025564,212,1306254.437382,23,1236772.217164,18,1233311.263439,31,1127027.146567,53,1112548.056645,16,1068074.745425,105,1065551.336464,17,998614.448244,32,995780.057013,62,955317.61933,63,906106.795613,15,898007.330227,12,892316.364601,30,882028.873115,107,843313.653003,29,819382.997308,28,768249.556873,58,719752.906037,54,714553.929197,11,670245.11143,99,665043.059318,21,650847.98239,24,594830.396879,141,545240.526674,80,piano
4995084.679561,70,3191610.54903,105,2930881.048809,71,2479115.863609,39,2212338.680777,38,2146882.259702,37,2056493.930735,35,1738027.844943,60,1517149.53536,40,1511791.609113,72,1433725.76292,76,1404326.544828,140,1299217.594008,104,1295542.291227,69,1215164.223034,113,1138306.921436,59,1065022.9197,74,1042109.811324,73,1002965.297718,112,955897.007582,175,898066.553838,139,871377.768299,110,794098.501479,176,781650.661917,36,764944.490369,174,731910.771363,29,720238.756694,111,671821.392538,227,650252.044855,58,636978.763341,68,633898.631657,173,619481.671898,28,violin
4109009.424927,23,3482873.092595,50,2867954.289789,46,2866409.794115,22,2658757.569894,51,2076049.089143,25,1980244.433349,24,1789951.315327,26,1652286.244113,67,1469172.648079,68,1341654.723055,75,1334300.263455,49,1186492.053744,76,1148302.113669,199,1072985.524591,48,1072736.793176,89,1056598.487605,155,1042899.417447,66,986702.216569,43,979727.049494,44,943262.888727,21,902352.826965,125,896562.941057,45,876217.782429,20,835609.717244,40,803560.414606,74,803200.139426,200,779561.595962,100,778690.190018,69,722902.132943,72,721114.6064,47,710123.185186,134,chello
3819188.877176,51,3576208.096967,71,2656841.323518,48,2297952.630204,100,2274721.132579,25,2159374.427861,26,2158488.871725,76,1859005.366096,97,1801853.57235,175,1715736.031117,101,1509285.824714,29,1500947.305703,189,1463765.271075,176,1397970.223055,200,1270752.048482,94,1239900.445145,49,1208271.369637,73,1207920.487113,99,1094187.743176,50,1085466.227913,47,1003847.025011,215,969959.158772,72,840735.353139,52,781667.969607,74,769334.156024,90,760192.288004,28,755859.709456,118,743458.813687,75,726244.284619,201,643265.521571,275,629226.338352,120,626487.85079,32,violin
5761403.55692,48,3603194.566597,63,3391567.712514,47,2972683.031796,40,2893170.496018,64,2597808.453402,32,1850488.033269,33,1647765.498275,60,1421409.196587,46,1372912.853569,41,1302763.65432,49,883529.340047,61,753162.626893,34,738844.545139,45,715646.849791,44,660368.063313,51,654226.738511,30,626106.715067,126,624175.033186,50,614125.174143,43,600156.184147,39,583157.644367,29,563336.326223,26,558068.713117,42,543115.337424,127,541316.399214,31,536811.459635,54,518132.273229,21,512938.332506,23,486303.322014,66,465226.90859,62,432979.06391,18,piano
1209353.735486,13,446084.617203,19,314978.407148,11,312951.941073,12,306222.442273,15,274638.28336,16,228508.326901,25,209006.303036,14,173038.573998,31,169101.605554,63,167224.081847,26,153055.441139,38,149084.083424,37,138733.923645,17,130572.724875,67,129418.187913,55,115196.634338,47,113554.726595,60,112966.461874,46,112489.266919,28,110753.379812,41,110210.444664,18,108661.529825,42,108612.742326,22,108511.094572,39,103123.678596,33,97463.148409,93,96530.879522,48,96353.168942,100,95315.446639,52,93131.053935,85,92811.544521,84,piano
7953392.339459,16,778354.799686,23,704313.501872,11,592133.275384,17,528521.757781,46,448071.674383,24,433292.415012,18,424835.403621,12,359269.349956,31,341064.605821,22,332967.124213,19,314418.140567,13,300114.052499,20,297641.015504,38,294645.326992,21,281213.820264,39,212541.691395,25,171722.005732,14,162693.698617,30,160616.95671,40,158132.564648,26,147390.888675,28,145584.25936,27,143177.492935,45,134945.292,53,128548.554407,29,120605.47797,15,117343.557513,41,116204.883097,42,107395.164313,43,103701.893388,44,85693.784853,47,tuba
6255663.372139,14,3531268.396863,20,3527042.506138,40,2682938.805974,21,2497081.195655,12,1893360.553838,17,1785343.220769,22,1711392.844132,13,1663981.048354,41,1426898.296334,11,1326292.202032,16,1174357.550953,27,1070380.788247,99,880509.5434,39,835685.708861,19,826616.191981,23,768489.447553,100,706507.936374,15,663460.092298,25,633304.986201,119,561242.062469,53,442187.331152,34,394880.506969,299,373525.216698,300,369059.391342,279,364131.917731,98,341328.787566,24,333226.553611,120,325763.507514,118,319064.583288,37,309240.309834,26,307454.192678,32,AG
1829235.222336,11,1064788.699083,28,607787.617723,29,594617.642191,14,523514.461776,22,511945.224367,16,495571.23476,26,492714.176349,15,481902.713669,24,478220.314472,20,437891.906009,27,417581.810435,12,368616.322219,21,352952.452715,23,344596.174103,17,341173.223672,30,313296.721383,32,271375.657147,13,260477.974287,25,256479.480747,33,231344.698125,31,164268.829397,42,159488.875465,38,150074.692864,40,139105.329018,36,137955.507171,52,128924.366715,83,128605.044186,34,122560.168706,45,116340.719847,39,111376.323209,101,106128.949836,37,violin
7125750.969392,30,4735681.501433,31,2776113.958196,60,1735089.534873,27,1716785.642569,89,1691380.628375,32,1453102.826806,29,1091253.166294,178,1080126.316106,33,994505.881162,119,957542.115143,237,779240.173069,34,772430.111395,266,662610.421423,26,652834.929033,25,625860.701072,35,563436.038431,148,522734.934001,59,485107.255566,177,479975.627139,36,446345.943322,24,442505.156559,90,441844.658795,37,432091.663136,118,375765.505278,38,370334.409165,23,366447.5644,28,362227.693285,149,359468.92759,39,329284.119749,58,312836.978398,40,310591.156068,236,chello
7612325.925029,118,4936749.08706,119,2768060.335235,117,2069438.120208,120,1578288.320575,116,1179625.346128,121,934742.496917,115,829294.761337,122,648012.935319,123,642093.80114,114,534838.325225,124,523276.22184,113,472076.906277,112,468974.582288,125,438502.79845,353,408888.454646,111,393453.908801,126,356940.615775,110,348494.870681,127,326259.824335,128,317252.379759,109,316457.479799,129,279356.735787,130,261589.869402,108,231848.509649,106,227673.218394,133,227365.821462,107,225512.92971,132,220666.664782,131,206881.988958,105,197847.136312,134,193296.352322,136,flute
5373221.94015,24,4427947.930306,32,3251253.709627,25,3169799.914757,16,3077457.212566,17,1687869.4196,23,1441047.862416,18,1355893.262097,22,1296738.862922,20,1257737.880035,26,1248479.100157,19,1180948.280223,30,1053892.989186,15,991388.729648,94,934424.043489,21,837336.233038,27,834152.744187,110,817517.326662,79,789660.20569,13,759482.953311,48,705805.476591,164,700486.447949,14,688974.395072,28,683332.17345,63,670048.971097,29,468393.063096,165,448244.919945,78,440739.426278,95,433358.298498,31,426918.219532,12,415724.829903,71,394089.95302,33,AG
6368638.734204,48,3905714.892493,32,3721030.932424,63,2785153.454475,47,2742173.619672,40,1986361.947665,64,1162770.993187,49,1046726.088448,126,937116.610413,46,935670.793028,41,895985.909683,50,888666.903422,62,877433.249075,65,855002.014566,60,734813.359248,61,678839.265005,51,677986.681338,20,654243.87585,21,591807.733348,45,570037.422596,39,546991.031629,42,523995.821432,52,474026.186494,54,469307.946665,44,437915.208595,43,411440.131229,53,411300.679984,34,376304.722757,30,369908.222353,56,365202.2716,55,355683.269281,66,355222.220463,26,piano
6357862.217711,43,4641924.97709,42,3093130.074776,32,2229154.801327,64,2182375.581995,63,1961614.264236,44,1674426.498742,41,1168874.560844,31,1110962.195236,45,1105851.842568,40,1033592.710618,33,1003432.324663,22,872689.376356,126,858412.416564,39,731566.330078,95,694608.430172,46,683832.190925,30,648912.908272,65,606730.313509,84,595739.832118,29,574817.328785,62,563279.885859,38,517723.678869,47,498888.717319,28,489301.828518,85,480578.589457,94,470378.839764,66,450862.275487,61,450521.278518,23,436812.821071,26,436373.436743,67,435064.245958,48,piano
6381507.151315,63,3145823.318128,124,2573889.55533,49,2329800.214385,50,2068137.279972,125,2061813.653912,48,1873129.316094,51,1652096.965735,42,1155567.780332,52,1119690.222528,43,1082981.830722,47,968363.068094,187,961559.271109,186,821185.197399,123,813990.3879,372,779000.897897,30,776736.789704,126,764938.259368,83,738827.252685,62,728382.560006,53,728292.684569,29,727659.063055,45,722427.858717,41,691149.222201,84,685555.697595,31,657694.539796,373,626983.757012,25,621464.683022,64,601600.074105,311,600077.817123,24,574261.996813,97,567522.294427,72,violin
4504220.747342,12,4015867.766155,13,3461602.666134,20,3214691.666054,19,2783111.444685,21,2042308.987809,24,1932207.536595,14,1840623.3661,18,1808337.053685,25,1596593.700892,17,1440129.22628,75,1317310.347408,39,1225381.82429,23,1201567.466895,76,1077630.855877,22,838949.606294,16,811689.343681,15,783439.089577,26,713972.707856,37,706691.21364,299,670584.562811,40,612858.244779,77,610771.559741,11,610605.969474,36,487879.022636,150,484815.643497,43,476816.136927,74,471703.908427,38,467122.809396,33,433493.080987,34,418988.581092,207,387717.634297,78,AG
6417781.461566,21,4400352.539784,24,3461387.708999,32,2611163.902642,25,2199302.785801,11,1483248.239088,20,1256297.755684,22,1217053.607557,149,1151121.07884,17,1148343.17061,94,1109481.268648,23,1077491.627549,48,1031316.836373,16,973922.359696,89,922653.453986,110,833620.973989,19,759639.135772,18,592624.714785,13,575119.718285,47,563728.179824,164,506947.838238,177,499586.306104,118,489841.995064,26,455978.326968,130,444250.674315,90,438764.505218,71,427102.61734,181,410026.796228,12,377100.404967,49,371794.400298,141,346762.305491,129,339122.534874,40,AG
4693852.500983,16,3339107.614661,23,2884843.591606,237,2684013.391229,12,2646209.474674,15,2481243.093174,30,2247468.409257,178,2118653.899902,31,1906725.24243,60,1616721.532818,119,1466785.844176,45,1395068.007514,17,1205582.078328,24,1123484.826416,11,1094434.945023,44,1026435.659148,267,1012923.286772,148,959694.699433,266,853969.760694,29,820662.231095,207,809607.565963,32,778325.885181,18,773188.587512,59,772284.423903,26,744875.512252,27,728250.120181,14,694131.983741,89,685856.0332,46,658508.760154,118,655045.191617,177,634269.89644,28,618226.992408,25,AG
6547862.879842,99,3567046.117181,40,3536077.56109,30,2838606.483609,45,1995580.83967,60,1687226.494925,31,1666647.2398,89,1325278.100185,148,1297845.459262,29,1268895.700028,41,1014957.918204,59,856492.515118,61,839879.089251,39,828688.848588,119,814461.611968,32,713472.203445,158,701490.224531,28,642992.319322,100,615050.180587,197,612043.296692,42,606986.111534,177,598442.532164,118,585218.604853,98,534541.104495,217,506779.726727,43,500028.760308,90,465007.914821,46,451149.252174,44,443108.593076,58,420457.216458,33,411258.448972,27,364602.672924,256,violin
4979186.229326,21,4582021.828365,32,2568122.206064,30,2111455.179891,16,1798564.587813,31,1795491.224149,24,1660955.540083,41,1653748.481919,22,1622947.80617,17,1442109.370356,89,1389448.611057,25,1382055.97555,94,1373866.160329,149,1301973.293572,20,1249279.60658,148,1216729.940013,40,1015521.460757,29,987986.227696,11,964610.542763,79,925192.592804,18,874955.239821,15,842524.520674,60,831927.009501,176,752577.887274,53,728098.526543,88,725477.116037,28,720370.901149,59,717419.438533,26,688500.056686,181,657670.908641,48,556276.037993,90,545280.17644,147,AG
9106354.871445,119,3814056.858456,118,1052650.445677,177,873393.828461,120,777237.820237,80,712969.295024,81,682165.180382,79,575957.887489,176,529082.010064,82,494753.618463,78,407656.233232,117,387827.83311,116,371011.186184,237,353269.689692,77,348739.445227,83,346095.578133,178,330614.019765,89,328347.986988,354,287341.244742,76,267813.512043,175,260962.597842,90,254541.189373,84,253999.370156,355,239470.655999,121,217085.568328,236,211497.676976,75,205393.521879,85,203020.157919,238,195751.089896,87,194235.277148,156,192985.546777,157,192530.765861,94,flute
4327348.915148,43,3088465.293226,42,2929489.094421,64,2787879.726456,84,2753124.204803,105,2422112.387601,126,2164153.401394,104,2157644.599237,63,1857745.824352,139,1516788.585642,147,1509603.041222,22,1470296.038213,85,1347611.507467,189,1318684.190443,243,1258746.390612,106,1229821.212297,44,1127687.431609,41,883232.233767,376,864781.121922,36,859358.922147,188,804512.034493,45,761474.886141,65,759359.997863,62,742217.282029,174,699132.810662,107,681769.345325,381,680540.621612,40,664064.143585,83,618314.830117,277,610456.805468,71,571483.415272,86,534460.987962,108,violin
5062676.50783,14,3534597.557622,21,2291634.506235,22,2241825.869027,40,1821366.610604,64,1588352.874321,17,1585124.217408,23,1584598.321776,20,1531779.102214,25,1513358.995651,63,1388964.494578,16,1298306.3717,44,1241517.365069,24,1079959.657035,62,1068371.388871,13,1041046.67492,26,1014602.603187,43,1002043.179324,126,917644.014045,11,837676.152817,46,815591.405476,48,698788.063621,127,693791.229758,18,680058.514164,210,659205.230082,54,655415.004136,53,639878.281419,80,633131.017628,79,629127.260968,125,570371.252122,83,539564.971865,12,518959.879845,84,piano
6935717.910403,94,6263259.630142,95,3056092.150208,93,1189299.489424,97,805865.397158,92,753455.476992,91,746711.561871,281,695618.833772,105,508727.833176,90,504961.424335,96,496400.588741,280,482276.349749,89,482110.41912,99,439098.629078,98,438371.773375,282,367413.283043,101,363895.221792,104,359205.54821,100,354297.21677,107,350309.913941,187,343719.64388,88,342184.474837,87,291728.445156,188,284019.899234,108,247621.735036,86,237783.664873,102,234769.512068,85,229951.46424,186,221475.900683,103,213937.544746,106,194466.758783,279,187261.943352,109,flute
5886131.180896,48,3954364.404626,47,2735173.961749,53,2204625.451843,15,2186433.673418,43,1779727.58349,54,1685560.582603,46,1577563.20171,106,1573240.548269,49,1474033.528952,42,1473291.308357,22,1377300.655159,27,1321815.194941,18,1178370.052281,45,1146977.530994,36,1123041.944636,19,1100540.999525,44,946345.888034,63,887960.687796,21,832477.462228,55,805161.737077,50,789167.645087,29,717135.154145,84,715565.886218,141,712078.867414,52,698716.37316,51,636620.425479,56,522439.884589,41,497592.799612,14,475246.958455,20,470761.599724,105,440907.935375,62,piano
5876311.480601,12,5641261.833903,11,3598917.03166,20,2330431.035183,22,1616904.969811,13,957364.266995,21,894844.927533,18,893832.166372,32,822245.460617,14,779147.549451,33,501385.95598,17,414476.959348,15,374975.185513,38,343199.818899,19,327518.946783,24,324262.09669,16,302925.581743,23,267003.555356,31,256334.962826,25,248729.818751,34,232941.785198,39,220764.184904,30,212144.238908,35,196228.465847,26,193606.221279,57,173627.336527,27,163326.826649,36,158363.285335,29,146182.995469,40,141870.91358,28,139215.042756,37,137211.603779,41,AG
5591698.183101,119,3752295.367659,11,2617479.521713,21,2130141.255412,60,1971342.199996,118,1576924.978815,31,1555287.016522,40,1480817.193238,30,1401611.975617,20,1237891.792511,120,1230825.543169,106,1203632.206112,15,1167788.064496,19,1150958.371707,53,1098097.892531,14,1020434.656151,117,1012526.732803,57,897747.953064,13,812817.149884,61,734340.710758,18,722236.546829,22,712970.730452,16,668415.347113,69,621226.676611,105,620144.008715,17,609294.090102,59,600598.116384,58,576793.33915,27,572407.03104,121,571379.614086,116,550490.44208,52,546034.215582,107,piano
2215589.585559,13,1270666.064509,19,1117601.897454,20,824048.291525,14,609059.136243,26,516884.717966,12,340383.885926,57,325107.142158,18,306569.379454,25,302758.33991,21,280613.541215,22,267311.02916,17,267105.079593,16,265363.14914,32,238956.776027,15,215676.124084,39,124313.727609,40,113818.396246,27,108562.638137,33,99440.374064,23,87147.247136,24,87108.710689,34,84750.868723,42,83381.976208,38,83313.870284,41,81539.139389,30,77529.085064,64,77212.65522,60,74753.975679,11,74641.707647,37,73935.698438,76,70914.408324,63,chello
7416020.595222,60,3557279.141254,30,3093771.082171,31,2810956.027129,59,1781990.351931,40,1494625.091113,29,1480070.511597,32,1276775.666847,28,987382.348226,58,971807.420499,33,859904.225606,17,762900.673829,89,697447.744636,57,645534.253661,55,616611.389315,48,602677.896598,16,561801.712443,54,557448.043711,27,555596.429861,41,545801.309955,11,545018.715275,56,544456.12796,61,446538.86435,34,424715.651639,20,416944.743992,19,380717.887906,26,357260.525263,22,356240.086135,18,351178.828044,24,343611.235369,65,342991.030227,79,314862.651652,39,piano
7210843.601892,29,3797163.172882,57,2497297.214061,60,2151368.406218,30,1986654.369072,58,1964270.910717,31,1769478.068456,56,1631281.178744,28,1492858.207925,85,1371023.11343,89,1242706.924482,59,874761.66519,169,854090.219115,86,744499.517168,61,735955.917586,55,668622.219749,197,601376.216074,90,540966.82204,27,513705.137126,84,458571.820564,32,383746.414643,83,371175.179923,168,361013.501749,26,353026.632088,170,347565.641292,337,326680.571422,33,323784.768589,198,308913.538138,196,304598.467845,34,284910.870171,113,266390.105944,119,265577.152834,53,violin
4450856.206038,51,4227772.702418,27,3939861.753106,28,2622851.588051,50,2453206.189401,52,1774282.98446,25,1514199.815477,29,1500993.085099,132,1429671.715354,126,1345705.809206,100,1338703.052862,49,1132568.755076,76,1084862.933659,53,1075328.958016,263,1073348.894586,21,888661.961861,48,885325.170209,26,846614.195198,30,833877.521445,19,824048.684615,237,819267.651583,211,808184.654485,20,796768.557287,22,791470.615863,47,725630.970213,54,720363.978005,131,711894.071821,151,638306.301649,99,619623.013466,24,617931.341443,46,613886.723068,14,569853.652556,185,chello
5789310.44354,20,3730225.992217,13,3332280.148291,26,3179619.487169,19,2569979.294305,14,2325596.912147,38,2081184.317596,32,1446011.789157,12,1423385.079884,21,1297035.046501,57,1153787.466615,18,983226.529093,11,912178.615125,15,841590.122116,22,841083.824549,27,738130.931537,17,733987.925327,39,704556.83424,16,550758.347046,37,532076.754699,44,527727.728404,23,505983.330698,29,479005.941242,28,419710.981983,56,401023.769167,45,389081.661262,75,376153.591511,30,367949.221065,63,364090.875728,34,352573.501659,36,335677.513274,35,318579.252675,33,chello
3934435.946096,27,3837506.922967,32,3710495.3889,11,3149683.532649,12,2789313.197251,53,2561257.238182,22,2071177.649337,17,1764020.183455,132,1537688.605504,58,1304594.760745,74,1126075.434794,68,1088808.82651,54,1045143.17731,21,1006992.772171,43,996367.868877,63,912280.109328,79,899345.852499,42,882506.193317,31,855248.993936,33,803699.819717,28,797639.49457,133,796910.407629,16,725884.54158,80,724334.947721,52,702306.715864,18,701261.796522,48,691692.989641,29,682967.899455,69,617991.662061,23,602417.614855,111,578794.629242,159,518202.746124,30,piano
5505159.751154,89,5320866.22385,45,3175433.23467,222,2165425.701315,221,1696128.844264,46,1663639.779196,31,1469872.788798,88,1447137.454247,90,1206372.528636,44,1205308.3022,30,1107606.30885,223,1010627.194958,200,857000.777637,47,829027.915651,220,787563.523383,60,749281.843064,68,686030.655663,32,681798.40509,29,663175.117301,224,655369.233714,87,644326.34367,134,636450.416513,43,630645.177154,119,624253.38656,333,613532.301316,177,610757.903793,135,592873.260845,133,591987.591675,219,536919.004675,310,528346.029793,48,489674.68823,118,473539.490498,201,violin
5030912.687915,26,3254658.803026,38,2807823.254877,50,2510683.251456,51,2305103.36641,23,2083538.697831,39,2016912.987905,25,1901113.374079,12,1875086.387406,24,1541483.258331,14,1392370.376573,27,1373310.844629,100,1339213.86786,101,1227032.451727,36,1187960.512002,46,1181174.802701,11,1166521.55406,35,1135221.171188,37,1079404.851588,30,1026347.223398,45,995753.799341,13,889727.983307,76,833078.482816,20,757511.322716,78,753758.293219,28,727009.2988,47,708964.874126,17,699830.506638,15,694190.318863,52,657251.287532,113,640619.106272,99,595802.563804,188,chello
7132663.670255,12,6079379.261717,23,2617994.833947,22,1226398.298673,45,1040580.776538,24,900646.71569,200,812394.325479,21,777515.397721,11,762662.067331,112,729205.096669,16,681728.918567,13,604433.01893,111,601942.441627,89,586444.144368,134,401855.047987,156,400306.139603,25,364182.932546,90,348691.311452,18,341493.898289,20,332023.52731,201,290502.764868,26,264445.671437,19,252167.424811,178,245865.847845,14,238756.442138,292,234365.287256,113,232374.97466,41,229360.730996,30,208333.29247,27,198087.381071,110,176482.011404,114,176057.478119,17,AG
5032356.23153,29,4277604.927402,57,2730059.629145,27,2403473.569479,26,2304369.694745,28,2275103.464963,30,1998292.628049,86,1720577.232585,25,1552538.522221,142,1294810.25531,114,1279626.507719,21,1236970.410154,143,1179493.635165,22,1080135.182453,51,1042131.220629,24,1037914.930724,58,940346.724203,115,905345.353653,23,903322.73305,56,879196.421676,171,853429.158952,50,771969.692204,43,765039.973407,170,759320.973852,113,736196.512354,31,733293.06824,199,721237.93221,52,660969.370116,49,646572.686709,85,631043.229504,40,592510.316095,42,571804.943779,76,chello
9432341.970169,16,2500267.459147,15,1601066.936135,17,1105725.787716,14,1076640.098697,45,850070.437695,18,685791.676788,13,612436.177315,19,522583.771629,12,492662.311897,20,432346.95648,11,394022.16888,21,333636.972913,30,329437.098682,22,323118.055021,46,292364.299018,23,270375.181774,31,256397.365351,24,234499.13105,25,231850.245054,44,213539.237862,26,207814.550516,29,195295.030991,28,194674.860227,27,167039.661874,47,151028.623664,43,141020.968798,32,125519.949973,42,124873.371222,33,115970.326801,34,115088.124747,48,112285.893424,35,tuba
6467423.401992,18,6127483.263237,19,2924592.398833,36,2043508.005493,17,1690996.372086,20,959315.456219,21,892719.923458,16,730161.871459,22,718429.954456,32,716623.99439,11,644492.970335,15,576900.322876,23,572142.404721,34,560929.102322,37,515799.758007,35,485723.485537,24,463556.704067,106,459182.376795,13,453202.530706,25,438319.109484,107,437465.656522,14,409097.203926,27,391891.622243,212,381196.643724,31,380685.888721,28,378145.737136,26,346907.374876,95,337608.790289,71,336058.674997,12,327715.36699,30,313214.458325,213,303189.951751,29,AG
5624735.690972,36,3419966.763124,14,2691999.58331,35,2657219.762406,37,1793353.765152,32,1748174.304697,12,1721673.691446,53,1666277.616366,18,1616063.58971,63,1386206.927931,71,1382248.058766,16,1366106.378137,33,1341551.025887,19,1303976.868979,38,1226051.977222,34,1214659.357916,15,981363.421057,64,873540.058254,213,859134.226647,212,818037.40138,79,800636.829434,21,701763.000723,27,693553.526504,54,671329.396518,40,657725.380201,52,655304.833771,11,617024.164005,94,609728.43248,45,607485.240214,106,557646.15577,41,554792.561567,65,547358.361488,77,piano
5656694.084982,158,4860839.681743,79,3599261.154391,157,3123687.289643,177,1863702.509277,78,1836017.47217,236,1770351.98351,176,1739199.145601,159,1157291.095959,89,1142594.563841,156,1123542.677869,80,895066.777416,160,883630.993356,235,866561.568047,175,842746.663779,237,701806.446138,90,600792.137011,161,596983.054619,178,553856.436716,162,516310.618907,155,490921.606763,163,468921.069959,234,432472.305024,174,388846.156982,164,376441.49128,154,373007.529559,238,366408.27821,77,360368.496628,167,354474.837891,153,338959.999832,166,334411.494187,165,332557.646463,76,flute
7926389.608147,13,3400220.673452,25,3111454.198037,24,1971135.422073,12,1742549.118885,14,1441306.0218,23,1319616.974811,36,1092369.772335,26,997299.285209,11,943435.40419,16,928561.888878,22,918385.067858,15,787003.631886,18,710960.597957,17,701390.100258,21,614489.606631,19,608512.228296,27,608450.722334,20,598294.241805,37,449161.843924,48,424062.377875,35,414614.874693,28,333602.65277,29,274476.906356,34,257395.851493,32,252069.257261,38,241568.265696,30,240709.174442,31,209712.320602,33,160617.927496,71,123403.669971,72,103262.636297,42,tuba
8401047.626294,21,2769450.52056,20,1973433.030689,11,1650901.553958,25,1264508.304445,30,1170269.075655,23,1154165.37418,24,1024164.187296,48,993085.844443,31,873128.410594,149,797469.009397,26,791219.63638,18,749701.50013,40,739022.902378,89,712759.101203,90,700031.051275,16,698088.494361,148,677861.7139,22,615166.408336,94,613263.248847,27,610112.684301,28,555442.631769,29,533923.16934,88,518284.207422,42,502176.381165,47,448981.641231,43,431234.43278,15,418816.640248,32,417156.134955,49,392459.256704,95,370093.179282,70,356884.321516,130,AG
4603040.166018,14,2218219.518715,30,2145680.305318,31,744894.910222,29,705207.140178,32,641027.939324,21,630337.084241,28,604841.42291,18,497775.045143,15,475588.706584,20,446447.356725,17,418618.323593,33,385036.315323,34,383060.160067,35,364451.526817,19,324273.115549,47,312517.893308,26,284318.770188,27,276612.388587,13,220849.034577,25,215265.567495,36,213689.361204,37,202355.373647,24,200431.43393,38,169933.763912,23,165041.154018,12,162595.795204,51,154427.127367,41,130843.408072,65,129542.237624,40,123354.729279,16,119637.604138,63,chello
1532261.497565,13,727942.388068,19,684464.889372,11,658389.915842,25,592507.631757,14,526314.687427,15,430118.522998,16,390304.290216,35,383328.456786,48,364495.150122,36,349319.363378,24,340923.390189,55,340684.290557,27,336942.337107,33,327865.104865,21,317268.805648,17,311609.028219,54,291956.928097,12,290252.967304,32,272146.513003,39,265081.462282,63,262201.963403,45,258506.495338,44,250486.604144,40,241806.087735,67,234222.766579,64,229318.819751,31,220870.358616,38,214216.838923,20,214117.896619,103,211006.470495,30,202355.696219,60,piano
9221301.953865,12,2893255.432864,13,1531803.557054,11,1354516.17126,14,1187148.192796,23,783227.217717,15,743254.829913,34,524664.567454,16,475105.488799,35,339187.292916,21,335855.238403,22,287482.25702,18,283116.357177,24,252571.252458,17,236484.463039,45,228678.901805,20,215897.556182,19,165020.536529,25,127490.757944,36,117327.875931,26,116815.446515,33,113353.782593,32,112826.340278,46,85538.05872,44,78186.029176,31,78165.123133,27,74338.319734,37,72373.076023,30,70562.174355,28,66457.594646,29,63563.952889,47,55338.597335,42,tuba
5199321.919476,45,4927315.997855,46,2996025.731934,20,2124960.679775,179,1850390.493916,13,1621008.373614,268,1590573.47774,223,1578560.606456,44,1409348.173814,19,1298445.299901,47,956033.150342,267,952066.584854,43,914045.162509,14,846795.897857,48,717630.435135,22,705612.173392,134,705260.723229,269,703438.579218,42,695426.186186,18,624555.965398,21,587509.790937,49,571625.999535,12,532231.801952,312,524335.268801,41,504291.290383,178,491894.209342,24,475090.884247,40,474438.33311,23,462920.592284,34,447265.647896,39,441568.892302,91,418447.624175,224,chello
4829158.890374,23,3897161.091367,50,2593630.025907,30,2587357.776444,11,2475028.040783,25,2204010.891887,45,2020326.042275,21,1851234.328576,13,1845400.23267,31,1468055.041527,104,1424059.01315,29,1401482.304926,15,1362680.777067,51,1214827.382027,74,1190004.893919,38,1125564.560553,26,1024683.82952,16,983807.553588,19,872541.136959,28,866440.89094,32,851173.016483,37,768784.449839,103,767975.442228,20,763297.631255,40,745568.266477,14,743219.288951,69,677814.239772,24,657877.699307,98,647033.077323,49,643643.744392,46,630878.214197,17,623002.178976,73,chello
7993907.858586,18,1246058.299494,11,1168773.816129,35,1105769.124782,26,1068583.605558,27,980900.600027,19,769112.379694,17,726058.904972,12,553608.649875,28,498034.164741,20,489598.925163,13,447738.008557,29,430380.175952,43,419905.450323,21,371669.729193,14,351553.4314,30,333433.233003,16,323925.181751,34,318196.432106,44,313127.673556,22,301693.485704,31,290122.779623,36,279627.260376,32,256613.482992,52,254535.002275,33,236435.931298,15,226244.458818,37,213401.882514,38,208313.298207,23,202372.697642,39,192595.26375,42,191966.374532,40,tuba
