8049364.070922,60,3468115.260495,119,2536115.140072,61,2189466.476672,59,1343574.048082,118,1266548.608906,120,1172292.615075,177,1091332.124027,236,995769.399821,235,961355.767198,121,954376.906608,176,943372.441786,62,810370.107755,238,670130.823995,58,662136.248995,353,595205.581902,178,569371.770502,122,557965.392974,63,543949.067622,294,534873.824582,180,425863.183269,57,414161.773069,123,390998.339292,179,378995.519594,352,369507.199769,116,361009.869548,64,325204.567548,117,315551.233502,124,307585.148497,56,289489.758407,181,288708.885305,237,286523.453551,55,trumpet
6264693.288659,76,5222229.238582,38,3882844.096757,75,2482991.885842,39,1642141.235782,74,1598810.247588,77,1247790.523289,37,990205.322346,73,949482.276278,40,928453.686646,78,714221.735186,72,663033.344878,36,658752.65036,79,597905.676555,41,563695.706711,71,524214.657968,150,517934.000573,80,472315.33401,70,454046.489167,42,451587.367427,35,420327.301077,81,409397.428321,69,383178.806552,34,370355.825328,43,363986.311494,188,363709.762705,187,355242.809639,68,342281.718442,82,316556.274956,67,312782.892891,33,303586.232067,44,288491.189702,83,saxophone
2839736.40778,34,2457546.904352,230,2384151.715371,33,2340289.313973,132,2194991.916318,131,2074713.521002,229,2049386.495815,231,1950386.707348,66,1830869.509761,165,1764486.119406,164,1718670.58447,67,1679420.932238,133,1510824.408523,35,1481111.897325,197,1463617.021602,198,1432338.732223,328,1429868.803977,329,1338611.180921,130,1305896.556373,166,1250870.393678,65,1236584.993764,232,1177500.051684,99,1157856.140845,228,1107501.945846,361,1021048.243272,98,974589.601904,32,971060.141977,196,969263.213141,362,966350.531144,199,963225.21447,330,954119.293765,163,948934.977236,327,saxophone
5358477.921382,30,3735323.637915,38,3276980.231901,11,2661058.075721,19,2230404.723997,37,2181770.427429,40,1971677.835574,28,1884076.635532,27,1390114.421083,39,1295638.079569,29,1283671.331674,31,961230.751094,41,932036.707697,21,883388.012304,20,867012.680803,49,840772.284203,12,809821.181781,47,752196.614234,42,740892.308006,22,720117.548071,32,678944.872891,13,626689.586239,25,621503.456821,33,553814.773045,59,552504.02294,51,547219.898939,35,535630.077487,56,530738.512847,44,513764.740461,26,480650.656982,57,424360.092214,43,413164.886392,16,tuba
6598184.211709,85,4316113.408779,43,2160277.158116,18,2055560.272373,84,1700932.290834,23,1634734.288495,93,1467529.698596,86,1128018.256399,27,1126931.318079,87,1124093.287918,26,1120311.401295,19,1105666.072848,41,1075681.655797,36,1047550.882048,92,1009356.733294,88,1009224.69734,32,985155.177525,30,967122.418576,25,966940.658774,21,962261.439137,127,930575.579851,14,929584.667695,24,917318.404919,45,906976.756809,37,878890.223605,31,851769.090561,49,842321.431195,51,833238.79988,89,825343.197155,72,818465.255204,111,814895.366274,42,787823.479913,82,trumpet
6746700.112537,32,4420775.686771,35,4025205.541164,34,3708216.84448,31,1558067.348173,37,1294535.073178,30,1216285.670237,36,1133272.245313,38,714514.064377,33,544625.673232,68,406601.438208,40,382503.708985,67,379344.135324,28,365134.280178,29,337679.372593,27,302348.042861,66,290232.429079,26,263540.912652,43,256983.318664,39,245811.650442,70,237437.024283,25,225695.836121,65,199357.777783,24,170407.630928,62,163853.646264,64,156200.174064,45,147237.638956,42,143617.748383,21,142881.472418,17,140955.981024,44,139559.053031,18,132528.741395,69,tuba
9281604.643009,34,2138381.343904,33,1527761.069299,35,1154426.397744,99,1034149.152351,165,910043.672894,32,848280.08977,67,841310.973024,36,770714.094685,132,725869.303007,66,696544.93589,100,576763.050737,31,553815.901499,231,529242.20731,37,495778.321098,198,460422.524502,230,449530.425169,164,421357.065178,30,420755.897977,38,394078.190493,329,393499.1844,362,361703.07446,39,353319.174456,394,341178.994914,29,335194.246265,101,284019.434729,296,281161.019168,40,277885.811925,263,276379.327235,28,270896.014662,65,262511.807126,330,259284.82828,199,saxophone
5437907.227203,84,4470348.717452,56,3092946.763537,57,2886881.480134,140,2441668.812525,167,2406294.729246,139,1602791.078326,112,1581664.405444,195,1339649.909654,55,1287560.046036,223,1196929.253276,29,1117323.880855,58,1116356.375287,67,917196.695243,138,849725.275519,141,813112.070197,250,760187.129521,168,753959.306375,54,677053.341791,59,656119.660817,222,642779.845349,137,631963.498515,85,610796.710036,166,581892.609498,83,557056.611828,28,548169.939458,142,538060.50953,53,451553.444212,60,437156.142978,61,417297.838899,251,416971.58041,82,412909.201178,52,trumpet
3810133.043355,19,2419749.744031,11,2195629.852378,18,2070074.064842,16,1843270.609325,13,1583707.268395,37,1463147.027498,64,1346207.882843,60,1249169.987832,29,1237109.241358,17,1201581.734613,28,1195167.649152,36,1120430.254907,20,1095888.00121,39,1086309.482563,30,1026253.919512,32,1007017.224731,35,993151.089333,40,930430.396618,61,924363.940275,132,885226.175809,21,863597.831862,133,825294.115934,55,802097.225061,45,793289.76086,12,779413.771376,25,777776.027803,56,765388.488442,58,758767.473303,38,753854.956632,26,751335.768393,62,734050.774772,31,tuba
9113812.164583,34,2857065.081934,100,2375626.607258,166,1343028.30391,133,1061328.076157,199,839712.267813,232,772681.892896,67,639364.523453,331,571880.509347,364,413047.625797,167,353163.172328,165,344891.561362,265,340727.89395,430,294107.285073,298,255673.09373,398,247166.126556,68,242048.031027,200,231371.7598,101,214482.417765,463,204765.703133,396,204210.480507,163,197152.969766,164,192597.454197,397,188108.969076,431,187027.048503,32,185706.033938,329,184374.61411,98,170605.698156,362,165683.866568,33,165640.149015,229,161594.438481,131,146500.53156,361,saxophone
3494523.969966,13,2955249.330825,16,2614771.047059,12,2499994.691171,26,1808322.980511,19,1786275.600083,17,1676923.957183,18,1568792.264348,40,1483062.525394,14,1356525.757699,41,1344994.423383,15,1202744.836491,23,1138903.855828,33,1078219.289697,22,978697.385917,21,951276.279455,45,883702.849178,31,848604.664557,35,823751.182703,110,789997.236652,47,785512.350183,42,782869.724241,34,769395.792537,59,755440.497671,24,754583.613747,25,700195.697509,36,698786.394491,39,690792.593234,54,676287.604043,50,657744.231521,20,644536.54974,43,635902.948035,71,tuba
6066300.98945,34,3701125.889205,35,2607539.041983,33,2428011.774356,23,2300905.937275,89,1999595.060491,90,1927814.591946,22,1849777.25714,67,1653916.197164,51,1532484.944311,66,1425335.110054,88,1381619.020969,18,1326197.088144,24,945093.10285,111,912388.851293,52,828524.556841,91,816372.316757,112,757367.520909,37,706095.362489,68,686212.933548,87,664652.167283,65,659111.785537,20,657280.14811,46,617783.892372,110,607330.984918,69,578704.899146,50,566664.293703,38,544175.379345,32,528820.63208,86,521937.99517,85,501676.393001,92,499652.812094,45,saxophone
2822411.641502,13,2405788.887628,11,1770190.88945,17,1706804.165298,25,1682291.635401,12,1506094.437184,15,1486371.048107,33,1441170.714886,57,1250884.416725,38,1205849.917052,22,1201649.538345,40,1073078.508041,30,982804.53397,56,949155.400494,29,903787.753474,18,887731.623931,93,876866.136506,59,871202.177313,31,847309.640899,51,793390.662552,36,763340.470689,14,744401.969343,69,741281.012677,53,735495.553359,32,721243.605901,37,697329.085057,76,697303.659342,35,693605.88734,24,676427.186144,83,668256.641893,16,664445.763069,66,661673.87833,26,trumpet
4805314.531253,48,4215843.535375,94,3772360.500358,141,3707027.44406,47,2686422.203525,140,2577272.787012,139,1878855.359566,95,1597540.060651,142,1434735.731027,93,1326023.38645,49,1199089.567262,187,1078454.840446,46,1064413.024265,143,977991.03362,96,623484.697995,92,622925.993358,185,579126.623771,144,574974.323337,42,564994.565686,138,549556.070748,186,523628.417881,137,518556.855141,189,510385.949944,126,486694.868753,136,442227.145899,188,391939.365655,125,355704.422761,184,343463.101017,51,340669.259778,235,329965.692032,52,329542.195245,282,309984.761761,147,trumpet
6899224.453861,133,4939100.095421,89,3016537.032591,221,2349914.906328,134,1884354.322096,177,1520528.345835,45,1376918.496735,132,1283742.084311,265,1112388.839333,222,980382.21671,178,707133.077871,135,707107.989626,88,667686.384693,220,591628.353338,136,515289.772702,46,511785.561,310,498075.611487,223,490672.660735,176,457943.204255,131,421820.657817,130,387984.377409,179,377802.032272,129,364839.42978,137,330622.035197,353,322845.051443,128,302028.996116,138,299553.112681,219,281574.183167,264,250629.707111,224,233544.694109,158,233225.840249,139,227804.903317,90,trumpet
5299646.495723,16,3970502.944253,15,3346098.912289,30,2721031.445049,27,2664085.273638,29,2077773.915834,28,2014312.335381,26,1620702.043511,44,1484447.775355,25,1462033.074759,13,1451891.933456,45,1277259.124127,19,1200163.255326,18,1189712.87044,14,1155824.444871,39,1053919.212329,24,1004578.630148,12,967616.061409,31,891747.721575,33,823744.344532,38,760391.077029,34,688591.244026,36,688502.862284,40,662269.843519,11,648198.147591,46,647134.584233,32,392948.195751,59,391241.02326,23,340195.294885,53,332464.819694,37,331435.79125,58,325984.559367,49,tuba
5515795.52776,112,4033033.223889,85,3993747.763535,113,2297008.94697,196,2134109.391254,29,1970462.889847,84,1840203.572382,86,1243944.444577,169,1134270.202268,168,1110718.404981,114,1098895.645668,223,1028991.30341,111,1003912.713343,140,863086.105954,137,827319.611062,195,822739.827487,250,781403.226161,28,766076.830066,83,711997.450912,57,708479.176018,170,686761.763776,193,682884.946917,139,677047.334431,225,659520.842728,167,619308.96373,197,609834.466782,58,580625.616936,194,570341.774004,59,567021.822808,251,561539.770205,226,556899.676935,87,552585.177631,138,trumpet
3268471.131529,13,3182383.27368,14,3144891.841778,29,3111151.123943,33,2639769.823355,18,1764764.563906,48,1726740.948661,28,1452722.068406,32,1303023.304312,73,1254923.893561,64,1248291.255459,68,1206665.313071,37,1155056.923536,70,1149802.424493,34,1126806.781531,25,1121570.65328,15,1114036.096213,12,1099056.636143,75,1034383.169618,30,1013917.021271,19,998771.057159,74,937411.225185,21,928453.330019,41,891938.285337,71,888086.847291,61,885924.612617,20,870617.335945,24,854756.797806,63,839616.33736,17,764818.230077,72,757052.062355,95,730128.240987,38,saxophone
5973357.369336,29,5124467.763692,28,4308151.175142,30,2112750.781035,56,1828294.404094,31,1780116.731285,27,1562869.545106,57,1129871.877374,55,912793.904482,32,799081.154557,58,687332.65295,33,655787.207534,34,635503.322999,53,548114.193646,78,526404.491961,26,517865.69554,24,516660.115151,23,503313.859797,80,495654.538369,35,453188.78219,79,447685.088234,52,434335.172669,25,424374.182116,36,416320.216298,22,413576.392082,81,372310.7773,77,372035.39828,37,370104.747239,59,352975.409288,84,345971.295621,38,332499.272565,21,330579.878275,83,saxophone
2581989.935399,17,1987855.782913,35,1983883.2025,15,1967992.033794,19,1896097.457889,26,1531216.900006,44,1364353.170923,36,1313630.823768,30,1306820.676468,31,1258195.737204,27,1167601.914849,12,1157978.890168,13,1153244.996305,24,1116054.226134,33,1084357.698883,18,1050532.296766,47,1049693.240999,42,1047118.272897,38,1042197.386671,37,995880.92301,56,985653.492713,48,948527.203293,21,930221.20436,40,927308.867097,97,918141.14091,57,910280.391994,11,895154.27414,22,885266.746354,20,849152.361336,92,842726.831871,98,815722.722077,75,790666.762676,74,trumpet
5677983.936149,65,4968745.848493,128,4371154.664341,192,3857687.202764,129,1426667.629627,64,1342574.646588,191,1225250.934732,130,1218604.540773,66,801206.285568,193,796099.082139,127,734658.17386,63,726248.09461,131,671174.523893,67,537692.561506,132,453563.390123,126,447781.230987,62,430378.184569,68,428965.264448,133,406201.081448,190,396394.737858,125,338661.395383,61,327672.579101,124,326892.165195,194,320812.017407,69,307392.024154,134,287908.675994,123,280978.047105,60,260230.369076,135,259549.628375,70,250725.669094,122,250367.642321,143,250278.743979,136,trumpet
4631892.937692,85,4408997.40733,139,2657250.952824,169,2563052.854707,93,2178832.088636,140,2066677.470063,186,1924565.356922,94,1746333.860388,43,1740450.875063,168,1434537.615838,184,1384699.457517,129,1376271.985375,187,1371514.379478,92,1321425.289446,138,1258940.475025,48,1224257.459493,185,1052370.113986,44,1041858.818853,83,972543.367999,49,944117.083874,82,918591.645855,95,776879.391276,86,755336.383378,130,682111.305618,137,650916.978628,141,624468.321213,128,621741.879764,232,615303.214852,47,598159.498489,37,598156.428737,84,593163.32095,91,584900.433728,50,trumpet
5185018.81444,41,2831130.315955,55,2779508.084707,29,2371088.780054,94,2279037.057035,56,2026021.709961,28,1711769.295243,27,1659302.357926,42,1604571.641494,76,1536554.802322,89,1530743.399024,90,1414606.601778,54,1325374.711368,95,1305034.611381,14,1290716.770855,92,1286541.768223,57,1268999.477006,58,1250356.276614,30,1192700.800829,15,1052410.002676,75,1029960.883473,91,997432.183262,121,941114.75397,96,940445.869178,53,851971.156471,26,840437.386124,52,828093.76831,59,815593.399333,25,760449.19208,40,739713.881112,106,719102.23733,108,663735.9296,16,saxophone
7887848.504242,34,3621913.967323,33,2168890.461067,35,2158721.763585,99,1562830.733098,165,1467459.774455,32,1234708.314873,164,1171309.646401,36,957208.174017,132,933978.695743,31,815104.658731,37,784324.154049,30,768219.125293,166,715941.716883,230,611090.901817,38,593029.800534,100,565040.562763,163,530607.921471,66,526701.00611,67,525865.323973,29,497461.262251,393,475804.998799,28,474429.091038,39,436518.983396,98,412256.978368,27,394079.004412,198,392654.000135,40,380265.309539,167,372058.947351,197,366434.447472,26,352118.868186,295,341998.076757,133,saxophone
6433296.804951,120,4670143.242704,239,2693582.346028,180,2508700.643991,179,2203799.880517,298,2102892.33483,299,2044380.334426,61,1963034.023869,60,1389012.461262,358,917893.667468,181,850196.648088,178,759394.833823,300,692587.865105,297,684792.667623,62,633093.103325,59,562181.722906,418,541162.534469,177,524349.394173,182,467848.186198,417,454861.91469,301,431107.416058,63,391454.692051,176,390794.399774,296,386689.374324,58,369429.731284,183,362885.439603,477,304905.694817,302,303670.569612,64,302049.54187,175,296543.868487,295,292351.955861,184,292010.003312,240,saxophone
3673207.067501,54,3637749.569835,107,3018169.915707,52,2871952.130575,106,2503806.016635,161,2181789.056351,108,2118210.938826,56,1985635.940778,51,1876634.158263,57,1674156.67984,105,1575145.165206,53,1434655.022929,104,1433112.188126,109,1427909.701783,162,1148273.447915,55,1090634.57456,50,1059928.254554,160,874423.414006,110,752242.34947,67,672940.415139,12,656853.37327,49,654643.910889,103,653655.186873,157,643756.547375,21,640646.210379,159,602985.560706,95,601458.141739,59,599537.014302,14,579121.812499,156,578644.930015,164,572033.84987,68,570810.876339,64,saxophone
9067221.218151,23,1818130.892805,21,1685876.265602,22,1605681.392107,24,1462661.155596,25,1457246.671911,45,1233659.772008,26,1168052.934555,43,839499.071217,67,803655.004528,44,732002.107351,40,702707.687507,46,633188.404507,28,600107.515781,68,576924.095862,42,573891.585582,19,506544.884148,30,503317.091858,18,503196.79723,20,470085.116136,41,371644.504444,16,310515.916074,27,301329.252786,39,269865.998173,48,263542.647375,17,254043.706018,66,236754.489498,52,223369.115651,37,217640.893618,49,211336.677369,14,209729.642957,51,209473.512686,63,tuba
4917183.559134,24,4682790.200173,28,3224147.884994,23,2736879.651614,29,2520519.75358,25,2335619.484014,26,2309126.822498,22,1622315.454309,36,1431509.178022,56,1407432.183609,20,1365186.761451,14,1188429.725887,27,1151674.680263,21,1135650.417434,17,1059558.748639,18,1037608.419018,50,978729.998429,16,932909.313718,47,924559.448965,38,902849.226519,48,785559.504353,11,780380.989459,19,729074.12893,43,635979.703875,31,595124.030201,51,551412.092847,30,482417.332458,41,455808.916645,49,423350.579367,12,369897.960191,53,350559.077401,54,349231.37404,39,saxophone
7159227.126398,140,3219611.003228,105,2697631.116817,70,2689520.088492,71,2624570.872035,175,1872227.834726,209,1673906.655089,210,1430691.766133,36,1194212.097366,106,1087670.559721,279,1016713.409543,244,1014076.875671,174,879159.55331,69,834983.938215,72,645026.524534,208,606029.719661,211,558705.895817,314,554549.492187,68,537589.395968,35,516863.74272,104,511128.349113,73,464372.006189,173,449021.495172,107,439681.415817,245,393292.513776,176,384115.340101,67,382934.026388,212,376428.169121,74,374444.327788,207,307567.402172,103,305055.328124,66,291885.237099,177,trumpet
7938016.928146,26,3090389.485364,50,2662995.84249,25,2423564.439584,100,2253491.921949,27,1999439.081701,51,1177819.545732,24,983786.498893,49,973754.459243,28,853188.876764,29,777431.904501,75,682591.199606,23,666519.577106,52,615278.295254,76,597681.264265,48,487487.232207,54,426747.17896,47,415009.172308,22,380899.083429,53,371803.597145,33,369146.256526,99,338139.158484,74,332133.793123,21,325420.095443,30,313998.190682,273,312035.622582,46,307915.197961,45,295363.923665,20,282563.871081,44,277552.495474,101,275203.973997,55,258107.341628,35,saxophone
4141648.013524,120,3520221.785591,119,3207813.484943,121,3088160.068679,180,2988016.745129,179,2378485.496574,181,1992782.609815,178,1927407.041431,118,1926805.012885,60,1632748.779456,122,1430782.136177,59,1330288.789905,61,1195076.872473,182,1138927.955429,239,1042389.239061,240,1021589.04604,238,1000249.77542,66,936541.543208,298,923802.262304,299,801961.689154,123,775864.182899,177,761278.071005,64,748903.023517,300,702834.201725,297,699817.136211,67,685986.469956,237,644309.979342,58,625731.767167,117,614550.406741,124,609868.788903,34,606986.914987,241,586773.378443,62,saxophone
5810696.254287,27,5295648.039704,40,3613377.206963,26,2577248.983587,41,2073293.27355,14,1491600.446555,25,1442765.194702,38,1158129.268125,28,1012312.771185,39,1002544.012292,15,997962.213023,24,976636.927826,53,910251.6566,42,866335.96867,29,843717.827656,36,816652.252523,54,678596.004323,30,612898.039961,43,581924.900942,23,517019.770844,11,514955.678101,22,499397.406148,16,492613.635015,20,468787.391869,44,445965.779213,12,436712.854364,13,433480.929347,66,431540.653473,45,429925.48845,18,427595.087101,51,392604.119014,49,389904.07134,17,tuba
4516252.281441,95,4039460.8498,188,3546798.286964,141,3540756.182629,142,3091845.4637,235,2603367.620805,48,2118880.202242,94,1474755.139874,189,1428136.447178,96,1399682.536401,93,1133722.053099,140,1036499.129252,187,975144.868013,282,912555.053651,143,765790.705451,92,694521.520246,97,682161.214175,329,645378.3011,328,633544.63249,139,596181.182235,190,586405.698543,377,580110.256137,91,535303.914137,47,513784.545278,144,512763.416543,236,507077.334311,145,492210.036244,423,476248.006979,138,472586.006618,90,460579.048083,376,454106.967404,98,443015.672449,186,trumpet
9892539.984022,65,1134433.763283,66,968366.075511,64,852557.075402,193,599667.027951,63,558881.174379,67,503168.503142,129,481016.778379,192,434070.105856,257,372103.634032,68,365704.130337,256,364597.532104,62,327899.004298,60,281625.475526,70,278276.789908,69,259769.713686,61,227543.119245,59,220700.771287,320,213524.436657,194,200727.477275,58,195604.455321,13,194494.400973,11,186506.060626,191,182469.303725,71,172961.906865,321,169224.097956,57,161938.593155,384,160048.359021,258,158315.063997,56,155340.587645,74,151239.430982,75,144139.116322,72,saxophone
6007222.267037,51,3970137.103883,50,3401902.85209,52,2055675.995213,53,1902701.597378,152,1761042.233426,151,1451501.347525,49,1282547.018306,150,1231427.8434,54,1221208.748332,153,1171459.46359,47,997894.035471,48,947444.080066,149,943236.855641,55,914787.842254,101,883993.776344,148,874005.08817,154,831833.440709,100,780388.492343,45,757957.566389,147,709976.928384,56,603218.800682,155,593153.791353,57,581518.046382,145,579719.675355,103,555399.533452,105,554501.387701,99,553978.609887,146,534814.180062,102,529901.343848,143,506422.611444,58,492000.500507,42,saxophone
4621635.41057,63,3671588.004447,43,3168589.847266,84,3114949.261967,22,2776821.199301,64,2124873.768518,85,2120656.112042,42,2093682.030911,105,1744649.457689,127,1387520.966425,126,1330937.064817,106,1285898.556333,21,1268853.041403,103,1048390.712954,65,938471.856875,44,919150.939321,86,907331.890117,61,760364.864515,167,757038.673541,129,742031.584265,108,739469.696934,23,736232.232566,82,697990.261372,81,695429.007966,87,630209.549546,66,624801.549019,54,620553.299588,128,612301.604108,146,579236.807047,83,509650.458945,59,504760.575216,124,491145.977941,107,trumpet
6790569.802462,23,4609984.14971,67,3943167.386384,89,1735610.312392,22,1561619.171274,88,1511348.447315,111,1163781.963998,24,950947.485644,155,938557.678233,66,846154.306609,110,812800.442328,154,754355.182416,177,686056.710875,18,634731.866137,68,622749.918475,20,608944.91303,25,589848.859582,90,582289.115114,19,569028.228614,21,553947.207281,87,514425.29722,220,506737.888583,91,483165.223878,265,479695.807269,34,479171.453583,65,422019.574141,243,419658.865296,176,394025.202606,33,389410.077576,69,367208.506712,17,357847.942291,264,356855.750586,86,saxophone
6265520.216979,24,4721094.95699,35,2617682.446895,36,2073562.801559,25,1869411.364821,31,1830074.264771,34,1771979.911603,15,1627762.193865,17,1588601.142407,37,1284495.117091,33,1284204.512341,13,994176.5918,28,992790.198014,47,974232.143986,22,901921.247629,27,883704.749346,16,878939.37962,48,846716.787144,32,701425.193208,19,689934.783473,59,685711.496612,39,685620.79898,62,681748.432739,14,639258.883957,79,629170.840358,18,592856.561224,38,592256.898448,26,580527.376209,56,575943.145939,44,533003.295159,12,524359.657909,23,520530.013229,51,tuba
7365751.280358,50,3666956.519085,49,2609899.452965,51,2541095.424936,48,1825238.623444,146,1493731.770766,47,1478097.502678,145,1452275.447795,147,1077808.436642,194,1020154.939664,144,976039.108193,193,942964.670577,52,828286.960412,195,807558.752936,98,752341.114799,97,738779.010381,148,713998.607426,96,684541.172788,149,557979.93102,44,525432.4111,46,524580.891469,53,524436.907575,54,499307.38235,55,498041.596067,95,409176.44675,192,394155.941408,43,393320.49171,45,359499.416524,56,349096.721467,141,347532.815111,100,337922.238395,57,321129.896398,198,saxophone
5609190.69539,43,3698661.752221,85,3311513.211551,86,2410666.634329,169,2232477.338467,128,2141756.115153,44,1852282.857062,213,1813515.323354,212,1786224.381636,170,1368741.279166,84,1318890.699117,214,1187331.14602,127,1176094.580265,129,1092930.75579,87,1019958.699042,296,993637.554602,294,944203.561433,168,912546.88101,42,862355.082302,211,842603.889879,45,769344.351504,83,717376.685415,293,696216.097009,167,658658.661747,82,627640.573325,126,579073.748883,215,561955.743931,131,524130.053222,255,508326.964075,300,506585.890667,172,484454.842772,41,468159.267085,63,trumpet
5130653.97284,64,3628422.058583,127,2982016.640693,95,2529373.267939,32,2377547.544172,65,2348328.431849,33,2092004.163405,94,1987881.140866,96,1918028.383197,124,1568456.543581,125,1338771.914478,156,1334691.525508,158,1255797.162842,157,1219952.998351,128,1116730.103181,93,1071740.950197,126,999711.238982,31,958612.802382,62,867420.210302,66,768786.777807,123,697187.580614,220,695525.724447,155,689120.730396,222,659923.234216,97,634772.167811,159,610468.287172,69,602822.873178,61,586312.832711,34,581487.425571,139,576846.409527,190,537903.355924,35,537813.520596,67,trumpet
6136989.029623,84,4186839.338779,146,2294466.65274,22,2234078.186948,42,1910560.995885,106,1637533.856818,83,1486023.251694,43,1467775.356368,209,1387502.836275,85,1173979.627757,105,1141142.503347,145,1107579.772524,125,1018850.35542,63,997926.630836,169,928859.651739,127,835478.920716,64,799281.645902,21,780540.284401,41,720224.219238,270,708398.963365,166,703111.021656,167,686375.011427,103,650461.210934,82,600892.710005,208,599354.405727,144,593184.982657,81,591236.019751,104,587530.895826,86,562189.797725,113,554103.121195,20,545587.000372,87,534991.330728,112,trumpet
5066899.661823,54,4836651.787201,55,3659635.764538,53,3483123.739669,56,3373372.969669,52,1953721.257876,51,1918056.967674,57,1153808.776231,58,1072777.409642,50,886947.449208,59,762643.089345,47,686846.025472,46,580020.321872,48,545952.190751,45,530622.424586,63,502532.737865,60,486123.367627,62,482889.121156,61,413031.052755,215,378050.152181,64,374624.041823,13,371190.067138,44,369366.776304,105,364766.311166,106,353583.516997,214,330868.72977,42,317547.451854,29,309627.003822,18,300492.30288,39,299334.513239,40,296302.622729,67,295244.844361,212,saxophone
2518529.67904,13,2514181.056814,14,2454811.835307,15,2231765.016181,18,2193667.272025,16,2055229.57563,29,2019438.961248,31,1869427.769652,12,1765370.209133,28,1681712.169495,26,1657918.720063,17,1654791.852936,30,1597256.444334,20,1508747.941291,19,1493791.72369,25,1397745.430202,32,1388347.191327,11,1350882.990008,21,1255591.664327,23,1105019.206521,27,971099.855617,55,883668.181141,37,835536.746162,52,827191.569462,33,812084.734691,53,800419.384566,71,797858.109214,38,792540.265243,41,778873.534195,50,773443.250461,69,711428.111505,88,706058.033676,39,trumpet
7735289.97798,66,3536122.537648,99,2371953.93571,164,2297128.770249,98,1889036.687261,67,1608224.747374,34,1493893.539043,163,1330558.594217,32,1129619.369725,65,1000658.993746,97,710985.293448,68,663004.238823,31,648365.159308,261,596982.907266,64,591681.911919,262,540546.14766,165,532866.816485,228,518536.353825,96,498475.374839,33,468880.314891,294,467403.828045,63,457741.851568,229,438950.692298,423,435258.760272,293,416368.557388,162,409988.052669,391,403948.573901,131,369579.938526,40,362305.11691,69,331008.844915,260,322144.355486,359,309049.78782,62,saxophone
5058009.221624,37,4591298.771358,36,3325194.081186,24,2978229.930891,25,2719521.682233,27,2066317.626431,48,1653661.194747,38,1637532.652434,29,1534762.242463,28,1528671.865395,16,1305155.470198,13,1117119.068585,31,1009136.7201,49,1006138.789224,22,989276.493045,19,963484.153134,15,945865.614788,40,937961.934213,60,892226.88116,33,838855.449924,39,791452.17118,34,724501.411882,17,675349.246684,26,663766.068729,44,652773.701138,18,603498.441223,59,527946.641064,61,474583.180991,30,472950.253047,43,462183.229485,42,457089.438049,12,445739.907201,21,tuba
3984669.786113,39,2543421.332334,33,2490283.230364,40,2397724.242631,36,2369677.195646,49,2348481.133868,30,2203233.575756,20,2125965.093379,11,2109610.690887,27,2087330.523791,13,1914698.242091,48,1842538.512146,29,1452130.554833,38,1366835.846901,24,1308343.856074,19,1273288.647242,21,1270743.398024,41,1134988.30534,37,1108525.959292,32,1089113.179946,12,1013560.890649,44,1002618.574908,16,966943.005688,46,939217.044911,43,926104.898719,50,903040.707945,28,885478.474327,34,870899.285841,25,848621.502332,51,838834.870754,22,817577.704541,26,814942.521394,14,tuba
4916630.814704,36,4627860.149263,37,4073558.786342,38,2577708.032061,68,2071834.202394,69,1952667.01926,34,1733819.298093,70,1293061.144798,67,1268598.976328,39,1019267.978185,41,966928.723529,24,964440.375981,66,874552.402965,71,861915.240233,25,834682.491492,23,819328.584741,58,729116.763511,26,718779.694953,59,677020.076599,72,667387.833899,22,661591.693227,64,659485.878347,53,658400.221921,50,642436.385936,73,638588.455681,65,635732.476398,18,613193.213353,60,612402.270385,44,608359.707508,35,594166.839655,47,592109.557831,40,587503.013267,42,saxophone
5717715.833622,54,4590325.76516,55,3027570.408207,49,2570100.263836,48,2167915.498004,52,2053765.517867,47,1963176.019787,53,1927994.82825,50,1855358.703041,46,1493514.040872,94,1480343.613027,95,1294679.754234,56,1136988.470351,142,959274.429247,45,896596.359501,141,735822.734527,43,574219.691593,96,552579.274205,93,546495.867007,108,544639.022199,42,475944.336118,143,437290.154404,162,419257.382737,107,404614.543855,57,400164.862913,163,395232.751484,109,386918.613933,44,383484.236547,51,365907.290438,97,329155.037129,40,320585.51439,39,310166.657463,144,saxophone
4854921.918693,12,4774509.640392,14,3518450.079279,15,2590858.776839,13,1988790.581444,16,1747308.478078,11,1347133.452426,45,1081165.761504,17,1017714.663906,24,993959.944021,49,984999.940893,23,977316.464571,46,880502.493876,37,879050.496671,31,855951.602317,48,852880.211227,27,793078.076199,159,784408.548329,32,714108.287109,25,688020.49389,20,671720.730004,21,656834.439403,56,604074.911695,33,595080.949821,28,585607.531513,290,580792.796181,202,563849.246606,158,562280.288042,335,553858.913329,170,546925.762282,111,532923.31139,51,531549.061587,22,trumpet
3763104.724784,72,3481732.933167,71,3294943.845502,142,3062853.294178,107,3059311.477262,37,2776281.701456,143,2743239.219219,36,2432269.107848,108,2225672.612986,73,1752400.871416,106,1154190.981091,70,1118581.168493,38,1098469.69118,35,1008708.456683,144,1002604.656137,179,1001831.579066,109,948916.653119,178,864807.137758,141,858357.132967,74,793837.903654,214,728869.438711,105,711908.68134,69,651136.758573,34,617127.914462,39,581690.537419,110,569165.262411,145,534556.71686,75,490393.190865,68,466661.331247,40,462235.406559,33,457877.9314,104,453321.062724,76,trumpet
8541638.005257,49,2626943.430995,48,2131844.935668,144,1895308.697901,192,1500822.880167,50,1470609.844659,97,1344424.911005,47,1193806.480454,96,1006658.184382,145,929505.658956,51,823496.935788,46,724127.358371,52,665608.615112,95,583161.989176,45,555011.479864,53,514237.316978,98,472794.526023,44,448776.569205,94,448770.24437,54,406411.788476,55,405792.952265,335,352531.349055,43,325481.492289,42,317542.874197,56,315647.540126,93,304001.850171,240,298216.15587,41,290397.007929,526,280370.840103,57,274727.243182,193,274055.745358,58,254228.324838,40,saxophone
7154277.841223,144,4002851.047829,49,3208192.348718,143,2748931.157341,191,2259322.411256,48,1474327.619128,145,1133774.832406,50,1126690.102281,47,1126586.118996,192,751273.400674,146,743546.26468,141,663632.114107,46,643843.601708,142,616504.730141,193,587773.454528,239,561748.31256,51,509837.957714,147,507988.348981,45,501294.382395,286,482082.243714,95,429912.103922,139,395125.85281,140,383069.051004,148,383029.147915,44,370072.162156,52,367453.927434,190,342710.990209,189,340699.053427,43,325444.305476,287,320202.358898,194,310434.221402,137,307933.775445,53,trumpet
6353580.566205,36,5985164.760932,19,2599720.599928,37,1933917.801542,18,1460925.525845,30,1381123.626943,33,1262060.549455,35,1179047.964762,53,1070714.647691,16,1051046.417647,54,903793.41656,20,793097.359869,44,748322.946657,48,723330.306665,71,699834.027251,22,696857.103368,21,686635.729519,17,634360.333862,38,588624.294367,55,573191.642693,29,561457.784234,24,555130.010389,32,524756.98642,40,484407.856825,14,441172.205052,31,400925.105084,39,381966.525109,52,344376.768581,28,329510.498626,70,311123.719938,15,307022.514012,25,306073.726912,57,tuba
2487675.290321,51,1797271.016586,124,1773257.391699,54,1509854.450389,45,1488604.491085,125,1473847.95429,60,1421574.343852,48,1328474.991429,76,1208215.775975,49,1203757.156439,129,1190358.568502,167,1188308.04172,133,1184106.433196,127,1180004.47874,130,1122553.617786,82,1115965.266716,19,1114976.260389,50,1081796.496234,39,1072508.437091,57,1071849.382947,70,974296.019338,123,969827.832945,15,969513.754071,212,968881.43102,52,921464.095135,105,905316.586406,84,895833.49619,140,869873.041217,18,869413.301087,163,862728.964112,21,846028.985665,47,813515.62211,23,trumpet
3366005.77813,18,2687942.183016,23,2131165.077338,20,2022139.987171,22,2014171.874717,27,1819965.795945,89,1603497.763791,25,1576784.504802,26,1334836.156741,24,1263631.741291,21,1219516.534602,33,1191612.348169,48,1176599.989418,47,1168123.229464,42,1128549.019295,45,1104361.871522,77,1024651.734751,55,998891.079438,30,980068.936688,46,969053.111296,13,950185.956456,34,930905.392385,11,913181.464659,38,910580.114186,63,875919.723644,17,869377.005801,90,826655.097377,29,812503.875827,40,810513.8325,191,804782.423055,86,803799.779161,93,791812.492424,126,trumpet
2382920.754594,21,2292298.380428,15,1782479.886667,26,1719277.884883,46,1686836.386382,12,1420976.101929,30,1380060.358212,11,1377452.581041,22,1285488.11773,33,1271193.596367,51,1268897.39723,14,1252645.66795,50,1252470.547579,17,1202205.75434,59,1198760.641439,42,1170411.388415,28,1040529.935161,23,984087.481642,63,958872.594642,20,946104.018777,24,942607.134777,41,926092.45938,47,879359.045701,13,872786.963487,45,869026.623967,36,861159.921575,53,859355.391889,62,853816.166688,40,840559.82344,32,818886.493123,29,798709.759032,58,774276.20373,18,trumpet
5645389.923986,89,3634737.199974,90,3475310.409324,133,2965354.425869,45,2248917.049666,134,1905177.192127,88,1345967.916341,46,1255127.924757,77,1253503.804175,78,1249918.397088,132,1199108.124808,76,1197139.404287,222,1061835.660658,75,979394.042029,221,949807.044683,87,890888.833971,131,818107.989667,74,817975.336515,79,779776.278102,266,754673.421973,44,736056.224925,91,735374.308896,354,660002.007473,151,642592.539325,265,635814.186991,152,633414.253715,92,580401.720837,39,579196.147756,83,566335.562087,150,560648.305947,73,559751.961721,177,547256.36644,86,saxophone
5915434.603773,18,3820372.021844,35,2808204.759001,12,2140123.949818,30,2012174.739622,41,1879994.604633,36,1854701.638023,13,1623776.973377,40,1355305.338838,16,1347955.989655,17,1182202.588904,33,1160037.963257,37,1098360.716364,28,1087001.417539,24,883782.108522,19,881634.425568,31,869669.106691,45,833379.285251,34,764817.619673,43,755544.413316,14,748330.475733,38,709329.938296,15,705715.921785,44,700737.899001,23,654290.085872,32,629359.166154,11,606585.861863,29,602046.383339,26,582903.888273,22,562019.342593,39,550451.679944,27,539387.994544,21,tuba
1859785.035841,132,1699285.724875,466,1604805.49637,475,1372767.983124,479,1367753.687928,49,1347501.130112,478,1279192.095581,166,1250045.900281,477,1225926.396571,473,1202310.236538,123,1187807.490545,130,1183998.729275,157,1169360.186435,126,1150573.49265,129,1145076.410215,470,1132937.995037,476,1121725.712873,490,1087532.634175,50,1059819.880437,169,1036696.626146,127,981743.636292,340,974912.244754,463,964450.869436,484,963747.321141,125,956579.696021,51,932372.977599,474,931260.016825,48,926748.748743,53,924267.299088,143,904712.149124,160,895375.353546,128,891347.321182,348,trumpet
6816443.390225,32,5034516.557555,33,1950937.042353,48,1684074.746158,23,1606193.586197,16,1588495.524207,31,1537439.093398,17,1462472.612345,47,1413976.413725,63,1228978.283711,34,1156453.093734,64,1011498.622764,110,857941.610088,111,805980.000619,95,737425.658466,24,727595.312522,35,724132.769146,22,610086.801772,94,605165.113632,15,604707.474164,21,484562.009771,65,471855.210934,79,469536.583059,20,465554.450149,80,463779.233159,46,462045.333608,36,453605.583128,52,425478.730581,45,409207.84439,112,409048.187288,27,394560.022076,14,369274.147503,50,saxophone
3108480.103221,70,2803896.213364,140,2495120.644668,63,2468788.787257,32,2321348.068689,94,2104958.361004,141,2066516.104257,124,2004446.002656,125,1884214.177862,71,1881402.281567,93,1791685.525438,31,1541209.600187,36,1537239.597644,72,1514829.212673,62,1439144.358456,64,1373125.140124,69,1336809.222879,123,1321603.354948,142,1295147.408385,105,1209699.193364,106,1179530.854286,34,1169487.060102,33,1157475.189978,65,1154710.580733,37,1119824.123306,35,1103632.163357,95,1009145.681096,92,1003101.272436,66,968487.227465,175,955286.150648,139,921282.965021,67,909437.793402,155,trumpet
3479012.281282,91,2907388.46907,90,2282629.070976,179,1650682.852765,43,1546512.900435,50,1519843.249676,205,1357414.604794,135,1289412.371511,45,1254452.815509,191,1179781.789921,277,1112130.620304,49,964857.988042,321,917337.000137,298,911144.719442,326,909740.303111,276,907513.695601,44,895518.020319,393,874404.106402,46,838451.569696,323,818903.570526,377,786383.995148,14,776453.699462,413,754083.806981,271,753421.829923,206,750668.122634,270,748228.888919,203,744934.243108,268,734506.703583,264,708845.350972,172,707361.098288,42,699658.737005,128,697228.437869,177,trumpet
2263759.411543,24,1808491.527516,13,1796125.680063,15,1705446.449425,17,1670276.627576,42,1657901.715421,35,1607851.883573,28,1550666.473455,26,1543847.353679,16,1450050.752713,18,1401484.90687,32,1371808.541608,44,1361633.514071,33,1339887.227891,29,1335714.202583,19,1202186.931894,21,1163390.29885,25,1145357.716958,14,1010544.311617,37,975347.696582,52,927329.948699,22,872269.433657,63,843159.345279,23,809744.945475,20,772500.106774,46,746735.162498,85,738896.274165,47,725649.398369,61,712770.237716,11,710023.512554,27,707449.265475,57,705971.747816,68,trumpet
6223228.186254,120,4874428.518186,61,3602564.716654,180,3216463.43226,60,1973342.866287,179,1301724.141286,62,1281129.270959,59,1149831.283601,121,908401.010414,181,897131.778969,119,884097.499765,239,745015.869663,63,719242.507025,58,709222.173339,118,591322.679881,178,549112.517466,122,520392.774159,65,489322.009563,182,437243.113818,177,418235.047365,117,414066.129053,64,413732.140113,57,382577.147226,299,366999.304681,123,354838.932224,240,345809.932203,56,334173.917541,116,332631.855936,66,294644.767164,183,271523.17979,176,270589.356371,184,267046.930584,68,saxophone
6189280.5766,54,3690178.412022,53,3284727.594208,159,2480173.45588,160,2018403.58538,212,1827522.813939,106,1688650.896336,56,1681318.166149,265,1402803.915526,105,1336738.549308,107,1251956.25076,55,1220888.292798,157,1174795.975734,52,1151659.1548,264,1131059.388412,211,1053645.481126,213,801053.628607,161,758482.925774,317,756320.783193,50,695823.758134,104,677090.316925,318,669177.940039,210,650388.259434,266,597711.955042,263,525706.45198,94,503566.236986,158,483430.082053,49,479877.920572,262,439861.051021,95,438235.839253,370,417267.041941,214,404911.998769,47,trumpet
7681075.851436,54,4135410.953165,53,2255021.499938,55,2229007.09758,107,1540000.593649,106,1376694.618061,105,1331068.395666,159,1235713.442064,52,1178000.096386,56,1031058.887028,158,890206.709393,51,770999.139793,57,731639.530356,108,717402.877232,160,704592.393814,50,658485.06194,58,487406.633421,49,479137.068649,59,467967.71147,161,434422.163429,109,426508.144748,60,421322.503199,103,416157.021096,48,365668.635269,47,364273.267818,212,345373.250789,61,319995.622462,46,318922.212048,110,310425.118417,62,304790.412191,265,293497.085229,264,287318.642957,45,trumpet
3463646.196262,15,3110676.249839,14,3058464.649736,13,2823092.579353,16,2212561.967168,18,2157520.20298,19,2121074.091821,17,1964213.617256,12,1818207.180681,20,1196761.709899,22,916854.320358,11,822879.373978,373,781955.783873,24,758200.97722,236,745461.979555,396,742679.749644,86,735436.351235,231,722302.939854,23,678856.886978,21,663051.379852,225,647629.984049,235,643189.911141,305,627119.211302,386,626098.836822,327,616383.650526,365,604301.29565,35,602763.091295,26,597945.900808,304,596618.415676,63,588592.86234,224,587730.473286,115,581505.776924,291,saxophone
6900402.565161,39,5677131.672953,38,1837397.388055,41,1692448.911096,40,1500239.180507,37,1299423.775787,36,1169450.171559,42,1011368.783591,76,969984.055801,48,852012.470421,35,764569.197612,34,760389.162823,51,726325.437642,50,720944.844668,43,702873.57306,75,616138.147907,44,571031.013015,33,570512.893284,45,546871.410717,49,486297.661676,47,484285.210833,46,480192.170796,32,478511.699707,77,426699.86668,12,411397.670068,54,408790.871494,31,397199.151838,52,373187.349957,27,357602.28385,80,344374.493475,30,334571.792442,78,325142.385554,81,saxophone
8257043.757321,34,3743907.630786,35,1976730.073746,33,1649754.388807,68,1565610.984935,67,1563262.723681,36,890424.110118,37,887845.040781,101,882920.735811,32,785274.988204,134,755554.836737,201,688634.144415,38,677554.891949,31,590789.8482,135,570759.663168,66,562579.244708,133,540659.274986,39,508307.095656,30,483911.663849,168,483564.90873,64,450212.023096,40,444491.035573,29,411022.004692,28,402719.284504,100,401627.657587,41,389334.444876,65,374600.263578,69,351936.493354,42,350243.566407,27,336668.58158,234,320368.594831,43,311982.500298,25,trumpet
2525758.824474,16,2032818.438061,15,1908944.369958,28,1846801.019686,24,1841816.733398,45,1723568.284846,11,1650201.737634,42,1507038.238853,29,1415746.218902,40,1363782.132449,18,1313350.135164,35,1142435.293888,31,1089435.226735,26,1053795.104036,14,1007900.630474,30,1003095.575804,21,970990.104828,105,965910.38929,46,925920.892667,47,911350.348748,62,893500.626555,22,877308.595224,92,874525.051112,20,834868.996217,23,829555.626626,61,816300.894261,44,803757.701985,55,796883.236539,101,794500.734782,96,785170.810822,17,782513.464961,34,752143.583714,38,trumpet
7471520.107085,106,4090468.012608,54,3216547.038954,159,2636716.532956,107,1935759.310151,53,1441394.036326,211,1231335.45596,158,911133.750748,52,790049.001674,108,737112.553011,210,725919.294256,55,672049.188273,264,582649.085078,157,547369.502798,212,541271.324161,51,539356.710225,105,499657.45594,160,479677.357976,109,472424.893761,56,405275.831367,50,347627.099028,57,306917.760536,110,306400.026263,49,296417.151195,209,289043.125964,111,283316.015249,104,263982.167368,156,262438.902726,48,248407.030935,58,222149.618625,262,221154.293608,47,212868.774232,263,trumpet
7087116.147242,19,3120655.912667,18,2828598.838366,36,2029656.285084,35,1958454.735472,20,1787736.609537,23,1656642.499251,16,1635589.405916,39,1595492.747536,37,1517152.286654,24,1344670.774795,17,1015190.106513,22,922664.148272,45,913077.944688,32,798893.363885,14,778218.464687,31,768230.02474,34,712083.583177,56,673936.495215,21,669383.455059,13,665799.860677,30,616354.415902,38,572431.897917,54,568274.371115,42,516199.730431,41,511369.137734,55,503818.094585,62,486524.165951,33,474168.90077,46,472448.201826,28,464918.610324,44,460973.017917,11,tuba
5653367.814559,53,4349969.467445,105,4337906.021512,158,2635016.354485,157,2123411.607858,262,1946796.445712,106,1676664.126123,210,1569560.713861,159,1477631.068741,54,1099434.856549,156,1078454.570171,261,909736.010414,52,874125.572344,107,856143.309318,314,729959.127081,160,709114.707618,155,681191.634585,55,584414.435175,209,529175.844984,161,519619.600187,211,509500.866713,108,498180.422412,154,476749.450953,51,460237.374582,103,429741.653812,56,391043.72516,366,373100.511052,162,351752.843575,153,343576.562329,50,343306.420623,109,334034.627654,102,323826.372767,57,trumpet
8974304.449181,34,2201048.013077,33,1737148.331787,99,1583606.140288,35,1359458.403004,165,968889.883477,100,915922.264627,32,913396.070039,132,818018.595491,164,775803.74937,36,630531.488291,166,588720.492844,198,568854.482012,31,508452.671621,37,496994.325511,66,490209.515398,329,488082.112367,230,470493.874387,101,449643.245897,362,437060.893658,393,433984.475199,361,428836.21521,30,410144.041108,167,408490.914797,98,403960.115943,38,401315.377652,330,381771.658158,199,362916.273102,394,351832.616601,29,348250.082049,133,325960.885954,197,325430.533202,67,saxophone
8644285.951287,142,2820019.149709,141,2509799.386488,71,1443441.824137,212,1199621.977514,143,1102397.57107,353,1062039.73837,214,1058540.855841,72,1054877.84658,283,878419.905406,140,836259.400863,213,819227.181384,352,754665.553706,423,686871.315741,424,680373.579969,70,484913.892982,284,451679.00397,282,398667.529243,493,390124.764952,351,386199.671883,281,385006.474664,354,376546.529305,69,370031.044221,215,367446.431158,139,352481.981767,210,348801.615567,73,347849.947114,211,280422.186599,422,276583.149196,138,276106.095484,144,253839.131844,209,249458.073787,68,trumpet
5323929.910696,95,2988473.292733,188,2705808.706255,189,2634120.699028,40,2348621.072421,94,2201977.432283,142,2076042.470025,41,2034641.591961,79,1860620.518333,47,1838047.227226,48,1801292.169921,93,1673969.100907,141,1643133.011583,80,1432877.036313,96,1298033.907661,140,955088.27876,139,915488.542769,97,789455.208012,190,740384.976176,49,702178.136006,78,670412.411326,92,656035.039119,81,647931.460869,158,631715.990011,46,598457.139691,187,578106.018784,236,577108.46238,38,556194.037786,39,515187.454521,186,514409.163267,90,513354.907616,235,493455.198314,91,trumpet
4765758.276271,117,3923710.989559,34,3523846.734137,101,3354324.87399,84,2345691.497592,118,1801056.532938,51,1777564.833702,100,1601452.727114,35,1454887.762589,102,1362172.661464,68,1276744.017919,67,1267318.329286,83,1111347.649456,135,1108688.652929,151,1080135.240954,33,1004554.113247,52,961984.885087,134,946144.970745,167,918583.892984,86,906417.688598,99,830374.571773,66,795200.489151,168,736910.389736,184,709563.152545,36,668715.827707,183,663508.076964,18,635384.92073,82,621485.359367,133,597179.873292,185,576110.0752,103,571814.775892,85,554676.019078,37,trumpet
3842038.703161,34,3441727.731881,233,3370289.82614,166,3052479.01222,67,2395806.247755,167,2369567.032628,133,1801195.75743,332,1770317.307385,100,1609815.460734,199,1540945.948985,165,1510437.237207,232,1494555.244399,134,1442232.943684,200,1377299.142053,365,1335279.250551,398,1243834.708455,333,1187706.538423,299,1046917.809721,231,1035993.768734,234,919949.359905,366,899643.92812,132,835250.507805,68,804221.34506,164,803707.544628,198,771856.846199,298,767451.503442,266,761129.4708,300,747420.430322,397,708200.496613,265,681114.322304,297,671998.19653,330,652905.805329,399,saxophone
3756581.947396,17,3509374.706629,16,2897064.16422,19,1785990.089261,38,1744103.633034,18,1589168.917771,40,1531793.529162,36,1517705.935279,21,1420243.899697,51,1355593.987682,34,1300525.474253,23,1278087.607238,35,1233223.2875,27,1226580.96159,30,1135039.623473,13,1074857.372115,32,1058506.727749,11,1049391.864126,44,1036635.570923,57,1006732.230369,31,1003409.939775,45,943838.689112,26,937934.182841,33,936489.766904,15,934494.965229,55,925791.828438,47,907083.075351,60,892142.9049,52,890342.407152,12,835686.775679,133,819336.898866,41,787804.951983,42,tuba
5067698.993907,37,3900607.31074,36,3319675.425172,38,3287630.119102,35,2563054.122669,34,2456962.334441,70,1841802.083246,39,1544116.145639,33,1528499.34424,69,1217681.437415,40,1196919.318749,72,1126750.977885,31,1049691.148501,41,1016530.644273,32,998226.961167,30,980217.665869,73,945002.32815,42,839505.288999,29,798966.550447,43,740967.661627,28,671469.724508,27,648695.095284,74,599855.895059,26,597473.096968,44,559942.303788,25,553147.358026,45,552810.894791,68,533117.449253,20,530205.482247,71,500543.17656,24,496564.238259,46,470290.553258,141,saxophone
3575010.92009,48,3474814.242766,54,2722060.444079,160,2469431.218004,47,2401443.882431,53,2346279.615616,55,2179796.605938,94,1864163.568549,141,1840488.868704,140,1835442.754231,95,1766920.21541,49,1652062.186175,159,1497415.054546,93,1410317.138531,161,1265418.198461,46,1256028.075818,139,1213988.253404,156,1174018.709254,142,1112511.131184,105,1112064.501526,107,1050194.713507,158,989724.874668,212,949056.670228,108,899334.407979,52,869911.41059,157,851104.677843,104,843575.429488,211,792189.594229,138,770747.455631,265,759100.350929,96,747549.892045,266,717660.732163,50,trumpet
3891103.213866,30,2706016.884427,31,2694185.901538,118,2613866.091793,119,2333743.393121,60,1602980.272948,59,1571662.232236,139,1550191.837088,207,1492915.350889,138,1422941.206276,148,1344469.619973,28,1318721.883187,221,1294400.853581,111,1257468.529465,220,1171394.720597,29,1167107.434294,110,1131833.584042,56,1119378.928101,236,1078358.348353,248,1070295.659993,27,1064238.978185,55,993664.937803,354,985228.350952,222,976453.023113,206,963406.085755,237,952406.105423,61,946283.464266,137,910455.484675,149,906362.938871,120,882704.865361,249,842548.267487,116,820823.911971,112,saxophone
8296467.429155,38,2829332.472413,75,2146803.887389,43,1773238.79829,112,1674021.387066,113,1583741.649244,76,1322776.386016,37,1292044.097645,39,1091190.196304,83,963462.214664,74,783845.810338,84,701007.94154,114,682763.081703,125,651985.577207,36,644230.96785,44,596655.830929,77,579293.718094,35,489580.151627,42,484288.030158,45,473886.803237,40,453365.220042,73,443387.472975,124,427714.731492,115,420967.695408,47,419215.132243,111,382709.923561,34,379108.310462,126,372210.874716,78,358275.816905,110,352467.659606,33,339938.577791,72,332603.307223,166,trumpet
1531334.698786,132,1487166.40672,119,1347625.123737,145,1240741.952773,146,1036414.212893,129,1009938.130657,117,987526.707515,162,969205.841642,123,957427.786838,154,916282.233021,120,911812.979084,141,883348.051621,125,827270.51866,108,806647.362164,155,797803.591259,151,784544.443879,137,777275.709715,126,774217.385665,93,766752.051196,110,723348.496416,255,697788.467281,38,693988.226408,371,677756.028763,352,654352.035901,115,654337.884172,121,652681.542657,200,637776.328611,133,632862.032044,261,631148.859417,140,621865.289505,322,617368.24556,199,608223.555276,14,saxophone
4859017.91395,111,3305570.129413,57,3240261.611574,56,3013934.531539,110,2641642.654159,166,2147941.532705,112,1757654.31648,165,1722874.714277,55,1623073.359809,221,1449586.304739,220,1428534.394576,108,1385904.086256,109,1208830.485082,550,1120206.000363,386,1115377.227605,551,1093522.785242,107,1075290.938033,167,959236.501902,383,938130.622068,58,914328.537759,275,864893.311989,387,840488.121275,222,772916.504349,54,684343.175507,384,684049.044767,223,678117.253853,385,673435.454494,106,670912.134253,105,655152.980028,605,653837.097473,276,640796.242845,606,613297.507814,53,saxophone
3761822.263869,43,3148664.462354,22,2739354.191835,42,2397552.448884,65,2189875.72756,64,1978604.118357,105,1820956.695692,85,1789109.96189,127,1723130.845915,45,1629640.765103,44,1623619.468508,147,1618342.38112,84,1333968.783943,46,1322429.514608,70,1283944.570236,94,1176165.397879,41,1160457.681639,124,1147544.722853,69,1129722.915971,86,1099397.107956,71,1098646.239314,21,1088302.541105,126,1026430.991316,148,1016570.901778,106,997896.865118,93,921831.057254,48,897150.926452,23,885279.866426,140,831129.619266,139,825517.526766,138,809108.937706,141,802110.590952,83,trumpet
9972885.724995,29,1244562.878913,28,886591.248662,57,587555.115938,56,545492.095734,27,531719.110852,113,409158.943862,31,390436.231513,32,377671.931406,84,356375.326538,26,344693.377468,85,306085.716589,55,301129.535966,30,284065.042753,112,204130.265311,58,180700.666809,52,180249.434862,59,161927.572998,83,139201.939916,22,132862.35871,35,128661.167731,36,127773.759818,40,124281.95537,53,123082.47462,23,116975.108232,44,116207.897544,39,114331.132119,37,113865.113011,196,103537.72422,45,99956.831599,21,98518.151248,86,96103.796794,62,saxophone
8928808.167325,17,2672499.82446,50,2274397.635268,33,1971415.310064,34,1471462.0121,32,887286.867642,18,709677.726338,48,642902.658797,19,520302.751999,21,515315.818886,31,498312.319674,35,452292.106875,22,445099.328809,14,437173.522895,13,424697.881356,20,420639.025895,15,402774.678888,30,402143.238214,51,398455.822562,29,374374.671925,47,373473.940363,28,372570.012751,16,354521.613005,11,342448.151491,36,327922.859744,23,319022.35077,24,271647.116604,26,258552.870486,49,225148.496017,53,224091.226661,27,221968.475709,66,214266.728033,39,tuba
6035890.91881,25,3901351.033551,31,3480318.632862,30,3348054.562114,26,2021547.681142,29,1802915.829036,32,1603443.35565,33,1407411.401043,21,1262959.937876,20,1260855.130667,22,956299.771241,34,902106.249536,27,884663.70659,19,870846.034756,74,869979.291444,50,813534.411553,98,791004.157565,97,758104.707222,28,695283.299961,23,659489.672083,73,612396.707189,243,595131.997457,92,581468.951339,41,551486.753607,18,521951.528804,244,520162.594582,35,518176.395195,40,515679.817716,49,515142.607444,58,492873.847732,42,480267.64433,90,434053.065913,57,saxophone
5090206.605819,159,4950393.546967,80,4511592.205921,119,2348411.532044,81,1663754.097029,199,1586538.692021,158,1085624.260932,198,864030.532294,122,813464.811569,13,805555.54004,79,749574.893753,120,692379.353645,11,665521.885778,15,658155.371482,23,583918.910356,82,497931.296472,12,481425.566449,200,452197.634905,121,438098.880566,123,433155.066372,139,428796.084836,157,418996.076153,17,415629.042301,117,380931.519102,60,375723.030523,118,372516.96845,26,341343.112315,127,312592.981046,22,302954.505058,237,298895.890309,156,292729.028153,19,290954.320602,197,trumpet
9348215.252054,34,1688588.218335,33,1433733.050669,35,1322413.150762,99,1291823.32198,165,1023776.679065,100,813947.646621,164,768538.062458,132,690028.096377,32,596507.03793,36,555190.058827,66,496415.379168,166,485007.38885,199,483925.752832,101,465618.165075,31,440367.366766,98,439315.499403,230,434324.971688,198,414749.319194,67,400544.849803,37,388012.386832,133,363703.146346,330,362393.965598,231,316079.92737,102,304960.597094,30,284622.895343,163,283635.767937,38,276913.778105,131,275252.520989,167,271334.068856,200,265239.849766,362,263222.760206,229,saxophone
2386126.028374,61,2037055.037325,116,2019003.51228,115,1962631.271662,117,1892185.44095,114,1828292.097558,118,1681781.999195,113,1628904.003149,119,1477512.775972,175,1464304.204915,174,1463795.370965,112,1446175.05238,176,1424300.933038,120,1416152.45274,173,1413191.314364,234,1409014.955789,233,1383689.903817,235,1369372.873971,232,1363643.401925,177,1335390.860838,121,1326805.799224,172,1320865.756269,236,1284841.831764,231,1235239.530277,178,1230631.571278,237,1211534.402176,171,1196221.718261,59,1178995.900648,111,1173147.268948,230,1133995.618748,58,1114526.421575,238,1094636.669091,179,saxophone
7653065.635761,48,4483786.756574,24,3741797.602785,25,1533438.078359,23,1390692.202161,26,941312.749624,22,810530.896232,49,805164.979837,27,749918.805653,118,650553.666562,21,547289.923999,20,526660.715091,28,509619.550857,47,467259.624544,19,456899.66256,50,449336.041594,29,412317.186159,18,396609.599338,212,339850.813157,17,313081.234208,15,292115.390278,16,288104.392645,14,286227.637194,71,284694.047186,165,283105.999088,51,277468.488816,46,267308.992633,30,259134.928709,11,250199.796785,72,246490.714853,13,246390.035779,142,218291.613842,12,saxophone
4660247.693987,48,4143636.316561,95,3467230.000573,235,2857023.864936,94,2701350.743955,282,2610398.330317,53,2506090.321811,141,1685291.626038,142,1495843.238942,281,1314990.634737,188,1258198.030943,47,1256866.267929,328,1008703.541406,234,990291.254395,157,965887.580611,329,886159.620201,54,872839.321398,93,781605.040218,96,704160.649997,283,645105.251642,140,642839.216606,46,616804.606009,280,584516.014621,97,578073.979073,187,539381.415845,143,518706.207736,92,511949.747422,375,491998.578689,49,441098.599956,144,436963.761409,327,424766.884226,91,410166.56705,330,trumpet
3340915.214421,14,2571880.330341,16,2489380.125317,11,2428404.203951,52,2294013.901757,15,2245625.22587,22,2083133.054309,29,2043233.754018,19,1975945.915488,42,1949045.876416,34,1931008.462237,20,1916686.819338,30,1873348.075109,40,1792283.815605,38,1717131.287467,37,1685171.512138,13,1431972.052299,41,1414918.407115,56,1394030.162675,55,1380783.610227,26,1372607.320653,28,1333875.13791,27,1328965.317785,46,1233363.299247,43,1201537.616945,18,1176393.468137,73,1171259.1429,51,1136640.943117,39,1094245.028288,49,1089139.239663,53,1079535.231118,12,1032397.429293,44,trumpet
5403151.522398,119,4836501.90337,80,2818606.4015,118,2497042.509255,40,2475678.289047,159,2255489.635839,120,1723219.470222,198,1645337.719932,41,1391814.278875,158,1364189.298723,121,1179095.907918,117,1035108.641339,48,980366.294967,95,923737.237351,160,864033.909972,238,809349.902054,199,787054.403701,189,726599.652623,122,708815.48437,42,619664.114764,123,615097.789891,157,566835.29598,39,544683.870366,43,536095.605258,81,476106.076929,141,475876.264414,45,470644.723355,115,469090.001565,187,468283.221299,78,467450.329361,116,462516.132742,49,455583.86323,124,trumpet
5335607.775646,80,5260993.799647,40,5089391.114134,79,1828294.596988,81,1799240.995656,41,1707472.900712,78,1144184.147664,82,1052792.342901,39,960444.080106,77,836643.460857,83,789028.367052,197,759441.824559,42,730689.963998,119,671699.886772,76,634395.371706,84,604174.183675,38,529768.527929,75,517351.2022,85,493328.589224,43,447042.68631,276,435918.051985,37,434974.593278,86,426943.97284,74,421019.641891,158,395664.165625,315,389418.233894,237,372870.000067,87,364947.028498,198,349850.558503,88,349080.140371,73,333485.325676,44,332717.957598,89,saxophone
5679227.111432,50,5308482.216482,26,4611716.417457,25,1752950.315547,27,1639749.869305,24,1514710.039709,75,1304736.083946,99,1166415.79131,148,1004353.202844,23,1003196.610107,28,849145.585621,74,699960.352634,22,696699.804919,29,683271.587928,124,564489.943572,21,552071.969736,30,548256.976169,51,509483.00056,173,480512.889907,222,471004.450231,369,463626.239696,20,456432.609892,31,431715.430083,197,426165.504055,76,403629.388115,49,395641.986073,19,394268.424394,149,389607.646954,246,372314.218846,32,357048.686295,123,354022.836092,52,343814.223616,18,saxophone
2511890.988722,16,1843423.993376,40,1624203.133019,25,1546684.690816,32,1491443.247196,24,1382094.32407,14,1334717.374331,28,1276442.764435,19,1214587.145255,59,1213949.50633,15,1200530.942836,57,1192996.246293,26,1162753.614036,29,1116467.618768,18,1074923.135558,22,1009121.285277,17,999526.72834,65,982742.773218,35,964301.08878,48,963768.682669,23,937609.438282,70,937264.262582,30,913684.991597,43,835141.003433,79,834337.993703,34,790612.240444,63,768698.169498,36,762621.497238,64,752499.490401,61,724132.603065,38,683929.850674,89,649283.336359,27,trumpet
6286398.566467,57,4295896.239525,113,4078190.360693,112,2869886.313357,56,2259676.93145,169,1935238.880315,168,1362354.091458,114,1342708.269017,58,1012371.276128,55,930873.78321,170,783148.744898,224,601012.587564,59,572363.264613,115,557015.056951,110,553305.529601,223,541754.988204,111,506313.677028,116,477110.17208,60,452941.263562,225,436797.360135,109,391963.32095,54,374150.548855,166,374139.998435,53,362323.559154,61,362045.499324,108,354905.354519,52,345291.139317,171,333721.521103,167,333492.413661,165,312041.440037,62,310925.296781,172,307501.612211,280,trumpet
4814147.011139,23,4267046.97799,22,2694582.229412,43,2374457.227964,40,2271465.284983,44,2105249.294147,41,1994919.763624,45,1854090.364753,42,1782920.626608,25,1697883.951765,37,1622270.401804,27,1452437.000011,29,1440819.950782,26,1298168.136523,38,1249351.229274,17,1247981.401929,24,1247283.79716,39,1202202.863906,20,1127856.955428,16,1067463.594878,18,938392.834843,60,904760.82674,21,885837.910942,46,816077.546992,28,696048.285386,36,670188.040953,49,612037.887348,47,558063.995699,30,547825.345567,13,523398.197681,48,522643.080737,19,501732.274152,12,tuba
6105388.880715,42,5067381.308428,43,3854697.31053,84,2238074.222334,126,1969725.436248,125,1611599.538699,41,1408741.216894,85,1356701.518936,124,1180677.900663,82,1140868.80528,167,1096089.873566,48,908427.276554,95,890177.442905,44,783110.748219,83,669938.062953,40,612982.321107,45,567958.4166,47,488562.852804,168,487858.333765,81,468319.097708,94,455492.75034,127,427562.627993,39,374366.546543,38,364856.638934,93,343558.566042,49,307873.792332,37,296611.209188,165,289731.722228,36,280177.335108,97,277253.196979,96,270095.216895,54,261396.602385,34,trumpet
1973683.305317,13,1943690.334404,11,1933735.008737,12,1104998.862875,20,1050355.806927,31,1014777.604028,15,1000209.006716,14,844812.526227,27,828094.329265,21,632468.626637,34,522830.511744,29,495643.451626,17,463104.338342,19,417292.723642,18,401400.095837,25,374174.32859,28,359189.749617,16,352794.393807,23,316181.252135,36,308053.955357,26,305971.679217,22,299334.776036,38,296874.892873,33,244112.462164,40,243432.943139,43,234970.008893,45,223703.176698,95,220446.195624,96,206922.839493,44,199985.484506,46,196981.753688,39,188727.850681,37,saxophone
8246578.472035,40,3942272.801479,41,2251217.301349,39,1696352.584877,42,1426904.499529,80,1360038.323619,38,1181512.631898,79,894097.135163,43,844191.999942,37,788852.804331,158,669281.551648,119,663920.147406,44,650331.758899,36,525356.144881,35,498973.422368,45,497728.092161,47,464373.418265,46,435002.26035,48,395503.828561,34,389442.181144,78,360687.140821,33,330335.039085,159,324714.837664,32,318224.526998,51,309512.793833,49,302130.802755,31,287532.884567,81,286423.101582,30,279770.729783,52,279421.41813,77,271414.909746,118,270714.54633,50,saxophone
5209049.364963,55,3587770.183529,41,3301055.722385,56,3246017.043044,40,2912361.982576,54,2757523.894892,42,2236540.442965,39,1592931.246259,45,1381608.798537,53,1263829.833706,38,1197068.547656,59,1160862.487162,46,1095322.503881,43,949677.360292,58,910198.901702,49,890689.098733,60,868511.907786,48,863649.159112,44,814091.692699,37,813768.838061,65,616990.02034,66,531119.201994,79,529812.957843,51,525142.767423,52,505664.887719,64,499001.571758,80,473938.48851,61,467006.694515,50,458133.646949,36,442082.110462,78,435570.86318,34,397119.65136,62,saxophone
5542466.882709,85,5080548.682026,43,2947544.567318,20,2359854.769684,27,2139928.906889,25,2054485.950621,26,2001190.602207,24,1990015.271127,31,1739401.318198,84,1675965.368895,32,1575777.718141,13,1501093.617903,17,1445235.831865,127,1317516.342566,36,1186513.182043,18,1172717.298164,93,1125160.216933,50,1109586.177982,30,1109452.84334,16,1077445.031394,45,969330.582064,42,969279.992928,15,952708.541083,79,939506.43649,46,939358.952587,49,915169.791147,33,905805.301365,28,904210.637925,94,897203.396328,21,881632.750176,40,856867.107281,121,845773.406825,37,trumpet
8799795.154369,143,3115241.615137,72,2273121.586791,214,1704760.997663,118,1506777.609581,71,1191021.665077,144,821152.345364,142,801291.298192,73,680183.910334,213,642117.723906,285,575141.138946,59,558912.249688,356,543616.839853,215,508928.922244,119,454226.525709,70,443231.642765,234,402796.76642,74,371370.376076,145,355596.850059,60,255191.933486,355,249436.953693,69,222197.477036,76,221710.890966,286,212973.629243,284,207823.743696,58,195029.24161,75,187217.883585,120,185128.702283,77,169623.161493,235,167598.033253,427,166362.756371,68,164609.71428,121,trumpet
8504328.129738,34,3115505.072976,33,1902230.766731,99,1877057.226513,35,1382127.507964,32,1137250.087832,164,1002206.307961,36,1001776.906556,132,838749.476612,31,672241.463526,37,651977.174923,230,616330.997126,30,591357.23566,165,590832.593578,163,574573.177635,100,541244.042404,29,535962.378009,38,517118.034374,198,489565.652876,229,484904.291556,133,468689.977162,197,458100.403176,66,453894.342514,28,425644.622254,166,418250.336228,39,394940.610039,360,387256.533949,329,382222.182876,27,368484.486771,392,338439.286275,26,333953.406456,40,333845.296132,328,saxophone
8111200.11277,38,3755973.247976,39,1919302.054819,40,1412643.604068,36,1269040.905809,41,1205123.471774,51,1094041.212866,76,962995.297183,37,937343.927561,35,807887.119443,34,680413.907768,48,618393.0226,50,612275.448298,75,583953.19818,21,565573.00411,49,559004.324364,43,488151.345164,42,477021.663115,12,448078.326643,11,435742.146458,16,418082.422341,32,408309.704738,31,398084.367389,46,388669.250016,15,388465.691458,30,369107.713122,45,367776.09385,24,364410.597662,47,358998.7437,27,350536.519489,28,344020.053366,53,314137.456059,74,saxophone
3386154.390276,26,3116957.738139,28,2878799.790103,27,2749293.026651,38,2676792.30178,31,2368171.22799,39,2295792.22476,24,2050373.615909,36,1987395.798242,25,1873343.412383,23,1812280.39925,44,1763089.919766,48,1516784.464465,30,1477715.065044,19,1456111.466863,15,1283717.835022,41,1213275.410007,22,1159202.3724,51,1104252.155526,49,1099482.416753,14,1058787.195315,40,1045267.11424,21,1032372.756019,33,972921.307993,16,968833.033664,20,922583.012226,11,911657.149953,29,880435.768908,35,823851.905424,37,738775.026489,54,691310.724315,13,656638.64951,18,tuba
5437965.13325,26,4824221.272885,50,3728313.648431,75,3156060.247967,25,2053928.311977,51,1859663.475255,149,1577520.432189,27,1237430.565785,49,1130712.807488,100,1119070.59427,124,1113786.01325,24,912197.866414,28,861603.725072,52,747235.193088,48,699607.371109,174,697733.403406,23,655609.086792,99,642931.445855,150,612894.666685,29,568624.583869,198,567634.306659,76,564614.321429,125,551926.377315,47,531559.35822,30,481722.96507,53,471368.677595,22,466027.031405,31,453629.361233,223,446774.42917,46,405376.254365,32,398162.559962,74,381318.224908,101,saxophone
6998669.177428,50,3253479.878318,48,2888351.549403,49,2809745.43554,51,2367066.326208,145,1953440.047388,146,1356393.319359,47,1219282.45718,194,1054497.012856,97,1047536.771273,46,976279.623157,192,952303.468872,144,922482.591036,53,851012.171125,45,797072.119336,149,788920.135878,147,673138.144478,148,636971.278865,52,636361.379348,54,617692.236179,193,592166.113839,43,578818.243738,44,538048.68904,142,532453.382061,55,480929.262294,56,442057.005604,96,433175.368652,57,423444.44885,42,422356.519517,41,379046.184666,58,376232.186871,40,353818.553218,197,saxophone
4631055.267057,16,4546347.201147,30,4165382.359008,38,2672723.050151,23,2308877.421392,37,2262727.111569,22,2173959.439361,31,1570848.354303,45,1532256.224175,15,1523133.847273,32,1314177.61237,17,1177943.257836,39,1006788.919548,29,997179.641285,21,858931.488326,40,773022.711826,33,768910.564729,24,743744.831883,27,687371.326511,13,517529.028205,46,512564.572233,36,511698.537868,28,485863.199564,25,429067.450652,20,427072.158689,60,422393.759419,41,412380.454025,11,381436.678596,35,371690.678497,43,367174.570265,67,366681.706281,26,364144.918942,34,tuba
3751770.920217,44,3055396.862301,29,2645787.702461,27,2598550.392154,26,2557032.99779,19,2321254.715623,24,2044113.428851,36,1970665.315998,15,1898133.461327,23,1840007.828593,18,1738079.942054,38,1678280.913053,35,1569100.06898,25,1530182.101947,30,1459889.558709,14,1369837.602245,39,1359182.191065,20,1282440.493547,51,1265315.222457,33,1186036.480477,46,1167116.917814,17,1158986.08039,45,1110825.148858,37,1027906.134111,16,917362.424072,49,859420.034571,57,842671.757622,21,838444.029976,50,813882.146755,34,775845.993909,48,725505.309408,12,688376.901325,11,tuba
7224175.577032,54,4612900.944471,28,4246505.843451,27,1483272.331557,29,1447377.867631,26,1045935.922897,81,977449.350127,80,919253.356137,30,869901.309858,25,764261.637916,107,632654.769168,31,606436.607593,24,568902.403547,213,506664.471887,23,476866.543066,32,424845.362332,134,388776.239949,22,380364.67748,33,365285.516053,21,349288.774733,34,322418.780938,79,304418.623621,35,302274.537834,82,281998.287478,133,259054.461271,20,254910.186413,15,251817.153068,36,244775.904093,19,235547.138074,37,231969.973315,13,222960.973364,16,222245.333659,14,saxophone
7279830.473126,112,2918029.213003,84,2539746.345037,29,1726881.912793,85,1705761.572217,196,1616025.926955,113,1513142.252273,223,1312605.029927,195,1282881.471789,168,1137570.42613,128,1116948.277779,140,1108448.786661,86,1106993.613475,251,1063510.88796,114,1018482.129792,96,930417.355624,111,799804.251688,167,780206.14111,83,759938.928013,224,751338.065296,64,739784.878545,158,700987.106681,28,656393.066155,110,622787.201457,95,609435.567013,157,577770.333285,138,572140.455377,109,570827.108439,87,541240.271819,169,534474.000422,115,532253.558571,30,531576.556436,127,trumpet
2668486.097948,26,2426154.60213,19,2355220.243605,17,2107161.415505,30,1951033.519299,25,1817135.788033,23,1756545.924615,14,1602916.991014,38,1557431.174013,16,1541233.43854,40,1461343.093704,13,1338509.185938,33,1201783.336652,15,1135714.240863,56,1133250.963827,55,1122578.569185,35,1085968.908624,18,1059403.561496,36,1043556.348994,12,990832.26188,54,984761.952792,45,959330.565058,28,917975.430976,91,906995.546439,22,876206.095739,43,859117.155718,21,810412.258396,31,810225.933469,63,729176.410198,75,722910.561152,27,716760.839975,89,699704.625579,138,trumpet
3165544.508231,107,2389153.342534,71,2242989.810515,36,2230008.266511,105,2140764.38349,106,2123556.22158,137,1879485.224549,108,1838573.570299,136,1612801.109966,37,1603029.166898,104,1573035.332624,214,1557212.839092,143,1539024.504229,178,1530801.38673,138,1518362.160322,213,1461256.72311,72,1394650.402561,249,1285921.068971,85,1276169.49497,207,1275757.205177,70,1255910.831703,177,1237516.122642,69,1223883.249469,35,1207791.024129,144,1147130.581311,241,1085335.429475,103,1030524.081583,206,1017326.54828,139,999223.580422,250,852945.695751,245,819473.226573,244,807902.270622,215,trumpet
5959186.290267,38,3112905.733603,16,2127762.11069,39,1973139.904899,40,1926167.776058,13,1895748.925281,51,1756709.881866,14,1695427.60561,36,1661645.001278,15,1655276.719327,47,1435495.777567,37,1271157.091991,17,996129.581829,11,942948.403707,35,810402.27034,26,742674.311001,55,696530.42723,41,678521.69956,33,675639.455801,76,668340.124245,30,666160.247792,49,635610.680717,12,634275.874633,31,633757.995063,54,601800.415692,21,594756.366624,25,571757.907859,52,552830.075425,75,512158.997366,23,487539.958173,18,461294.388661,42,458332.830236,64,saxophone
5452018.408195,48,4415469.464039,49,3105967.118902,47,2602951.840914,142,2064791.627789,53,2056455.924148,51,1941166.38176,55,1920872.71737,54,1730831.448841,56,1571347.160489,52,1455555.687332,94,1426915.134622,143,1419235.75417,95,1335750.643643,57,1248880.398794,50,1065036.590219,141,992623.301775,45,857285.763244,58,616175.213893,283,524269.517386,284,487108.869759,190,476549.692666,59,472665.502104,96,455753.490291,46,414445.751353,144,387552.521445,92,333567.563984,60,325095.698833,61,312963.582259,43,309368.700345,139,309132.766215,137,292343.651103,237,saxophone
7061285.059422,133,4742099.958808,89,3540892.715362,221,2576013.633949,177,1701111.506588,222,1383892.921882,134,1080595.130035,45,1036327.991962,265,807352.872236,220,631232.392843,266,570087.307481,132,514399.181117,223,499511.716575,90,488414.520342,131,478047.046919,135,472584.185978,178,409163.01805,46,383386.357063,88,357967.922284,354,347332.587844,219,341751.407244,264,333409.327634,224,308774.057816,87,288956.096927,136,280211.55623,267,279896.122166,130,275066.950336,225,264348.342341,218,262916.175131,137,260449.331107,91,257100.871524,310,248338.454206,398,trumpet
5266414.498147,11,3437770.662269,12,3154972.517399,14,2023460.009318,19,1781463.105193,15,1319602.406996,13,1125639.593041,17,991237.944682,26,659387.162532,25,572666.195931,18,445454.461591,30,400032.802042,23,397473.854332,21,330430.047148,22,303692.014688,20,292997.85417,16,274079.299032,28,265833.53375,24,243189.559278,31,227753.144333,33,187508.283344,29,171189.706876,44,163066.218106,51,142649.381779,38,139076.633331,40,135799.526164,41,125752.550591,27,122373.651773,35,122195.695773,36,113889.345845,43,106579.733659,46,104732.184123,47,saxophone
4140306.433486,52,4090346.528679,48,3875957.245073,49,3449695.970874,51,3430774.861748,47,2275878.091797,46,1918585.748716,53,1427753.350649,50,1384835.137695,142,1308753.049163,94,1193777.515525,95,1181363.997893,141,1050349.744941,143,1049072.612909,93,998491.148821,45,931742.235261,54,743746.558825,138,711588.966961,96,695017.883786,100,594042.032032,137,564541.602443,101,558251.641217,56,554109.335411,55,518993.154989,43,503254.849361,189,486678.625327,92,485818.780545,144,484340.981199,140,476170.912336,41,451680.165952,149,449844.709087,42,436024.014302,188,saxophone
5110635.226465,36,4707674.604416,70,4675892.047831,71,2849455.218141,105,2388371.636658,140,1769258.522335,35,1524724.540986,72,1289368.243383,69,1167929.286668,106,1140260.168671,139,1043088.811218,37,953629.430132,73,865237.001889,68,812504.817585,141,676514.248001,67,657158.421608,104,633585.506885,34,600965.975579,107,511717.406253,74,506729.912255,138,493578.058164,38,484824.092245,66,436120.226469,175,429522.591755,65,428744.933227,142,420747.613078,75,411151.057225,108,388241.099758,76,375581.922008,136,372383.084189,33,371380.443223,39,367873.831843,143,trumpet
3754713.4599,48,3109382.60895,47,2528590.141391,71,2340925.96539,70,1977792.696309,49,1906453.287752,64,1798821.907274,95,1701564.067601,94,1696357.843431,24,1614447.14483,32,1576743.288218,139,1564185.322893,72,1507375.159825,46,1494733.923107,25,1453771.305755,65,1451895.448712,33,1334269.587826,92,1333189.134104,124,1292937.818043,138,1202381.968343,69,1176169.846475,140,1130239.862525,96,1041912.780482,91,1004724.766343,31,965331.448499,116,924505.398256,117,895631.787091,97,866681.597826,63,816334.731282,98,808861.884508,126,752450.419302,115,746074.722879,23,trumpet
5105431.827945,55,4091822.691651,54,3618368.946054,56,3357889.422763,52,3220575.705325,53,2330526.882019,51,1749957.870972,57,1744405.97986,50,1174958.065264,58,1017881.383538,161,980962.241363,59,958596.485896,160,815318.831369,108,751363.388869,49,676962.538404,45,666735.189262,60,572358.45384,64,562383.327671,44,554009.000025,105,538870.24382,159,526047.922845,46,500025.27197,103,477831.023764,62,471110.972473,63,461686.676914,61,451532.449974,106,443161.886512,107,426246.705326,163,417319.09113,211,408365.853005,68,384843.025132,66,381783.251705,210,saxophone
6388607.00214,80,4484766.49356,119,3640204.968632,159,2622432.096526,120,2151481.654126,40,1898065.825543,198,1557715.183914,118,1425631.319748,41,1118998.268323,121,860501.817307,117,808094.026397,79,779769.321431,122,768918.259155,81,671852.588551,199,577096.71624,42,567258.974391,197,564589.666957,116,542227.332771,157,530999.022947,123,512882.086136,39,475945.3467,78,469292.706769,156,468961.274283,160,439716.785606,115,409868.733937,124,330365.395805,43,329995.826743,114,309845.564393,155,303772.864692,125,302730.833633,126,302595.525828,161,298783.265344,38,trumpet
9827846.046853,34,1157682.969346,67,1041281.760082,33,875561.598649,35,596518.235073,100,592833.573748,133,557344.055307,32,524059.992417,231,494653.568987,36,462267.14242,330,441173.429915,198,428641.919404,132,357313.648604,37,353596.447286,165,348338.116566,199,323051.153044,297,317108.975381,66,302400.989288,99,290464.34592,363,284856.143145,31,279724.104555,38,249369.483033,30,242764.953636,166,223876.74846,68,217443.356267,39,215124.116096,232,202360.357747,329,194915.025807,131,182827.811622,29,181419.001742,40,175925.700065,167,173061.646343,65,saxophone
3570780.979433,16,2254308.482275,17,2221415.852504,24,1909343.864031,11,1866295.970305,48,1528860.136691,18,1340155.032661,14,1332657.77838,13,826699.239862,15,771883.435248,21,740009.070705,22,697734.11378,23,650470.550889,46,646762.809783,31,569627.252507,26,562914.559001,20,560989.287118,75,529416.311517,51,520228.942123,25,519920.541048,44,516284.986907,69,498991.809867,47,491745.547486,12,480920.334783,28,479973.088369,356,458340.825336,355,457326.178031,38,424860.887083,708,423724.169743,32,408141.090336,89,398906.321504,88,377955.295936,37,saxophone
7216119.636558,106,3829795.619102,54,3391981.450981,159,2955783.322423,107,1967633.832303,53,1681668.670417,105,1247951.995698,108,996893.110425,104,985544.142071,55,843294.987452,52,731183.077506,212,674438.559124,109,643773.541211,103,597679.091018,264,573450.080061,56,520516.417929,110,498374.196849,102,462815.601427,51,438810.666974,111,423993.810522,57,416235.371975,101,405245.222797,211,357195.130008,158,355611.321429,58,341499.707281,112,335389.670247,50,317013.805924,59,313301.325178,100,296086.967352,99,289971.917253,98,268761.862594,113,256255.417413,49,trumpet
5441734.375623,85,4582526.602207,113,3650748.308845,29,3096267.352536,112,2088163.501898,84,1869787.903017,57,1575225.383268,196,1385452.549944,111,1331924.914188,169,1087125.809553,114,1073423.399734,32,1007903.203912,197,983050.837796,168,959369.278318,86,805454.763255,83,798123.569304,33,733754.472669,87,692164.535157,115,691428.456564,110,630403.869628,95,608824.794392,109,570927.675189,140,565968.736407,280,500985.486477,82,497998.201116,141,489542.323308,195,488235.153557,88,483792.378761,225,467697.393911,224,458437.411938,108,458371.446406,223,449090.124964,56,trumpet
3573934.986544,15,2768565.321746,16,1891521.001978,25,1685491.16424,12,1547211.278793,11,1386024.420797,27,1377506.218482,19,1371533.117506,21,1345558.493634,42,1328453.5935,43,1275883.573877,14,1272572.739164,13,1168786.834255,52,1167699.838799,45,1160102.90506,50,1143607.142324,47,1129226.999685,17,1102403.894265,100,1097828.803984,48,1039142.445608,22,1023423.046462,24,1018866.001473,58,1015295.925869,85,1012809.266889,28,1011119.541154,37,962693.034383,26,958096.783213,33,891458.366204,18,879433.681027,34,847206.355018,51,841164.752304,32,710978.913752,88,trumpet
4669833.37454,47,4306317.008729,48,3765032.442239,94,3303756.037127,141,3274569.746688,140,1910343.770151,93,1802537.099544,95,1613470.886266,42,1355624.636778,44,1138027.36794,43,961864.946411,45,938698.879105,49,901244.190263,118,810186.464136,139,779394.272354,50,767341.904919,143,727930.585914,187,726206.88831,142,680358.822117,120,669843.793582,46,643235.89937,81,637756.246631,157,614994.297352,158,604467.689053,117,593182.458454,83,546863.702406,138,544649.754489,92,543462.883765,41,490111.65918,40,469282.905995,121,442844.219508,186,437908.001779,51,trumpet
2172841.660617,14,2145339.302049,16,2105702.803227,28,1931025.173013,21,1863152.460574,15,1861243.865136,48,1822551.531352,60,1800578.10575,64,1663499.067319,65,1553298.511599,17,1469966.679124,27,1401047.822213,20,1311476.290533,25,1228908.30993,26,1190150.056451,37,1080531.55637,35,1080376.444376,11,1049968.710879,33,984326.45282,71,950104.20293,22,913797.837219,23,893752.516256,12,873854.770291,67,867458.979924,62,801204.790551,41,790635.770292,70,790538.401447,73,770838.348932,30,766190.831864,18,745954.438362,19,705345.108515,74,669557.91734,46,saxophone
9082037.499253,27,2909503.217189,14,1850572.719523,26,1576044.642054,40,1555467.267873,28,855227.950634,39,780138.848547,16,777824.711943,29,710656.95234,15,615906.185151,38,600048.615236,30,520564.423205,66,465498.423178,37,458876.220113,52,439755.099753,25,365502.067625,33,335868.542357,44,318970.440512,13,233933.564677,55,228121.253001,18,219418.47314,51,202703.372066,49,202580.924695,31,186090.35821,34,177867.625627,32,176387.078604,35,171568.907304,24,171454.170091,65,160670.888167,12,158424.513269,67,154516.775191,23,147180.516364,53,tuba
4129117.693866,61,4020494.780882,96,3845411.108716,64,3585936.402192,190,2347973.453393,33,2334271.469971,95,1925490.545869,127,1914106.492827,222,1752502.723535,159,1712338.952788,32,1531688.94975,31,1310177.526419,94,1234150.369726,191,1153063.992341,97,891535.050219,34,793004.389925,221,754880.458725,93,737381.335149,158,705347.88934,98,666755.321007,35,647296.413877,211,632299.759044,92,546251.063222,30,503391.800542,348,487658.514177,36,442994.489097,90,432305.679826,160,409340.462568,120,408893.990887,161,395746.875401,253,395360.663307,99,384575.405744,241,trumpet
4095614.307695,22,3950277.407131,14,3761427.561192,35,2859491.198219,18,2609799.525719,26,2303851.17992,27,2141273.092511,30,2062304.376367,31,1436174.56246,28,1431047.681741,36,1395268.620922,34,1343787.847411,40,1288445.553403,17,1288253.785377,39,1245410.271985,19,1181935.690989,23,1064005.205709,44,1050477.2484,61,1011436.481247,29,805791.291736,32,800283.702113,20,722917.559779,21,674701.220089,52,672604.313754,25,651918.011081,65,644829.097876,43,620602.005649,37,612595.786643,49,606393.480577,33,572554.71962,24,565385.489695,13,564576.057334,16,tuba
2270960.494841,13,2160053.796567,24,1750537.907086,22,1643108.215989,18,1610443.165539,12,1604993.094447,15,1455716.897996,11,1445750.195039,31,1365331.109435,27,1291951.53596,16,1177818.836676,29,1143813.897284,58,1126925.824195,21,1111470.603308,36,1108818.679839,42,1092620.686895,25,1078474.872151,38,1066959.48834,30,1049950.407461,35,960439.613216,44,936952.734171,64,897928.067722,88,868689.81706,19,839569.402202,45,828048.882641,73,819621.492193,32,814244.308099,49,812368.638327,26,804713.3549,65,796190.377042,33,783256.431833,51,736990.471023,62,trumpet
4506946.245668,31,3750628.754521,41,2588411.665288,40,2368783.877086,32,2252973.720759,61,2089083.681591,33,1856828.612545,21,1771617.431843,11,1705589.557864,34,1562368.144236,44,1558255.317579,30,1546159.568743,35,1513383.114779,51,1405236.538948,60,1383712.89624,20,1369979.589187,42,1332977.241939,38,1175561.409127,23,1087352.416738,46,1080056.459512,71,1057128.021989,48,1044428.885176,62,1040285.145118,24,1028738.856572,36,992338.224406,22,969664.194332,28,895512.93156,43,830035.951186,50,827908.821845,45,785202.849836,56,765633.500628,52,765073.15852,47,tuba
3538571.743653,84,2452988.59146,139,2293121.371011,140,2209918.961944,55,2181522.654291,56,2143488.27111,111,1896793.159838,58,1863833.571521,57,1785334.429558,83,1433183.597948,138,1406207.506728,54,1400162.941187,80,1361188.274049,141,1329088.722803,81,1256637.136967,110,1226436.520664,167,1187411.963269,87,1068101.639628,82,1043462.806929,48,1033220.457374,49,1022930.812056,86,999742.791862,79,996554.475897,70,960095.274921,53,937851.781203,47,928310.868449,142,926143.663051,112,894125.623537,134,886955.913541,91,874063.955762,71,868478.288697,166,868138.822936,168,trumpet
5291777.2634,41,3813973.012835,42,2810470.761185,82,2548689.450186,81,2327833.055863,163,2191619.783037,44,2136825.805865,122,2099559.637763,123,1967131.276129,40,1747809.934138,164,1661225.726904,39,1502073.369951,83,1486713.893773,162,1120779.54636,124,1044147.497776,121,955431.189176,43,892703.954677,80,869366.433732,38,664298.872831,46,637994.454782,204,614210.80531,37,571371.905338,165,538545.251477,125,538377.05407,79,491189.585962,244,488742.437857,203,480829.177619,243,461716.383216,48,450338.811264,245,409301.704603,36,406484.986788,242,404131.975984,205,saxophone
4234915.451389,24,3538943.436212,39,3056364.398363,16,2832461.790861,31,2803234.3416,32,2607982.319191,23,2202235.459935,37,1827350.193697,34,1799655.111712,40,1594310.74544,27,1576189.986525,17,1371895.330932,13,1340734.218941,36,1332399.275685,28,1126777.590306,38,1094100.736458,18,1083344.379828,33,1009856.661618,26,949189.300331,45,927667.825584,44,835759.146498,41,755929.409792,20,737910.915502,49,717240.202323,46,630457.829077,43,628979.040956,47,594929.61672,12,561536.935526,25,498372.281015,42,492252.163365,61,474847.202408,54,402954.926968,19,tuba
2729284.90105,18,2503226.616692,19,2334669.98645,22,2101264.402063,12,2003066.183753,15,1912065.106702,32,1863576.256137,11,1516738.158318,33,1510902.579841,13,1446668.762768,23,1444699.733214,16,1142474.158951,20,1126228.155312,31,1062608.532997,25,1039839.65543,26,1024130.144937,17,993435.03138,24,950917.118287,37,947332.98103,30,873725.782216,28,846321.124933,38,836340.57309,34,818685.56059,39,811914.048481,36,788369.850381,47,701257.883993,52,678560.409419,35,673457.139349,41,658140.439692,63,644326.089719,29,637989.055439,116,610377.260527,111,tuba
4772247.819797,31,4690841.549056,30,3351556.850247,32,2578843.054335,29,2345228.812181,60,2315090.065638,61,1773046.927267,62,1726060.594324,33,1651771.664156,28,1539735.087604,59,1198800.341746,34,1169212.303438,27,1051425.387093,63,922030.87297,58,878777.864462,26,835836.253194,35,831076.957194,64,709915.421423,36,708119.343325,25,672887.281851,24,646219.23797,65,618534.085376,57,588663.178686,37,557417.184821,23,535775.147089,66,492320.22395,22,481570.1061,38,473231.866503,67,456699.917359,149,449010.19574,21,448830.920669,56,437292.93561,39,saxophone
6263385.085533,24,3511673.762272,36,2619989.496738,35,2369678.806695,34,2186695.383803,48,2175458.178462,33,2022488.331454,13,1689792.520832,45,1653055.683947,27,1573277.018077,44,1431601.097232,47,1338166.373262,23,1245272.164026,38,1145284.903367,37,1121516.466823,46,1009331.944757,25,979279.758026,59,876769.248964,58,825335.49193,49,735068.957036,70,706365.182175,22,641774.574861,12,631077.815951,14,598059.173833,15,557384.256993,11,523783.579546,50,517817.760103,57,510108.160063,61,505331.328147,31,472996.846553,21,465119.632566,51,450366.830712,28,tuba
4019735.322252,46,3793850.150947,47,3317937.221726,48,3190084.361533,49,2955183.166039,45,2333530.974543,19,2258087.310025,50,1837348.216841,44,1719472.524657,51,1632740.789025,14,1399655.280455,52,1383806.278272,43,1263581.603398,15,1106084.564185,53,974184.06817,54,952206.598789,42,898971.978528,55,857743.968456,16,785089.801229,56,770385.166652,40,754168.441558,41,708215.45624,17,704349.310992,57,691792.391722,39,656594.123804,38,574138.302697,58,569485.265733,59,553822.601646,13,540900.320231,60,540024.434082,12,534703.736325,37,517413.802109,61,saxophone
6863405.790979,65,5132214.180421,129,2608545.456188,193,2589157.431309,192,2125920.068096,128,2067684.926184,64,1304118.972229,66,999522.926092,63,708946.127055,67,707363.503262,191,618368.128597,127,578897.482152,62,546264.289581,131,507195.498166,130,493352.535423,68,427005.616514,61,398010.905635,126,360090.522624,69,356625.027918,60,351109.301382,132,318160.560405,189,312995.547715,125,307406.840808,133,296377.978606,70,276089.519556,71,275039.449935,59,256861.563126,134,255554.815831,195,242401.552017,190,232476.925272,58,230176.115238,135,219552.693149,124,trumpet
7835680.113545,53,4304379.81373,105,1840264.107133,106,1725036.144575,54,1697784.810261,262,1518831.134051,314,1183402.309843,366,983459.108625,52,982664.73346,210,939823.772472,55,901919.582367,107,778929.49653,158,772425.310326,104,632020.795934,51,534364.777344,157,506365.506807,56,487833.431766,418,482932.5796,209,473610.721579,103,461060.305624,108,433830.056749,50,408505.785723,102,402040.27865,159,401964.825889,208,400943.724558,263,393622.259593,140,390007.117503,367,382093.648105,57,359558.366466,156,352248.205317,63,347541.723146,59,345207.005979,419,trumpet
5723191.237244,60,4974294.277372,80,3821913.936199,21,2709025.282468,40,2322793.137739,41,1530919.864788,20,1318652.135423,119,1171433.473993,79,1133727.269106,61,1006532.830475,139,955214.194424,59,860479.795683,42,821171.816065,22,764819.014375,39,694896.021031,159,655264.673289,100,630649.017774,120,623861.904362,81,617201.986937,19,587831.936404,43,516747.17431,58,506279.380123,78,504491.999667,62,483306.978807,23,406981.086151,38,400124.467397,57,393861.874219,45,393362.505175,99,388060.624424,44,370572.577014,18,357603.584518,24,353943.205408,178,saxophone
2269885.809249,12,1724778.711521,94,1526516.982258,13,1039769.344356,93,1026953.87842,11,942099.533881,91,931693.411633,27,891014.912274,89,849418.175914,26,806254.389554,90,801181.180333,24,728057.710467,54,722445.984252,30,673523.756808,33,659420.420833,78,645671.3138,16,631025.275499,14,579480.486358,106,550632.328014,29,497957.782351,81,497234.595739,107,489239.433099,31,486178.51042,18,478788.493984,17,462040.843279,55,458221.880839,73,447093.178178,61,444413.007682,82,438498.908962,34,432938.271162,58,429762.71785,104,420464.937398,83,saxophone
5093370.610851,95,5027039.212133,94,4577714.507527,48,2809678.374488,188,1809867.373928,96,1558188.008383,141,1539084.734387,93,1395018.967804,47,1013882.359307,97,987273.473827,92,970463.879708,375,958558.840956,235,861057.16364,328,814270.287489,515,764602.711847,49,741523.563411,422,732940.165252,91,728740.760015,98,588204.963225,46,554834.46521,90,546770.462447,99,492186.909627,142,484752.829419,50,473082.312249,89,470435.474852,281,437918.973903,100,432054.28358,562,426462.181138,282,411863.307282,88,374204.164692,101,356706.75034,87,352417.540982,51,saxophone
5682173.993223,31,4830216.979152,30,4276326.696377,32,2567897.327287,29,2426207.100681,33,1478270.287939,90,1374844.953185,91,1361971.530748,34,1171149.16927,89,1086633.144693,28,815630.690189,94,760884.021932,35,711712.552653,88,709419.747424,93,697660.191161,95,676643.358954,27,625983.428785,26,544696.310351,37,542368.945473,36,513039.125888,120,495648.855113,119,494836.151837,62,466210.295535,38,460477.628454,25,425847.60288,96,420077.854142,24,409385.520986,39,396481.962201,92,381567.714193,23,373703.274645,63,368561.690777,87,352677.86033,40,saxophone
6323807.008421,140,3475009.659111,105,3467736.61433,71,2567496.452612,70,2338412.203656,175,2156174.087505,210,1735643.589499,36,1535988.644348,106,1388352.201736,209,1343053.906667,139,1057549.899254,69,1033429.462967,104,1019584.573648,72,917075.856482,211,765162.356607,244,741720.399197,141,740068.81294,208,738267.568493,245,611460.527195,314,601691.854369,243,594301.769285,68,589061.519204,73,588450.17686,279,580609.819634,107,519765.76925,103,515006.390248,35,464687.888355,207,445659.856763,176,429792.859447,67,382328.505334,212,381634.474145,138,372785.041185,174,trumpet
3805399.149755,68,3313888.142295,18,3153747.322085,17,2191739.520287,11,2176961.264348,19,2086315.675735,13,1895931.904532,48,1794240.117692,14,1479557.939223,12,1460335.483191,27,1444764.833664,66,1362143.46443,67,1214005.566562,34,1213758.877485,29,1173029.350593,35,1157740.494088,28,1129534.427672,46,1025279.172445,15,953119.113827,64,927143.879416,24,909216.771221,38,872477.42764,22,867570.360436,61,864771.25387,44,843953.212425,26,786609.551942,71,780304.300412,45,764476.870223,33,708334.023456,30,705579.122388,20,698709.347346,16,681198.972535,73,saxophone
6319924.982039,61,3184760.308887,62,2831443.178089,60,2093004.871079,119,2053406.243412,120,1901778.80182,118,1897721.648514,182,1531523.26874,122,1369948.252294,117,1317987.230731,59,1266061.98438,243,1176188.220389,178,1146390.413871,181,1124706.877976,183,1114787.29474,179,1113214.972191,177,1073193.789696,244,1059136.371796,116,931168.881892,176,861294.761914,121,825185.24579,115,759455.848568,175,705893.475268,240,631515.787887,58,626705.123434,114,598098.346168,241,590656.950883,174,573883.052503,304,558420.235197,239,515969.247543,364,509196.792713,302,506204.553933,180,saxophone
7082854.031467,22,4456406.5339,21,4348910.718221,42,2295945.129735,63,1498870.473907,43,1188511.168986,23,620260.812674,24,618379.24589,146,594765.272494,44,546310.439008,64,486636.284564,26,486535.24465,104,476146.763404,25,433892.941218,83,429599.145401,84,424457.87853,41,414650.588356,19,403856.715308,39,381105.088005,91,378201.830976,45,373474.195541,145,361180.59202,38,358971.1504,20,333352.35954,105,330366.699653,27,320841.843386,18,317296.948568,28,287864.913817,17,275932.409141,229,271689.595827,40,271266.340718,29,268144.750632,62,saxophone
7476316.191224,34,4122244.287157,33,2434417.898737,35,2321632.941909,99,1975356.796795,164,1488106.032851,32,1232298.674634,36,959695.420585,31,855402.834248,37,760624.02259,132,690826.195947,30,635620.185678,66,616798.776374,166,603478.261711,165,582796.842774,163,577471.254305,197,570513.656107,38,564888.216081,29,538014.410159,67,496130.850948,98,483891.820998,39,477376.111905,28,442815.848651,133,440375.384333,295,435255.777035,131,433270.829703,230,422997.566828,394,418278.110952,100,411555.43917,27,410039.341123,262,391536.510301,294,389636.866912,40,saxophone
5889340.398017,120,4000794.000165,80,3343918.605307,199,2217756.493716,41,2156954.275625,159,1911531.572641,142,1733487.642356,160,1640477.520085,79,1631991.720784,72,1520300.882462,81,1487957.074381,40,1382161.504809,200,1294348.68059,118,1159239.138672,178,924932.856112,239,893697.527354,143,770297.548396,107,645143.360852,121,643461.419209,36,620087.63534,157,594811.665087,71,557950.964272,82,544806.93148,73,537562.606344,119,527281.889965,42,511988.907882,74,508297.749737,201,475695.794932,161,469211.263758,39,460121.830658,122,455332.766101,158,449368.827182,156,trumpet
5847985.070365,77,3513703.501082,76,3272428.299428,39,2488840.525942,78,2480931.497783,115,2348981.556739,152,1997935.037201,153,1836895.425847,75,1593976.607059,190,1358904.067049,151,1157685.695292,38,1018875.923256,116,1016356.86086,154,938863.763911,191,851306.367719,37,719683.061116,79,711875.111859,189,706434.916331,228,695770.535286,114,662938.77532,113,658497.003203,343,652712.363198,340,635508.585244,150,596138.535578,305,556477.375105,304,554147.278214,342,546778.113984,74,502554.913463,192,497097.022779,40,491351.364645,266,478267.418046,149,475495.980181,36,saxophone
5482107.227701,48,4053743.678882,187,3316082.908725,47,2907847.015507,234,2409871.107625,233,2188164.795378,188,1986241.067056,280,1605665.359435,49,1461700.098313,140,1329601.147712,95,1257575.006947,46,1210445.056513,94,1037459.653686,282,1021415.175088,327,980457.322831,186,978758.306957,139,862226.055966,50,810512.075763,232,789959.012589,235,716114.889864,45,659508.373063,93,641252.066656,281,618267.051712,51,547823.853063,326,512694.281991,328,492059.995803,141,490868.668065,52,472186.19204,44,452439.516545,43,448869.192634,284,438395.172426,185,411389.069598,42,trumpet
7365021.271739,60,3512525.533361,119,3009755.050975,120,2860274.360871,118,2578639.088306,61,1933755.264478,179,1663613.102088,59,910522.684975,235,790820.413081,237,695734.524393,178,685537.579476,238,675423.946112,121,649891.200287,294,574233.940906,236,508386.929328,177,495967.542195,234,478417.539352,239,469028.177411,176,444969.857699,122,411529.432763,117,396208.28997,58,383678.11174,62,339824.109829,295,335617.515118,293,311146.835603,63,292668.885699,233,285052.222555,123,279519.432299,353,260248.847551,296,255059.224022,124,242624.953655,357,236155.634495,116,trumpet
6012603.910917,11,4523647.463262,13,3970234.406065,18,2906591.852276,22,2903706.067959,19,2751189.75406,15,2387241.498724,17,2354348.522894,28,2316209.21946,14,2234731.526359,38,2214178.350643,57,2146494.389661,49,2105648.936107,24,1990958.669774,48,1933358.959561,20,1829482.382131,42,1786131.239553,61,1604985.839517,36,1580686.932338,26,1574699.731609,51,1474255.962425,23,1467706.065226,40,1339745.560188,70,1305124.068089,65,1276648.894964,73,1273478.612001,21,1255996.966552,71,1229478.035191,83,1228331.923997,30,1151087.939363,52,1104966.700035,47,1090594.918541,76,trumpet
4660530.258521,43,3687648.043833,85,3205409.772389,84,2852757.078083,42,2835488.850857,126,2186443.201697,167,1961045.738082,168,1934134.823003,209,1550215.591241,44,1548623.474339,169,1483710.529033,125,1346370.851599,86,1311506.298109,93,1285455.519523,48,1136648.950366,128,1126627.34034,41,1022742.140189,166,1014179.472946,94,897487.26299,186,857806.403148,208,802348.611517,129,789040.412885,83,777095.630166,127,750091.87638,138,695084.443145,81,585097.227317,40,572282.329344,207,569689.528533,90,520764.203242,212,518623.983613,47,513983.386989,51,510845.106883,139,trumpet
6502220.848367,75,5947998.53643,38,3451720.035502,76,1626026.113862,74,1485514.235933,77,1139922.774517,39,958103.906558,73,952024.324347,37,922171.339046,78,664900.597626,79,629112.679776,72,621358.793221,187,565488.502253,150,554426.256453,80,551118.22963,36,516086.235837,40,479423.394109,71,437073.43813,81,404125.670705,35,402827.108545,70,377078.368303,82,347246.573301,69,338919.252852,83,324585.70356,34,293485.534225,84,286445.593905,68,279212.14796,41,274167.496981,224,270661.261693,33,265145.856146,85,251108.756005,67,241973.335,86,saxophone
5155109.191876,30,3721763.474824,40,3315051.746716,49,3041250.705184,39,2121364.19946,21,1869540.776483,11,1680447.430934,20,1654063.754389,38,1639288.691978,41,1578734.600412,33,1456645.107455,48,1426838.035726,29,1093470.048472,51,1091365.896577,26,1051425.617453,31,981521.715265,36,948587.378181,28,940176.446177,59,927306.803871,58,897933.325169,27,790401.82561,22,785665.209036,55,763456.672213,52,717135.663235,44,684524.967986,42,675404.142403,24,655991.752541,13,643877.015407,53,609833.463189,14,585875.454511,46,567078.927774,54,566409.886792,18,tuba
2480764.376703,19,2073108.187041,11,1806633.014789,47,1768716.94265,16,1586853.553966,36,1584495.953834,30,1513081.153161,23,1364979.736123,17,1343536.538373,24,1275417.315494,31,1242830.326739,25,1166333.913131,18,1160916.149939,35,1138459.050662,45,1131029.166752,12,1118129.505009,56,1099421.714403,39,1095685.944051,43,1069834.773708,61,1012744.381163,33,1001867.014303,13,994010.759101,34,987121.188399,21,979503.492174,22,929553.028256,81,901735.215736,38,899712.78803,53,878761.435222,76,858564.510349,65,846764.515737,89,786863.86979,71,781778.33386,14,trumpet
6762348.817864,64,5662566.437314,65,2079266.245007,66,1880779.103853,63,1653182.841184,67,1320823.101735,128,1098350.071838,62,1047993.444613,68,996691.17614,191,958960.451438,69,871305.699945,61,847878.871074,255,687966.772428,254,662140.938926,70,618762.71458,60,576823.280226,59,546266.773981,127,518377.333511,71,485461.507799,126,450605.199115,72,443349.999386,58,400792.224025,253,399337.059567,57,397231.883809,125,371756.167437,124,361271.686362,54,356140.018264,123,355892.280005,16,343597.027541,55,326753.990008,53,319778.579698,56,316564.694515,74,saxophone
5948631.310595,24,4792119.401745,23,4062725.938382,46,2835319.784005,47,1745368.736509,69,1307274.208881,25,1170380.646715,114,1150035.184952,115,1096381.278604,48,1055465.613867,68,1042195.165078,45,816031.317693,22,743205.127562,26,733924.673198,116,717860.896109,137,711355.466294,67,681984.082348,92,658716.927975,21,599414.75669,70,590654.667601,27,533043.614153,138,478798.245889,44,468891.059688,28,464946.766653,91,450664.223471,43,438215.459139,226,406332.370802,139,391484.293715,134,391154.562964,159,378583.280058,135,367321.673094,227,364629.694081,29,saxophone
6819653.070233,120,3865105.70308,61,3457789.284664,180,3377682.315397,60,2783540.780643,179,1308540.759509,59,1292036.390206,239,1150660.644313,62,786367.31615,178,745371.827647,58,727653.19843,63,624818.199321,177,562989.495468,57,497099.669585,64,491937.344593,122,432587.505654,121,429316.934228,56,397090.135414,65,378746.493795,176,358017.445057,181,356248.579844,182,345375.045688,55,344842.20992,119,341576.597894,123,336948.261032,298,322471.778055,66,299251.222777,54,297964.744413,299,280515.445716,175,278514.735121,183,271658.793709,124,269305.728326,67,trumpet
4859930.403979,30,4195009.272149,31,4015471.429012,11,3098254.418177,40,3026684.788624,29,2111193.547869,20,1959037.226473,41,1718242.074797,38,1584317.654485,21,1370234.876885,32,1072674.922703,47,883759.783965,39,844487.563459,42,824092.054802,19,799005.125868,28,779314.108415,34,765260.990786,36,731102.276768,50,710868.452791,33,705425.522771,37,513122.983422,43,478209.491115,46,474323.646791,25,474206.088053,27,445836.772046,15,402234.876305,60,391583.440997,16,389529.67479,17,353570.261878,13,352248.127636,12,345689.953842,45,343428.153288,44,tuba
6556344.385609,61,4857726.947132,121,3259184.649105,181,2623576.620207,180,1857921.563654,60,1507737.999861,120,1425853.911607,179,1039756.88497,182,909597.450723,241,813477.818792,122,797185.579639,178,768533.555748,62,760609.790264,240,743220.486902,63,660451.028492,59,626591.360385,300,578307.513071,119,571878.226021,183,551956.516099,239,520525.524433,58,484564.897989,118,480296.282929,123,471609.264404,360,462754.339149,299,444082.970377,177,429999.870189,301,406080.89934,184,404005.551185,57,379662.699275,64,348233.26802,117,343548.65551,176,331316.567781,65,saxophone
7289277.138701,26,3693281.857837,50,3282122.126346,25,2368457.77601,51,2056277.411706,100,1821920.210241,27,1306940.796259,24,1259645.194561,75,987452.648887,28,974361.23694,49,952072.684734,52,800525.844533,23,761831.621737,29,715750.576659,99,598682.831286,53,588289.971651,30,562440.29359,48,552171.469583,22,526329.746556,101,477653.614789,21,455621.676184,54,393707.763432,31,388043.972755,47,376188.384871,223,375404.731736,20,358493.194609,32,336192.763693,55,314215.255577,33,313245.917692,102,299598.196293,19,288143.421007,34,286702.572151,56,saxophone
4943299.893652,36,3397398.896963,25,3242457.034607,24,3131105.28931,13,2244525.180258,37,2161684.200583,23,2058319.768414,49,1987027.06423,27,1704687.068623,14,1647417.662796,19,1646372.273152,16,1515430.12164,34,1488149.685913,28,1343019.233083,32,1316108.757058,33,1176042.79771,35,1029072.207934,29,1000591.786576,26,923456.867772,45,900889.113539,15,815775.44682,20,805070.162431,11,788944.968552,38,704932.648092,46,669212.676287,48,608174.898344,40,599649.528324,39,589872.302988,12,586709.256678,50,584462.052183,18,582128.040673,43,579102.216267,47,tuba
9677069.1062,65,1912200.501671,64,1055158.297552,63,953151.057337,66,782276.890368,192,745952.124545,62,627916.443397,61,558902.08114,256,512129.337561,193,408556.485691,129,395714.562932,67,361971.408243,59,357996.942728,60,334489.307183,320,294487.295542,128,292151.601285,191,289041.443495,257,287488.700621,68,276298.204993,73,259538.854252,58,236210.919334,121,233351.308515,120,225171.731823,117,217056.458332,116,216375.967091,384,213077.826091,57,208798.021618,74,201769.899511,118,201416.099487,72,184843.674666,122,183460.57417,194,176534.83878,115,saxophone
6616229.016504,21,5419944.509608,20,2417265.422275,40,2265613.033746,99,1608605.931464,22,1606062.229421,19,1498160.295843,79,1032892.746196,23,989633.704267,60,981112.077782,18,891728.326991,118,815658.647429,26,738552.207574,24,727153.611264,39,701110.272109,27,640346.249654,17,636773.785611,98,612361.568662,31,579801.309244,59,541623.896724,16,516733.856826,58,515640.187713,32,511473.508379,80,486129.727333,97,476957.958582,41,474069.960269,25,456162.278486,28,433956.660639,15,424417.650355,38,378134.02275,14,346139.197552,13,337006.35959,119,saxophone
5961848.491428,105,5126730.277221,53,4064269.075798,157,2506635.407762,261,2393135.838061,158,1370140.000068,209,1134900.899638,104,1011871.422464,262,935437.324568,156,906234.823688,54,899285.347162,313,855236.737545,106,808814.187939,260,767641.644874,263,663548.376566,155,640948.452346,159,616139.414882,365,538130.29973,210,494193.894269,160,436999.664386,154,382426.63411,259,352757.235373,153,350662.497449,314,346012.579635,161,339360.446152,312,319224.665627,264,310237.355652,103,309500.313358,108,304551.400388,162,303811.598292,52,303410.764333,51,274531.013234,152,trumpet
2654370.450072,12,2258251.675353,584,2002983.836718,17,1827733.002336,11,1750292.052213,16,1572457.635277,592,1551384.842086,582,1499121.650769,572,1435037.443069,18,1388891.149329,13,1324485.414349,20,1264949.614225,19,1228055.325844,586,1215249.156127,590,1141898.823378,577,1136004.595434,562,952611.684388,579,894092.24291,620,868732.268332,563,841957.384979,595,809702.939723,587,799069.731686,464,795356.527165,463,775525.832958,450,757534.306059,594,741178.611123,35,715061.39979,625,711540.295715,593,710783.84663,634,701542.83702,24,698765.49251,603,690035.835679,15,trumpet
4320364.769489,47,3872191.209161,48,3628519.713807,140,3593442.913182,94,2535566.495484,141,2057873.595537,43,2033401.726369,95,1746928.494867,93,1573613.818217,42,1426163.08167,84,1401833.817544,46,1372825.431699,83,1144444.120073,125,1046971.281237,49,1016242.115678,126,952104.124556,45,945120.694863,44,924184.320864,85,912651.091485,124,886565.957593,82,850696.900721,187,828139.094118,139,756168.072142,142,711771.828247,138,688787.776094,41,644282.980066,127,617477.446587,97,577974.699523,51,570684.823888,186,549096.990875,123,526761.621209,137,518492.455698,143,trumpet
2690515.979465,18,2355211.931257,27,2111791.3537,11,1949394.143562,20,1618324.755165,33,1556646.866238,17,1546381.360497,21,1484938.087929,15,1364825.300063,56,1300138.735171,22,1293430.946257,92,1236793.549756,25,1222494.80767,31,1211135.003319,24,1205535.162854,41,1184685.06868,13,1168626.598973,49,1011807.17711,45,932258.449268,89,902052.559505,50,884386.624538,91,878364.599161,78,870715.496554,48,847161.58428,29,807321.61024,67,798844.545127,63,789412.10334,55,763704.324975,75,756774.074413,58,756397.065814,23,728490.125839,36,727709.013411,30,trumpet
9744936.494808,34,1517400.76896,100,1258598.778011,67,891633.139958,166,849335.907861,133,746508.629342,35,739291.672779,199,599605.590918,33,546164.091411,232,541997.027405,331,487201.940201,364,342843.202145,397,320491.956152,32,315733.171826,231,291957.501314,36,291059.578621,198,289961.341812,330,280710.844325,298,261079.207272,430,254194.805346,265,234605.740827,37,221860.96108,101,217049.933935,332,213825.096492,363,203850.310701,200,200084.999025,30,189342.721147,165,183132.122901,365,180528.668848,38,176223.795091,132,167258.775239,99,160411.43816,164,saxophone
8359178.447113,49,2946151.101124,50,2538419.620548,146,1726291.184851,48,1507343.55982,97,1437606.49419,145,1354612.490893,98,1082119.449084,194,993610.773002,51,933134.997086,47,774705.527643,144,733462.055219,147,616066.929534,52,603996.645136,46,578672.105685,96,481845.721625,338,477606.263864,195,472702.934526,45,471676.559103,143,464422.267009,339,456520.889289,53,440872.451235,193,416403.631557,99,371818.941455,54,364483.408582,44,323294.771471,142,321632.113892,43,319542.356385,55,313373.180691,95,311883.319743,148,285507.273436,290,279028.516395,100,saxophone
7004723.998477,140,3321656.065095,105,2967591.070536,70,2478966.368197,209,2256231.577958,71,2203424.805611,175,1470263.100679,36,1434793.852393,174,1300796.166413,244,1272193.164972,279,1233702.480416,210,890250.178747,69,867403.096981,139,784467.64985,72,717707.55308,176,656427.304404,141,654536.9842,208,580889.203867,211,577671.734963,173,535400.649994,35,522163.921238,73,513588.667143,314,495549.799512,68,490505.234709,104,468244.346381,106,460414.745511,313,443158.785657,348,400561.823865,207,375245.412491,67,364047.738445,177,360129.991084,383,354296.502084,74,trumpet
6026876.860509,120,4218105.950092,180,3425422.11984,239,2877673.838896,299,2544968.131896,240,2447863.852648,61,1603361.716244,121,1531051.867422,60,1272519.65369,238,1136916.976273,119,918127.449815,179,859755.68577,359,708401.561348,241,675236.964338,62,662948.743963,418,639403.888201,237,635969.808167,122,583186.078086,59,564296.250155,181,545583.402756,118,511563.691597,242,509117.786477,178,455562.839409,358,419325.460283,236,419015.010765,63,401767.405517,123,365662.210297,243,363390.778515,58,359822.106797,117,348807.594265,235,332928.256499,182,330139.755623,177,saxophone
4937048.441438,28,3288976.204651,29,2711035.27213,14,2655401.408159,41,2293885.283533,27,2227741.424945,94,2029642.298674,40,1695203.890509,42,1602775.926777,26,1561205.803828,67,1559622.33617,15,1462053.718429,39,1453714.82538,54,1219749.273872,93,1159393.135286,92,1074672.194967,68,1042736.217745,13,1008384.660748,95,979414.304754,75,956305.794074,53,888060.982985,43,862869.400762,52,853861.438708,32,852663.653275,69,820287.734476,33,752933.368427,55,738246.61226,121,721283.960369,120,720919.146929,74,716548.849336,76,667939.597834,38,663998.306206,66,saxophone
5541489.361604,71,3960525.861328,140,3778178.276242,141,3599629.766307,36,2534853.147723,105,1925904.11233,106,1900570.558873,70,1406535.822664,175,1180427.890961,176,969359.023959,142,926497.671535,139,900491.746275,210,888049.470133,72,864370.625038,96,815376.337602,65,732416.597613,138,715012.349409,33,698578.785788,211,611580.332948,103,560548.621671,67,537635.169513,137,520253.306989,34,516908.389256,101,514502.183814,104,477524.174529,245,460312.808359,35,459233.5244,66,436828.990115,177,420082.743975,73,418188.812648,107,398637.360616,125,369908.866957,212,trumpet
6277817.386605,23,4456309.021717,90,3432717.547046,67,2787225.045129,68,2328018.160722,89,1965072.010045,111,1710738.897843,91,1209818.812516,66,1143586.944042,22,1113139.859598,88,900397.055191,24,891089.242033,92,814725.058956,69,725411.985274,221,684211.943561,155,569299.068235,110,546889.129314,93,491944.821817,21,480204.077723,112,475926.324466,87,451737.389917,65,437768.084111,70,414263.191254,220,412776.950705,20,405962.099155,154,394989.514312,133,380535.881333,222,349737.421987,71,323117.556549,156,321723.294429,134,320916.909689,64,312874.982581,265,saxophone
5230965.020014,48,4475430.679465,55,3651334.623324,47,3130516.606749,54,2801118.466251,46,2678450.657571,49,1824118.595221,50,1770803.67997,94,1700911.719425,56,1563597.564853,52,1191980.93506,53,1143712.063704,51,1047858.405472,44,770658.809739,95,418478.700676,93,389220.24923,42,386050.829067,57,356825.040452,92,347977.684929,43,341779.342029,139,336713.094858,142,331529.675159,97,326485.709333,58,285096.681891,59,280707.837327,41,254974.070015,60,250094.255096,39,248850.444336,108,244567.403614,140,241618.789782,141,240075.930044,100,228843.953615,138,saxophone
5981400.942783,90,4436643.16647,134,4153211.710036,89,2866435.481543,45,1726534.64737,88,1656407.573083,91,1408958.48036,222,1256910.034118,46,1108027.357039,223,1029650.144616,87,1011128.962401,92,974309.047302,178,937557.794192,267,740952.409163,133,725255.253037,355,718961.046921,86,675819.798178,93,648557.22031,44,596301.865746,85,542126.37139,47,536398.691076,94,472477.984984,84,432550.733203,132,431016.041214,135,425423.415605,95,422640.679831,83,416711.503506,221,411663.766688,311,398038.557947,400,380449.749617,266,372947.171185,96,363691.657816,82,saxophone
8124031.061455,54,4457153.083864,107,2868427.277078,160,2095267.443357,106,1031081.330855,159,821347.215266,108,732456.576171,105,729874.418966,53,682612.651666,158,448018.413894,161,421518.906963,212,413066.986358,109,387600.737614,104,382510.58442,52,340077.64602,112,330194.146538,103,283794.228793,162,272293.524445,55,272279.293153,157,263207.422077,110,242651.944875,213,210252.039346,111,207793.135078,102,203384.730679,156,201471.32078,51,198547.622161,211,186251.644432,59,185099.294783,101,182645.566754,164,171264.494735,56,171066.138085,187,167539.573605,100,trumpet
4491395.717184,12,3144314.225954,11,3058068.084883,14,2164643.554835,13,1476554.734551,35,1280119.106711,25,1128448.364936,23,1121828.887184,15,902815.552019,21,886332.103368,33,885122.25996,20,869156.232533,45,859388.113391,46,814546.431304,31,788387.985151,28,646200.723306,24,605012.195722,22,585151.841946,19,567821.795861,18,561611.563493,50,552769.331045,36,499577.462565,44,480666.122311,56,472521.240262,47,461403.266488,34,447675.768538,110,401824.303693,27,395835.639025,126,391798.681608,42,380081.647699,52,376599.682325,129,376060.68463,211,trumpet
6454120.727209,15,5816813.359954,16,2445602.557327,44,2301195.609818,30,1466585.686837,36,1394776.635167,17,1370986.949853,14,1225675.79208,45,987274.711758,19,906790.749763,29,879515.16854,33,872473.064698,31,847682.420015,13,690060.848656,18,658911.406667,38,621234.818664,32,611999.41675,37,601204.192654,21,577156.285976,22,512443.212141,39,492356.26502,24,491100.352097,59,488541.269171,48,456504.731206,57,455862.804279,12,433091.090103,27,418301.418839,40,359252.088641,35,351491.114323,41,341033.524697,20,340117.255801,11,308826.836931,60,tuba
8609772.731917,87,2608009.954548,88,2148308.043172,86,1460202.223466,85,1378171.319561,173,1209104.860758,89,1062578.167133,84,1039084.692323,215,987575.924871,54,925066.75215,42,749828.503042,174,744636.118653,90,709270.169527,172,672487.887614,91,583404.169614,83,575031.63901,53,566295.971073,214,475232.147609,92,473111.255331,82,420483.582816,93,415977.544938,175,413417.764299,171,409604.380595,81,392445.404783,128,377639.623871,80,353012.10269,78,341732.877788,94,341186.005829,129,318260.256824,79,313110.29179,170,307072.0706,41,304365.881605,30,saxophone
9138089.474619,34,2393714.424774,100,1776014.268666,166,1476124.882687,165,1109834.936708,133,798399.398168,199,778537.279479,99,707165.8037,164,700686.451776,33,654515.054445,198,639504.286129,167,575220.17001,132,508009.028335,232,498965.570549,101,488358.337649,231,478797.174472,67,428247.555732,163,427339.555454,98,425640.869897,35,379179.70458,32,378051.373196,330,338204.803537,429,338079.411773,329,334151.128087,197,313241.667264,230,307808.107244,131,302624.523796,36,297768.465151,134,297110.474528,362,290472.062866,331,290152.72121,397,289145.218325,297,saxophone
1867856.801634,470,1708210.829026,468,1696500.440251,477,1611356.985792,50,1587096.598767,48,1466939.594899,481,1463604.406388,474,1376880.539251,51,1297677.684459,480,1245069.744312,27,1237904.543126,476,1198376.963727,162,1128579.196608,475,1111364.501373,47,1087242.314213,17,1085220.057386,129,1078797.630433,469,1052376.434676,473,1052057.448641,478,1019279.72452,19,1003135.801292,464,999561.710907,132,982556.910154,31,974026.616208,482,967645.403298,130,942984.225022,15,940252.295267,148,934728.579646,52,932665.989342,25,931588.063115,128,926878.517533,44,900716.593847,32,trumpet
2126564.026582,26,1919990.975243,14,1884482.122898,18,1785851.982004,30,1746811.138266,27,1468241.032327,52,1384056.625724,19,1238913.827268,37,1230624.879861,36,1160394.492227,17,1100756.895927,38,1087363.039942,48,1059342.691984,73,1024562.90423,12,989573.176921,23,981159.760167,46,936183.194765,45,919603.201696,47,918357.26553,24,909301.798797,13,902222.829718,11,861232.506321,58,775286.872469,72,773384.512398,42,767438.916055,61,754607.320128,34,749172.643831,56,739173.232609,33,724992.60435,22,717541.023513,50,685411.529949,103,680168.008643,66,trumpet
4186832.334975,54,4119223.344843,53,3889118.147466,55,3264017.252223,57,3033751.210495,58,2703727.810029,52,1952727.325355,59,1354284.751765,51,1275303.605559,167,1015536.493063,56,988022.38979,60,949168.148553,166,808736.599744,106,804775.406827,168,766325.88313,164,710951.691396,165,710241.982544,163,703262.347905,61,696940.258749,49,628192.682787,48,600594.281541,105,584496.970097,62,582190.920394,103,565903.781476,63,561034.669053,47,557825.710617,171,552255.203892,107,551423.488403,104,523823.133869,224,520236.812254,110,513538.829226,111,494277.276219,50,saxophone
6622862.826609,23,4480950.107603,45,3378260.0808,22,2599881.681394,24,2141933.617309,46,1866952.613728,26,1370149.603581,25,1295359.251548,27,1106807.989714,48,1038608.955909,67,979956.151287,21,908507.556194,43,793787.547075,44,780968.46013,49,685365.366275,38,671563.059117,19,608549.608246,20,578991.340847,28,535181.770561,16,530921.788419,41,528407.242834,47,510411.832524,17,459812.336494,30,406582.217454,68,369749.829729,32,346538.827378,42,327540.9865,64,325799.149489,13,317829.335871,52,308617.741434,18,294327.349654,50,268100.58292,36,tuba
5064706.259365,150,4033312.628057,151,3415967.097687,51,3270232.227882,250,2658401.87245,101,2478981.435515,200,1752755.391761,201,1752164.569793,100,1650529.546857,300,1318503.046534,50,1271047.400508,149,1175347.132609,251,1149954.918626,350,1050175.395442,152,784589.764917,249,780784.066199,349,773616.954728,99,763301.743148,248,718305.855286,49,672707.61329,199,671140.59245,299,628576.847307,147,624873.931487,252,614157.36889,400,608183.648265,399,581437.521422,202,566013.549991,146,554789.087269,247,480298.054137,298,446103.606664,148,438369.932925,301,435326.474946,348,saxophone
5728871.573446,27,4247928.642099,36,3488720.395772,25,3359981.235216,19,3195702.81347,26,2277675.303091,28,1374048.965995,18,1265434.585213,22,1148310.369417,29,989769.224231,23,919939.212221,32,860378.273047,24,819741.58595,48,792336.814869,20,763502.567067,37,752903.513736,44,700927.146422,21,698461.221441,38,661615.961895,30,607430.187007,49,601254.198436,51,579270.724378,33,543028.524972,54,524348.079615,53,511098.641879,16,367665.519792,17,351260.2956,31,341310.999133,56,340065.14547,14,331533.38948,40,331387.24664,52,311971.070865,35,tuba
6775106.268287,80,4812106.533826,40,3506728.733764,79,2316126.647978,41,1765894.811017,81,1388592.806776,78,1193919.117856,39,997672.933791,82,905470.615785,42,845568.657879,77,839403.251093,198,814741.92585,119,751773.329551,83,666167.179209,38,569214.351035,43,556861.334305,76,547855.427172,84,496722.42322,237,474817.745521,37,469323.60081,85,454917.969703,75,413103.227888,44,402459.726431,86,399572.267236,197,377767.435835,158,371610.539457,276,370404.974604,74,364826.573073,36,353873.441833,87,353864.696683,316,316769.422635,88,307042.088798,45,saxophone
13412958.031049,14,12094179.78129,99,12090172.077557,13,9661584.535903,51,9610491.771974,27,8863324.471801,71,8274298.06688,16,7578476.016653,57,7570449.254623,81,7471065.90201,11,7453827.670926,98,6871084.405948,74,6481304.857754,83,6451762.904077,82,6278169.760649,54,6227059.623165,28,6121497.383607,15,6066252.111214,177,5856652.834319,52,5699454.585197,19,5659076.350273,100,5610290.177778,94,5546983.666175,17,5393356.475415,97,5377200.54581,119,5297648.968482,42,5288494.330598,26,5245405.551734,175,5068552.173169,101,5057317.246793,62,5047400.065036,65,4959628.7803,53,trumpet
3316723.339646,33,2651046.056441,131,2554389.829827,229,1993444.069491,34,1990793.427687,66,1877767.634727,164,1795429.793081,32,1711937.744763,129,1646492.807946,132,1572374.566607,99,1563527.315803,230,1525835.382042,128,1364798.045853,98,1298793.568649,95,1223273.264899,227,1193835.389828,196,1151318.873515,327,1142011.963343,223,1125608.791977,96,1101202.873449,262,1069926.058747,360,1058901.643541,197,1045668.063465,224,1004222.431065,94,980701.104503,31,963848.170114,127,870610.071525,392,860737.557891,67,837771.033464,117,828146.317185,163,805783.55439,122,766890.345741,222,saxophone
2959821.031857,53,2768323.783325,52,2647381.43454,54,2408180.12974,105,2348980.220652,87,2226933.516855,88,1973074.722123,86,1794700.038546,104,1793357.194275,123,1781338.774725,122,1699225.044062,103,1613201.464884,85,1550071.281848,106,1440610.332153,83,1419039.307523,84,1353565.907244,51,1331059.379168,121,1246275.477268,70,1224249.694461,71,1172665.165858,18,1158239.572079,89,1156527.521044,57,1136597.836621,139,1097207.58772,102,1062551.648083,63,1050256.753189,69,1024312.889597,19,1001381.447982,36,974426.776195,120,928153.166043,138,871112.997789,35,861109.15326,22,trumpet
7970286.170237,40,4492336.42861,41,2228418.410078,39,1650234.659526,42,1365511.109923,80,1303283.346409,38,1103594.171425,43,920757.577801,79,838299.57456,37,834902.591205,44,700550.526497,119,664590.18709,158,632763.299429,36,623279.539466,45,524483.844609,46,509135.211065,35,504971.349166,81,446372.681381,34,442468.132471,47,430052.157811,48,355322.216404,78,354346.316634,49,349638.273024,33,309559.738937,32,304470.274313,50,296670.884474,31,296446.366561,77,295825.144691,82,278953.597023,51,264609.613293,30,250287.02213,159,247875.405172,52,saxophone
4939484.609776,66,4207769.570648,34,3738718.139077,67,2966146.953487,68,2917716.322462,65,1884637.755164,69,1656258.029208,64,1213503.412766,33,1095071.95068,100,1087623.816663,32,1080089.075412,164,1036603.491433,98,1009867.459705,35,957061.77123,101,925849.673026,63,914744.922234,99,845086.950973,70,823564.670945,163,790271.021993,165,781607.386457,62,727745.244615,71,714791.329407,31,674932.738943,61,672188.024984,166,671943.550716,72,665646.814633,97,631177.93715,167,596405.751436,60,583028.79345,73,541607.823261,59,503750.682126,102,458208.341835,36,saxophone
2483195.444942,16,2406942.401397,23,2321086.603916,17,2268956.255586,19,2094551.461115,13,1393090.585754,28,1317510.791568,22,1279071.279145,39,1253583.52678,45,1250332.170965,12,1226743.728344,24,1208675.822694,15,1199702.612228,65,1146556.373135,55,1083744.556786,31,1026473.667053,18,1021023.301753,42,999125.118132,44,951390.190324,33,944775.81007,20,944672.710072,11,944672.654811,38,938129.477181,57,932471.991588,56,914494.503694,73,910160.10378,40,905646.873879,30,901096.762696,34,855420.354703,59,796292.963732,62,770981.048154,14,748823.608641,25,trumpet
7257676.541495,43,5345549.487961,85,3267136.595154,127,1841945.213627,169,1201399.64289,84,1149024.181378,126,879091.23371,168,799473.065532,86,720986.832923,42,612825.751518,128,555165.259045,83,520565.281226,44,507329.945197,125,475974.21977,170,474353.009294,87,424578.760632,167,366750.590655,124,352713.754517,41,346672.728435,129,342525.734258,82,317511.773354,88,315903.603095,211,281021.63705,123,274486.311099,45,266054.714057,81,261100.864673,210,259455.570123,130,254861.539765,171,248308.445239,122,237816.414447,166,234947.99828,89,208803.127005,80,trumpet
5148023.413871,53,3455880.724886,55,2312778.744607,161,2202529.855895,54,2060569.291212,18,1706733.349689,21,1661451.749503,12,1594990.608932,13,1549802.275645,56,1259914.854128,52,1221369.62557,16,1220159.214747,15,1182380.887842,107,1037496.969185,108,1016569.281439,46,1006668.306883,11,1005851.435938,28,1002538.861707,47,958411.944355,68,956185.790321,19,949868.852674,162,895273.065236,106,894339.896582,50,886905.768812,25,884735.802533,70,878313.694881,29,873700.972259,14,861630.227445,71,836463.894497,51,809697.134582,59,800432.581019,73,771311.896155,67,saxophone
7849333.585066,34,3650622.229362,35,2080833.419637,33,2073894.475405,134,1976899.388671,101,1544315.533535,36,1534180.844154,201,920888.331781,167,908586.34001,100,871964.262377,38,808509.354015,68,807542.26173,200,777689.199944,37,716352.358465,31,671824.520312,32,620431.810473,29,614920.716141,67,599460.992507,30,561290.165466,234,529070.224191,39,500843.152239,64,498573.434686,168,481774.957668,28,463416.211138,99,450902.306643,40,429521.625362,26,426293.868532,69,407671.120113,202,391933.239377,166,376171.590357,41,362150.212055,42,340679.380642,27,trumpet
4788655.050898,14,4033081.804006,12,3091044.211825,17,2646527.277066,13,2495849.559856,15,1938438.111892,19,1605509.879278,16,1302506.41553,18,1298816.638296,23,1235698.713856,20,1189830.822459,21,1018825.919604,22,578395.034693,11,518008.885645,29,478354.888202,27,478248.73795,397,450911.471419,341,445580.464111,352,430368.660364,35,424673.124195,30,409878.801707,373,407775.91673,60,405399.187754,484,402676.879824,368,390738.654536,382,390252.107078,53,389871.264504,40,373341.435078,28,370469.558464,25,343189.652965,34,322055.186773,348,319559.937993,83,saxophone
6940173.363213,17,5421028.803832,18,2289124.060159,16,2085724.770811,33,1834075.037608,35,1492048.143285,50,1341598.030331,37,1228452.086602,36,1161828.396588,19,975093.364822,34,853140.025203,38,753748.697398,14,685847.049991,21,666130.75857,15,600466.729453,20,520327.435698,25,482942.333424,22,463816.490694,26,408246.74594,39,348554.940731,32,344656.171833,51,340187.487628,11,303345.774509,12,300724.83187,49,293155.157237,13,255316.187994,27,241924.749302,52,212144.427177,53,197308.092092,54,191853.153664,40,188850.869302,31,183921.281678,55,tuba
3143933.467799,43,3053612.419603,126,2695081.778487,84,2686428.011671,42,2631830.155577,125,2424182.734883,85,2273514.110086,44,2195486.295127,167,2141167.146615,127,2101831.045593,54,2050572.464056,168,1851552.302492,83,1501272.281227,166,1415046.524879,124,1371646.715695,169,1246468.691952,41,1244992.028178,86,1189158.84122,209,1183868.025655,210,1113522.127989,106,1073129.196323,128,950584.404666,208,910696.309031,53,865605.640422,45,805611.378889,211,757958.231456,170,734209.782368,82,704405.881046,165,637767.980599,121,577605.383656,207,567680.986773,39,558261.46957,129,trumpet
3500943.076877,30,2486437.029693,34,2441342.256252,26,2109237.277971,20,2062718.782481,32,2045277.181454,17,2031409.565308,33,1997166.577029,23,1987761.491528,19,1846716.976302,21,1782915.190513,11,1513065.83683,16,1501654.817849,24,1489911.510556,28,1239578.217437,52,1235404.762789,31,1192138.102978,14,1186214.021791,27,1079877.597364,13,1016141.450776,44,965184.014823,15,964849.52656,35,953575.107656,46,953494.445911,22,934436.996709,45,907522.403839,39,907064.697037,29,861612.26643,18,825604.4455,43,747243.319764,12,731376.715818,47,730645.768355,58,trumpet
6899840.767318,40,3709377.427787,27,3574898.518492,14,2386065.389066,41,2063293.406768,26,1714164.795345,28,1515798.583147,42,1486154.675486,38,1465421.171463,39,1361164.880624,53,1000152.80784,29,870413.46732,25,828365.209597,54,812338.130419,43,616569.922462,66,606753.281121,22,590595.468759,31,587548.439415,23,552117.486558,32,546810.52221,24,445174.978187,21,442652.720922,55,361877.539255,15,358127.597354,46,352497.472317,56,346301.522623,20,345024.134268,47,343287.777493,44,333243.417223,45,331581.108247,33,323677.385422,13,310611.379926,36,tuba
1322338.252248,27,1281821.358716,28,1271449.084086,25,1265086.985738,26,1231801.671795,207,1090575.915271,31,1051100.628651,29,1045225.446578,23,1039578.213669,30,1037016.909233,32,1014306.490806,24,998982.957215,316,992615.21219,320,980322.091465,204,976323.158681,206,967012.109628,205,948282.917112,210,943500.515372,209,940189.267587,208,929167.227339,21,925010.739357,33,907618.676101,321,902861.68062,160,895303.34998,336,893978.269661,22,870576.041922,318,870072.959771,319,868174.64964,386,867236.329052,159,850445.18956,177,837247.547768,317,835911.261841,34,saxophone
6722610.745222,119,3663813.99166,178,3544623.089147,60,3261712.875626,237,1970830.369777,296,1486400.163169,236,1460629.617914,120,1302452.365826,297,1276255.779809,179,1224351.712043,238,1047565.722617,118,996720.524732,177,837891.699945,295,759841.268524,415,746066.060687,355,741852.201528,235,730954.882961,414,567027.645031,354,544283.669607,356,531699.363882,413,503590.591711,176,488195.693652,234,482968.415951,239,435037.119535,61,417918.282757,121,400658.852987,294,382881.179566,117,377141.555882,412,372391.96017,353,370411.399301,233,352581.356429,298,260955.885436,474,saxophone
5781550.298034,94,3931962.676469,95,3653049.950106,47,2186060.162937,188,2172326.037183,46,2167924.342043,187,1541262.973545,93,1420208.011082,141,1405189.583118,49,1329538.981575,281,1232595.124128,45,1149857.661412,186,1145111.404915,327,1008188.786935,328,999006.757867,96,988361.13589,189,953134.562666,50,894778.976783,140,809272.898219,421,784793.381105,467,779743.521599,44,633513.473006,282,632575.132209,43,615393.842251,48,572416.049869,139,548363.001045,234,537580.701329,24,535349.847741,326,533590.946556,468,504478.582321,514,446661.535179,185,428381.543621,280,saxophone
5712201.443644,40,4089691.918562,79,3629126.610786,80,2866412.15418,95,2493700.810102,158,2443189.835497,41,1493303.313483,119,1398264.148971,39,1194118.382321,81,1177913.348198,94,1151478.593869,42,947331.936485,78,855015.485829,159,742319.518335,142,732996.996202,43,722868.750205,118,690321.628172,189,679478.703492,77,663113.521265,44,656162.222058,38,609308.821385,82,583686.978034,237,535881.236793,76,514555.128798,197,474294.017762,37,466841.512509,276,462671.188282,198,459826.106062,83,450463.206194,120,448468.375296,45,438055.994404,75,432292.353573,46,trumpet
953918.492798,210,921161.309864,287,919292.031854,769,907464.779698,431,868039.149229,280,865873.402743,527,865066.596948,633,861339.294453,529,848161.254081,218,826862.344663,319,809919.805471,286,807365.783447,283,803813.272,528,801808.884497,687,792022.981969,686,779745.94224,531,778531.534092,322,770698.226423,654,757783.772756,595,756282.889196,655,755035.387309,574,735683.741077,683,734172.047873,665,705610.387046,484,704929.181686,197,704536.060358,575,703976.968809,497,702211.764851,443,702068.468766,236,701389.327422,684,700016.644634,658,694430.105628,496,trumpet
5929495.317566,33,4210992.156333,32,3925233.872754,31,2437905.490008,30,2129894.914916,34,2054524.484665,16,1734865.073774,17,1548634.194603,29,1137737.465336,111,1110344.95795,35,1054449.627938,48,950329.010092,28,807128.208563,36,769577.95118,27,752222.935998,46,742133.57595,47,738010.489354,15,705435.04202,37,691687.474642,63,580391.315554,38,554046.731978,44,525284.087022,26,520196.005251,39,502512.903213,64,473960.56098,14,470287.736884,110,457280.759457,45,454281.915808,40,433934.147424,41,428941.168824,25,397153.483062,252,386667.866709,24,saxophone
4943019.951944,47,4909955.960771,140,3567393.363154,94,3158442.206947,93,2546691.294859,139,2412460.42731,48,1381498.716082,138,1346491.353361,186,1198459.695756,45,1190066.935804,44,1023280.231975,92,998418.816531,141,983488.52535,43,819537.656928,95,741111.911031,49,650178.824553,46,640401.265111,142,636630.847347,42,616570.310656,86,595752.726804,85,585406.245735,84,571208.139168,185,563527.851339,137,560919.723869,143,552886.589122,87,550799.795771,136,515895.415725,91,509618.879752,184,493943.581806,98,486434.552751,135,460684.66489,51,421726.055322,90,trumpet
8723939.554676,50,2769920.998531,49,1698909.413492,48,1399811.308894,51,1211584.694391,196,1187975.341206,47,980827.329036,52,894512.623133,148,854902.563241,99,834531.16452,46,741135.594092,53,735074.047132,147,708443.893522,144,685052.472073,45,644907.506961,54,642956.968002,195,568943.532134,44,552240.438482,192,530452.069599,145,526456.43636,146,511388.326303,55,490774.108194,43,470400.854714,197,468885.352021,294,428832.348078,97,422941.728264,193,410251.987175,42,404201.318136,56,380214.016557,41,348149.337016,57,347132.692786,58,346051.206335,143,saxophone
5281385.460547,112,3500242.086652,113,2491373.222497,85,2379563.668677,196,2200886.922707,84,2025605.442947,28,1735781.958316,111,1421222.520426,223,1337265.282707,195,1233331.190723,54,1228742.250587,29,1222678.282058,55,1098254.697494,53,1031256.662798,83,958165.975923,105,939975.469646,57,933960.775127,127,897490.841118,106,896654.553524,139,890224.384859,80,876173.588358,137,839910.663335,251,833007.435665,104,816716.38137,27,812917.843515,138,782971.227511,126,778289.048921,114,771113.378346,81,736437.153051,52,722749.169741,79,712598.423099,167,708838.175586,131,trumpet
6664554.369862,80,4213168.412966,120,3652423.931237,159,2681449.594223,119,1947333.024766,41,1920516.464175,199,1444020.843532,40,1342664.243221,118,1239065.347073,121,1064176.977752,198,868103.772819,158,781825.310317,117,771438.718634,122,622976.851864,42,597275.811371,39,587205.99924,160,559853.410608,81,529386.701997,123,508362.558031,116,480759.748729,200,398746.50167,197,392668.092306,115,386850.067141,124,372065.891335,43,357528.148955,238,345202.326456,114,335997.016601,125,335675.405818,38,329181.577838,112,311803.224615,196,293435.263128,113,287539.163654,44,trumpet
4203351.128157,48,3580521.155009,94,3392543.073576,141,3295893.672364,47,3137033.226726,95,2667336.418208,140,2482648.748077,142,2361718.468571,49,2001056.675189,93,1428769.551171,96,1191208.23531,143,1064780.205875,139,1005154.97029,42,942471.267635,51,917367.750696,46,895977.259035,188,819651.594668,97,794933.693102,187,714853.782105,50,709315.136364,144,651299.401797,189,617280.863359,91,560653.606728,53,556772.941806,45,514336.843544,41,513034.214074,235,498322.521162,55,490563.167133,98,477832.296884,186,461570.250228,138,447709.208068,44,437179.290889,236,trumpet
5311173.471169,61,4204895.182803,64,2748966.416821,65,2031163.406706,33,1999115.907898,34,1904640.276499,96,1819234.19702,32,1732213.380929,95,1382919.466467,97,1296676.103532,66,1174210.174508,160,1085589.554791,127,1083109.419787,221,1016839.570805,161,919917.513937,63,908579.52901,91,889022.576613,129,884410.084139,191,868150.62121,128,859713.16444,60,818227.405715,31,815660.763783,90,812369.375287,210,758357.530851,192,753025.499553,94,720333.516821,162,682864.082561,222,640150.205971,98,618771.178871,223,594571.01167,158,578140.394077,190,552624.893301,193,trumpet
7110942.766961,54,4597569.686848,28,4386430.493,27,1523450.647441,26,1440744.605449,29,1075218.883662,81,1041497.978722,80,925533.754439,25,873023.117625,30,711792.161751,107,708164.855006,24,657024.199944,31,553337.511743,23,490942.945158,32,456526.039746,213,421275.887915,22,415536.153839,134,386942.817454,33,363294.396167,21,353641.206447,79,331754.086886,133,305018.469675,82,295863.681638,34,291679.012993,16,291103.333232,20,285749.985726,18,274452.639381,35,261050.012504,19,259710.698376,17,254158.293447,160,253926.998737,15,253309.417121,36,saxophone
5588040.715409,84,3358980.066553,83,2818663.764196,85,2648834.691254,42,2627921.085774,43,2151407.01294,106,1908844.716151,167,1697956.680515,63,1606787.599919,146,1502951.721234,22,1368379.211616,82,1209423.75889,144,1112719.576335,125,1067848.771943,208,1064493.08265,169,888118.922722,44,876788.894386,127,732101.245442,81,670967.191167,124,646218.805899,188,638396.291569,207,633433.94734,105,624512.340952,187,603462.66043,29,602680.680875,80,562119.157378,87,519247.001478,147,516788.750191,126,487010.281353,64,482899.33169,21,481444.916361,166,474963.868681,79,trumpet
4061604.892665,187,4001372.243134,47,3918855.564825,95,3822679.354687,48,2911697.559797,186,2251128.306656,188,1894449.435989,234,1779080.603256,139,1652012.643399,49,1595393.209888,233,1197009.674167,185,1095403.417672,46,1038666.518005,235,931069.916184,94,895463.390081,232,858471.653118,282,851401.503813,45,800982.142089,281,779769.585021,50,712783.31273,236,711579.173068,142,652609.801668,140,608582.45954,51,596954.287983,184,561529.343244,328,521749.580137,44,499244.050754,52,472935.961196,231,468901.382053,329,421226.679507,183,378221.774331,43,373356.514774,53,trumpet
5837296.608842,36,4700973.697962,71,2276999.152512,21,1848413.98911,70,1754492.732949,22,1694632.302588,35,1590079.516965,72,1437914.78985,69,1410300.23855,68,1273140.696086,39,1199596.816726,37,912881.222354,374,904892.22655,73,802576.820757,67,799754.240808,20,785857.379701,58,784088.462104,38,779988.099735,376,766762.880936,373,744173.904561,40,728331.476459,375,647645.755699,372,631707.661649,23,622237.588339,52,618105.303682,377,615763.744191,42,592403.771575,19,585972.671634,403,564282.717608,60,561538.052526,57,545216.110237,402,522625.646627,371,saxophone
3015545.053502,11,2747875.68624,14,2139247.460527,15,1745756.412492,70,1620323.366025,71,1527587.721461,13,1115597.124854,72,1056692.038501,69,852754.927101,17,814258.897861,93,740106.281003,73,696218.470123,24,651102.910542,83,619736.465044,105,619477.055869,25,609157.026187,94,605606.019221,67,598942.737191,92,597354.115511,104,594443.249885,66,587461.979798,65,584924.723205,12,581108.773519,82,571873.442765,115,558972.964475,27,537819.981492,26,535584.901469,112,526352.233808,84,512200.07266,114,511016.985941,113,509613.089011,62,507850.956079,109,saxophone
2390657.184081,138,2051704.751537,65,1705322.803821,139,1572832.511802,137,1539784.410424,304,1493670.320127,64,1436733.094058,142,1415664.991195,131,1287326.551103,305,1189449.048559,50,1184273.570319,52,1137759.7755,55,1102537.602968,306,1063482.064281,209,1043885.92408,118,987262.057962,46,956134.122985,61,927326.265031,143,905686.26609,141,890650.331428,51,882139.021006,208,873700.588214,279,870185.493456,153,859052.716783,303,858540.711788,57,855449.983854,53,851167.413881,47,817074.270345,300,805687.588796,82,786297.904152,85,782397.480136,334,781253.607868,36,trumpet
9542005.684515,143,2660902.956066,72,2097071.67861,214,647430.427655,71,587909.22416,285,295776.536989,356,294502.010813,141,280926.77069,117,273835.856511,176,263558.205032,73,260413.20163,118,254793.614168,215,253791.433165,144,243256.155528,59,182603.905161,213,158624.65565,427,142087.851519,76,132864.046255,142,130644.262847,61,128838.356882,74,128640.329472,234,124847.643475,212,117286.385609,175,116909.045205,140,111831.813477,178,106985.162041,286,105274.947905,70,97666.565495,216,97248.296389,75,93122.681653,60,89793.532308,48,88456.216275,145,trumpet
3192124.185354,85,2982440.525265,42,2754035.123142,43,2536549.220651,84,2082785.32861,86,2079930.242243,206,2032046.464362,44,1756280.955812,131,1748588.056984,207,1359508.315677,170,1340307.767627,293,1295839.698739,128,1188986.949703,166,1132347.968662,87,1124154.246855,125,1087833.208079,250,1083583.591156,214,1071283.083052,127,1065713.382675,129,1061369.995661,205,1058237.82758,168,1021854.913951,45,1017302.848388,328,969473.179602,167,964500.865956,37,936226.814278,249,908975.25576,130,818803.458723,329,815087.322662,208,803050.413761,169,786992.650087,72,771539.033115,35,trumpet
8396073.540722,48,3324820.196557,142,2797636.905902,95,1169691.4785,49,988316.249651,143,878604.482309,55,846796.44599,56,843128.801722,46,831835.295809,54,803216.075822,47,756236.868045,45,736295.235147,57,710562.075818,53,684223.028221,44,634025.550768,43,606491.423078,58,541913.508438,93,539234.60323,59,533806.283812,50,520716.235706,52,508787.101013,42,485973.567218,141,484148.165471,283,481774.913244,377,466442.46881,94,454793.804201,60,406349.302203,51,390384.083847,92,365848.062162,61,364754.398849,284,359345.248697,189,339379.286737,144,saxophone
4068844.524568,16,3576632.766386,24,3502621.237087,39,2489802.096928,31,2073354.079067,15,1944969.071894,47,1903091.216505,45,1897330.588193,26,1815607.750252,37,1801625.186956,17,1722077.947823,46,1692688.60529,22,1622313.016751,13,1596991.117563,38,1319000.389555,23,1289494.064577,55,1171818.234419,19,1103577.889177,48,1034592.673211,44,1001379.038301,25,959885.847131,41,934436.745464,62,872989.200088,32,855326.595734,33,839830.0922,20,804448.188744,36,768548.661237,35,741312.201067,30,665182.788274,12,661153.904115,11,601888.377304,29,592010.561079,40,tuba
6527459.696747,38,4567569.042631,39,2642207.015557,41,2141589.632966,37,1846982.401938,75,1768390.361673,42,1760754.996126,40,1480409.539835,36,1437769.660832,43,1158561.572678,113,1112765.961178,44,1049758.75792,76,1006271.738179,112,950483.459551,35,798614.591494,34,780027.390064,45,706872.725262,77,671854.730736,79,663582.690356,33,542858.175095,46,542775.686139,57,503795.069703,32,491234.740905,47,479199.034587,30,471774.485007,31,440691.98374,48,438823.9974,74,431731.332727,29,410314.28717,56,403498.669971,80,394024.426676,78,380799.971592,49,saxophone
6353109.888927,95,4450030.719348,48,2664610.42879,142,2180683.71623,94,1953008.699722,53,1779215.939718,141,1588105.872837,282,1457903.672426,96,1438338.133285,236,1283435.85198,235,1008232.63332,329,967473.698599,234,939597.473302,93,922732.957977,47,821755.388652,157,814869.114857,281,805190.112627,49,803319.851573,189,797654.061439,283,744888.184687,143,672140.881624,97,635823.062542,140,627958.010914,92,600887.909314,328,586484.052374,158,522858.512763,237,511481.912736,54,489681.640154,50,488898.687864,330,484233.568214,98,481712.599301,106,478295.01883,105,trumpet
5980096.81534,61,4602869.146054,120,3790441.756888,60,3536388.951874,180,2348703.38929,121,1651435.071712,62,1287966.388452,59,956017.149349,63,954278.381595,122,933316.998195,119,858665.771893,58,683704.283897,240,631750.396451,118,594792.22968,64,578976.097495,123,557597.149778,65,552814.075534,57,505346.268746,179,457655.795326,124,457172.201997,67,413436.386409,56,405733.997048,239,402383.11079,117,385378.265887,66,361945.658092,55,344544.349228,125,323196.204144,299,316399.727011,54,300936.410027,126,288785.89267,116,280194.690948,127,274041.308783,53,saxophone
6249479.8398,94,4336502.119021,95,3278894.233794,33,2081449.390202,32,2026330.309797,31,1922553.939872,30,1780250.345631,63,1693250.214246,93,1638177.06358,34,1381476.167647,35,1180691.84394,188,979485.47231,64,958901.515947,29,837380.277436,36,753471.81552,96,654647.157048,91,649589.680273,220,636462.596668,282,628704.696747,28,628315.009309,219,580394.469544,27,557916.078489,26,555228.338924,189,546158.881306,37,517712.219832,97,506606.178167,92,472657.596391,25,447238.325508,38,440442.512754,98,433748.058823,24,432528.660208,251,397935.005408,23,saxophone
2696171.14056,17,2672898.629292,22,1965417.550198,14,1929052.60253,21,1673267.433416,33,1653963.373665,27,1553401.620504,15,1520864.930903,37,1516914.492246,36,1480864.359261,35,1457224.012773,13,1453328.895899,24,1452086.864569,23,1324129.204204,12,1307070.430091,26,1198455.814802,18,1187000.042172,32,1062577.481792,28,983559.843473,44,976902.043629,40,944599.147149,63,894314.592947,11,875754.066023,38,865821.362873,16,861443.868545,19,804579.206386,65,781280.760965,29,764793.637132,123,734824.884842,42,673832.13724,46,671788.95121,77,657513.845609,34,trumpet
4378671.478192,20,3172273.100441,11,2878122.74803,15,2873967.416999,35,2416582.606976,17,2250298.643232,19,1891927.206617,40,1866905.419227,12,1785467.602215,32,1741111.944344,13,1699559.626591,43,1575551.065777,65,1464247.065539,47,1463688.615403,44,1430025.540475,16,1402992.604566,27,1381422.056642,53,1341052.483876,18,1309828.180759,14,1309078.235794,25,1244468.023043,34,1163709.313525,50,1153968.854557,57,1149852.389489,73,1144139.442991,21,1114354.045902,49,1092525.638488,38,1071096.430136,61,1022339.207623,54,1020411.122223,22,1012026.070503,67,1005037.422299,31,trumpet
5844170.139467,24,3709910.891544,35,2855764.559007,36,2723360.188092,33,2194858.439447,23,2085798.040138,22,1823416.308785,46,1767892.901463,25,1692294.737279,13,1572187.940845,44,1512466.183549,19,1416831.727246,34,1334468.710211,18,1213684.135448,30,1210336.015775,45,1144211.022668,47,1060461.749265,29,826465.577181,12,823746.254709,58,792079.026383,57,734953.576371,37,679500.287757,27,662730.666974,48,629484.372256,14,609927.771612,11,589979.726682,49,581367.986268,21,539969.960148,60,506592.324572,42,502066.924667,28,425224.972507,40,415389.332983,38,tuba
6831657.35047,38,3526528.894638,43,3033896.506504,39,2846397.422642,75,2216855.080521,42,2060678.642238,83,1508861.779077,125,1493255.816903,126,1291576.637707,40,1225736.860869,41,1201664.281387,37,1154279.112472,113,802926.503982,85,772180.83717,36,665882.694586,48,645254.58985,76,613455.978856,112,593575.605044,86,580067.696225,82,568850.437855,168,555005.50115,77,518472.102078,74,506857.607528,35,489717.059053,167,465950.528959,150,461932.140774,84,439723.83566,114,414145.107261,34,401708.500892,73,353328.078919,124,325270.353645,81,305337.790641,87,trumpet
3423128.696985,14,2941967.89791,15,2759552.973631,25,2743251.36456,27,2343508.012789,44,2090962.076696,18,1838960.557609,34,1750097.664352,11,1727442.476464,40,1693676.609473,38,1671433.406274,30,1586264.36037,39,1393310.662737,22,1344093.91819,13,1305342.568697,23,1301098.523309,31,1248068.268256,24,1183836.900335,19,1132681.922643,21,1128149.936067,49,1042579.847526,48,960195.355676,43,831186.790546,57,828166.281772,28,794273.950833,20,720942.328673,35,701656.812067,26,697600.652566,33,643088.178277,42,635813.639094,52,633885.792638,65,581198.737561,12,tuba
2440955.117421,135,2322294.910755,45,2043362.070461,46,1458568.509899,11,1417738.107952,90,1302350.188982,49,1228264.282779,321,1171099.158662,310,1126314.865425,289,1073605.822156,134,1064527.8832,162,1022010.607971,44,983651.569595,326,952660.591883,295,946791.055019,313,922928.198893,294,909335.839211,325,898455.049715,316,891352.119321,288,890411.055599,331,854527.401808,130,846143.743719,13,798618.888089,278,795747.374744,413,793702.585604,170,780763.589065,120,778864.04771,164,773429.77519,265,771902.885213,195,768603.392678,271,759087.744633,297,757384.02951,305,trumpet
4130787.270967,48,3985413.448563,49,3259154.544879,96,3257448.230834,95,2550585.447644,47,2109858.866483,50,1946056.880177,94,1907878.611947,97,1793497.882712,190,1786696.089216,189,1686064.99823,142,1606368.332278,143,1321179.617773,191,1219651.501724,113,1182744.289342,188,1157744.1876,112,1055057.585203,141,939367.734402,144,798055.887653,192,763194.706173,46,681975.227777,52,641068.944866,45,639053.416833,98,591048.083034,99,573714.783041,237,534184.415444,92,509402.624545,238,507664.913015,93,496533.570669,111,483342.276332,236,452784.325608,187,432837.437214,193,trumpet
3686635.157373,43,3391591.398626,85,2568617.841142,23,2275284.316809,26,2048538.646908,21,1994871.731627,84,1732276.12999,127,1647593.8657,22,1629915.741821,17,1563993.362007,38,1484096.404231,39,1373458.063828,45,1277584.625325,37,1192746.120248,18,1151566.14743,19,1114777.561028,42,1101339.639473,94,985681.328294,12,984297.753263,46,932734.178553,33,907577.028176,30,899504.403239,52,887912.407144,86,885181.040985,69,849414.004028,125,837191.831685,24,833489.643279,28,829637.439473,71,825228.126869,29,813345.037295,75,805841.125926,88,805540.188018,107,trumpet
4337748.002292,16,2801891.545676,18,2661847.900964,17,2394979.286748,15,2389533.344235,19,2161481.849629,20,2089722.674057,21,1924626.634551,31,1820859.911649,22,1815147.64678,33,1761296.118959,39,1746467.720635,25,1691912.150738,41,1671047.604612,24,1557860.024299,30,1419515.447205,37,1376062.806004,14,1229003.793023,23,1162354.88109,38,1151912.79687,42,1027270.113229,28,989936.943554,40,975026.694381,27,894624.866076,13,859318.60782,29,853970.777957,43,814378.807229,34,797908.676187,35,735201.880578,26,662872.343117,48,634597.129589,47,590572.571151,45,tuba
