6808451.744691,142,3649689.033319,141,3125253.529076,71,2804375.651475,73,2673812.792538,212,1806256.813071,282,1733091.654791,74,1507521.600384,211,1207278.268147,72,1003635.185114,283,994149.495525,70,936897.320376,75,926978.539198,143,852985.833963,423,686184.515591,213,581370.183853,422,526237.358686,69,508050.384105,210,506860.864367,352,485481.949327,140,439268.919688,353,437083.395373,284,427641.963866,354,399539.971332,146,389857.652419,144,387983.868005,68,387024.710483,493,382837.998729,78,370548.313577,214,366798.727287,67,349387.19799,280,333613.015639,79,trumpet
7173391.961916,57,4645403.968432,56,3562710.9458,29,1904603.840186,58,1865936.895404,55,1215236.397958,59,1065185.880843,54,856813.608567,140,854241.853225,28,847430.693549,60,762725.464226,53,647036.30008,61,643980.089845,52,547644.067699,30,524941.065965,62,472186.027456,51,468531.306577,63,459601.940867,27,458541.839182,84,421628.618242,279,408336.007805,50,401323.445163,64,379227.717587,112,365390.385216,49,331549.332098,168,330133.144229,65,318906.797185,48,313854.481634,66,306422.998618,224,285984.835904,67,283551.742247,26,273269.203966,47,saxophone
6160516.090496,48,4346878.740021,27,3272388.139835,47,2160203.3935,60,2111388.672678,40,1807549.075043,49,1734999.27349,63,1631000.022273,32,1587498.064925,28,1348123.869727,46,1161871.194755,64,1081933.107567,14,1058360.714059,50,842164.762779,39,779297.08343,29,750263.285325,51,744338.336095,30,691104.898118,33,672078.512179,26,670028.510263,45,650476.739842,95,637099.556686,41,579986.803204,31,534641.843525,62,530194.361488,44,522439.464261,38,515046.129284,52,493521.674039,61,474153.45464,53,454157.498413,119,422126.966285,34,402889.962358,65,piano
8271438.807573,36,3537266.065029,142,2209988.596367,37,1578988.142022,177,1554761.362484,71,1400421.821958,35,1234150.446768,107,1181078.555213,106,1165636.163846,72,1126662.194345,141,1008319.303286,38,780478.293992,34,618801.612124,39,513822.922055,33,501787.610945,40,457286.235539,143,426530.779013,70,422568.223324,41,399521.051753,32,395988.445619,140,392041.980441,108,367345.644779,73,348654.906562,212,326700.226068,31,302351.314341,105,289080.284273,109,280986.427825,30,273176.250314,69,269503.609044,42,259902.568719,43,254313.424963,104,244818.572064,139,trumpet
8202942.621985,13,3035263.562202,11,2934744.554032,30,1473200.577005,14,1203308.023799,12,1166284.764579,20,1078561.719018,23,1054729.225967,21,896090.162641,22,718981.853751,26,701118.761293,17,650771.3992,32,642275.499239,18,534290.828246,15,528663.61294,29,464802.960836,27,459744.956451,38,457285.167667,19,441903.128479,31,428132.840299,36,417009.448616,33,405591.361716,52,390415.643814,34,363079.775536,40,326880.834901,28,308048.57666,51,306991.783703,25,273440.070212,49,268095.872328,39,262664.929278,42,257172.101041,44,242157.915367,35,tuba
4789904.268959,52,4220669.525094,68,4061815.584997,35,3356786.028187,51,2909094.029781,69,1714579.260835,102,1578608.884471,34,1478593.633539,53,1472193.574742,18,1434578.600066,119,1240300.118854,50,1065150.999661,67,949868.099531,70,909380.776087,36,872916.887398,85,864167.033151,54,753717.127646,49,675839.035176,103,669535.712384,66,631344.065784,55,617721.260856,33,615012.705835,48,580385.549217,71,548774.718968,37,520690.896359,86,503056.251375,47,500695.760981,65,448308.916845,56,425966.011077,38,424421.225347,64,413521.902824,101,411189.758239,46,saxophone
7738045.050357,35,3494909.654535,68,2656506.303784,103,2062233.729097,70,2025337.856375,102,1446186.749807,34,1102035.015374,71,1064054.563565,67,976662.455862,204,941444.319453,104,941209.226199,137,883732.821683,170,711512.182168,72,655264.156111,66,632258.876421,272,627479.181249,171,622799.940261,101,565761.062881,73,562456.460023,239,547749.133103,136,517970.70485,374,495316.059694,65,490289.718168,33,483578.179439,172,456186.046703,74,414556.040708,100,410738.272694,341,410450.566749,105,405318.525572,205,399582.596788,64,375756.076999,306,374293.899316,75,saxophone
1945991.90126,147,1942609.247886,45,1891604.09887,140,1812599.257692,16,1621995.471923,59,1613120.92477,47,1517521.108484,56,1472234.512253,139,1409167.220968,178,1398832.16908,126,1370773.142742,39,1358114.55588,53,1272198.453832,54,1205818.754955,113,1185078.34797,46,1182921.041014,17,1152096.144023,117,1142441.791177,50,1141217.881569,141,1123468.67578,146,1091657.916732,41,1037128.562599,286,1021269.398119,131,995144.693621,179,994150.800929,21,988481.32915,52,982627.05546,33,969171.298382,107,964979.099407,14,962308.289291,135,960769.428127,58,938411.527445,63,saxophone
1930789.024035,32,1768895.02247,62,1737004.352751,28,1653402.463554,31,1645912.948939,25,1540447.945434,115,1512436.948003,29,1507741.931183,65,1505836.757282,64,1446815.80614,59,1361408.222771,34,1336318.723465,19,1318538.94935,114,1293262.749861,30,1276719.572005,26,1270978.895926,11,1179954.185483,35,1178008.445993,54,1176329.9723,113,1175245.494037,63,1170326.015323,61,1145291.646637,47,1052016.297543,23,1038355.283038,24,1031972.472794,45,1020550.874778,48,963213.280329,67,960507.630674,66,940846.613264,41,934167.186669,53,930199.892855,17,909026.421129,43,saxophone
5470890.428573,40,2924205.645364,53,2851063.217292,22,2535741.546181,119,2414212.856558,54,2324129.390508,41,2140001.026983,94,1574863.020772,27,1560653.95745,106,1372640.243864,32,1333118.831664,21,1276815.337526,95,1206241.000894,11,1169836.506495,80,1138781.854845,63,1113597.399771,43,1059026.205073,20,1056658.630995,79,939277.326729,55,930197.182915,47,858514.062203,46,844476.126377,36,819269.027129,12,793637.206937,64,726185.74645,42,709600.074973,52,701676.817609,189,622559.958852,23,620320.579098,45,604454.485244,37,582764.145493,93,531134.148412,28,piano
4991502.3075,43,3974289.339056,60,3394775.566921,22,3143658.51457,42,2007476.851465,71,1853495.444784,36,1755095.974911,63,1595432.366645,41,1395687.232948,40,1311165.391056,53,1160763.675729,44,1118608.181316,64,1082430.161052,54,1077442.307701,89,962389.977079,21,921085.431152,30,891599.358793,23,870715.508319,61,824219.33672,62,821011.113249,27,761453.893366,19,718525.338752,84,713997.291698,106,710589.893327,20,690944.006655,31,674885.364767,45,591196.13536,59,574145.685264,85,552805.160334,32,537391.023428,28,527308.198023,39,515581.505902,24,piano
5350421.675317,168,5152109.280727,126,3675730.249667,84,2756203.892712,43,2311045.541306,85,2150550.792441,210,2021600.559687,209,1350423.323318,293,1183448.882248,42,1012155.546244,83,853410.189058,86,789380.278926,167,747049.309688,169,745473.580692,127,738619.098422,208,625065.405978,125,611162.725463,44,582098.849314,252,579731.130251,82,552863.831895,87,541984.182561,211,521339.371806,41,407852.028959,170,402473.998077,207,395262.283352,81,390055.456786,334,382106.81817,88,366138.294619,212,353455.878048,251,352734.28704,166,341595.078433,40,337185.358741,45,trumpet
5291067.59118,111,4445759.238654,166,2946136.015169,56,2798411.832466,110,2675854.115706,165,2124567.192284,158,1943704.057556,112,1545655.338415,167,1435225.563328,105,1169173.931319,113,1144115.249512,57,1002193.200486,55,929750.002522,221,903114.149136,210,893849.429361,168,792641.258317,159,788624.290487,58,771086.220128,114,768892.680759,106,750264.879991,109,733176.926563,104,710374.310843,59,673762.952672,211,652120.836605,53,646499.492222,220,632586.095754,163,617235.097881,157,564044.448344,108,544259.811377,120,502748.039844,169,502371.816412,52,500041.598655,164,trumpet
5980866.039063,60,4341182.378254,30,3754580.568458,59,2052878.269438,148,2047990.1639,206,1804743.306484,31,1658962.751343,61,1650155.270666,147,1477844.476867,177,1400160.760214,58,1200282.015529,118,1150520.945767,89,960740.641074,62,944056.509637,29,862434.375459,57,725823.599249,32,679199.493243,63,675668.117322,207,629168.180405,119,621942.387067,56,557777.543486,28,547915.092151,149,531177.38495,64,484687.237135,55,484295.946291,146,475266.99436,33,458142.38823,205,435548.656245,65,426246.663026,117,406996.311045,27,394959.606831,54,371025.624411,66,saxophone
6361381.656952,40,3531041.929522,48,2642432.726281,47,2474241.947674,41,2082179.357249,63,1987332.643315,43,1955918.477213,80,1724211.778146,64,1691256.814429,39,1425117.660724,79,1169638.589645,38,1134264.169214,24,1005136.097767,49,940727.515158,71,845141.271574,37,786878.894717,42,711889.084609,44,698760.796352,142,683673.446691,50,675698.341859,65,650913.637563,33,637036.119373,23,629113.71946,51,627761.277703,118,619736.514429,78,618759.257159,25,551482.385409,62,531882.214417,126,528185.506375,94,513729.055213,46,510801.635133,35,488259.558128,32,piano
4894561.062252,112,4047530.730648,51,2883608.48431,166,2850161.918812,50,2564980.352768,165,2100847.470332,100,2046536.021892,110,1979467.967192,150,1757350.760189,111,1712443.419555,113,1711324.587151,56,1503705.219402,57,1174540.17658,149,1105543.269855,223,1094667.222993,200,1066475.963077,164,1059452.584228,222,909729.295042,199,891964.47419,168,841926.480453,151,825669.335827,114,786692.706817,49,766975.32577,99,563188.041563,115,547598.737074,167,504129.277163,106,476364.565499,108,473514.141084,201,463932.704709,48,458816.610075,63,430820.828375,116,417420.505331,148,trumpet
7059462.599453,71,5437205.029084,142,1795731.121203,211,1772686.845882,70,1701451.950538,73,1343828.188945,143,1273996.48873,72,1239041.523339,210,1192286.475132,139,1054213.331576,138,1035309.752386,141,883099.553189,75,863127.019563,140,779262.853528,74,593616.337947,69,546987.458397,145,524842.838786,209,485370.252455,213,476716.294246,77,454038.84269,212,451390.027483,136,422634.481829,280,415224.764371,68,385345.421189,66,318730.90576,148,314919.969101,214,310853.696277,67,310641.166485,61,303628.583515,78,293968.322688,63,276097.619965,149,271202.322785,64,trumpet
6374101.782617,49,4220075.027957,50,3295554.378705,48,2852499.771327,97,2144602.040177,98,1787985.340946,96,1482739.234702,146,1476120.049968,145,1138167.838091,51,1015683.766564,52,949028.791245,46,753617.6345,47,725727.777109,148,718649.993243,99,704543.020231,147,687503.160825,100,639538.311961,53,621761.633118,143,612211.881951,95,602248.273033,144,554421.954071,149,551589.846337,94,540158.992884,54,509073.031065,194,493643.612755,40,471206.922319,39,469056.1489,44,451528.408827,101,449481.076223,193,385352.699849,45,379658.065841,142,372289.339929,38,saxophone
1822473.527264,55,1699796.114018,76,1684743.208047,14,1383493.604377,81,1196988.401199,58,1174322.769354,110,1169791.413055,124,1130508.889886,74,1117826.491389,61,1108077.486801,119,1080141.270822,52,1070621.751828,26,1070035.511352,151,1058786.521299,73,1052072.345779,11,1048365.259986,139,1022626.845286,195,958608.148188,75,953209.370877,123,946833.861096,264,937361.898064,54,930512.832985,27,911843.666537,98,900610.240244,59,899396.034139,62,894772.463545,86,884288.511579,12,881072.977286,140,876819.50378,18,876599.087513,42,873779.298616,97,851372.943137,166,tuba
6265861.465762,108,3693601.717918,55,3574624.997413,54,2646388.034621,53,2286860.880808,107,2030327.87717,56,1955778.32234,109,1354973.138158,52,1339639.561651,57,1155919.113651,51,1121200.486968,110,1104527.494265,161,1002779.541957,106,923852.889819,58,744611.492981,50,712719.306186,15,709687.534935,105,660415.385284,59,560519.763135,60,549828.82161,111,535902.213219,49,513187.048698,103,500864.180239,61,500592.227977,214,477331.203935,48,466173.808155,47,453423.532811,162,442240.802513,112,438522.751536,104,422323.197404,101,421876.580668,102,402424.309667,62,trumpet
6090643.31303,111,4958793.975449,56,3449258.108536,112,2196239.382255,113,1795204.482436,110,1587563.515254,166,1541283.211657,57,1381664.100319,167,999033.090384,58,964590.740548,222,918348.810467,100,915687.964594,168,878046.917886,102,858763.101637,107,809394.2147,221,787427.025428,55,760684.244383,101,760372.422124,165,734723.618586,223,678784.664267,106,641210.688896,108,607027.152118,224,587346.694174,120,546259.373415,220,544313.801169,114,520830.105465,116,512234.636245,105,483894.092683,169,444439.103537,104,439682.177306,103,439081.176812,99,427941.351325,276,trumpet
3145843.166247,104,3108259.665191,106,3091090.849727,71,3088161.60444,105,2818034.484096,107,2499597.541453,69,2466946.585004,70,2326159.947539,68,1574779.049782,141,1540163.431594,138,1445117.378309,139,1436742.737968,137,1403898.346904,140,1402797.870978,67,1364372.703411,72,1183687.073609,142,1182587.162092,108,1181376.433169,36,1094945.88987,175,1092623.485426,66,1063434.718355,136,966502.383025,143,962987.722306,135,920244.160888,35,904718.388377,37,896724.380233,174,787388.729361,208,765589.102069,101,721712.075191,65,690434.307096,103,646159.981205,173,645626.453997,38,trumpet
4225493.205719,30,3435677.106216,40,2834836.097088,24,2660508.748792,31,2389033.43209,94,2369979.807964,89,2296229.149035,48,2279768.824389,119,1673654.035578,47,1520831.935626,36,1329778.001334,95,1226186.859951,37,1094331.503408,13,1051555.498806,12,1042108.310968,32,1022319.694567,178,1012480.01343,35,984399.187754,33,983061.351461,106,951723.368117,39,907716.428382,29,897249.744741,117,894815.381956,209,870730.581367,25,867871.72586,118,862236.668175,46,853072.12809,38,826787.05246,188,804254.288449,179,751882.71893,23,702547.121649,90,696953.211974,165,piano
2626673.07151,62,1977624.728253,44,1907594.370042,74,1694988.331087,28,1689013.026059,70,1626350.29852,30,1581502.77057,37,1572916.561757,51,1501857.941855,68,1493852.801941,64,1464480.180128,91,1435867.44106,107,1434304.075422,83,1413024.829505,60,1398665.90894,41,1276940.465565,54,1257980.920278,55,1160354.491877,131,1153886.043658,27,1152421.368581,102,1148561.262585,39,1144047.443417,11,1076596.28674,69,1072926.132883,25,1041547.366093,94,1021583.525068,86,1015442.498466,26,986963.032221,80,980717.167125,87,976099.519236,82,971798.327813,42,956800.655569,76,trumpet
4914201.456563,34,4059439.705848,33,4001136.703014,27,2829399.881695,60,2385560.385443,21,2016647.195335,35,1791216.565941,47,1726421.501324,26,1441149.075555,61,1428851.68894,28,1214944.69482,16,1189949.421988,17,1188457.56866,30,1085385.798638,14,1007955.166585,25,1002350.638787,41,964469.277124,40,862494.8831,15,828290.048024,38,779804.420378,36,772678.937144,29,771880.230167,23,751907.874301,22,736747.964431,19,720777.306696,18,665053.061264,59,664730.227618,37,659750.455016,42,629525.188894,13,600504.128613,73,594470.933882,24,574578.995816,80,tuba
2649111.960459,44,2573714.410421,37,2191970.329578,45,1666354.069575,128,1430900.812242,131,1419732.453851,46,1366151.443179,127,1118519.633293,140,1053536.916731,60,992647.462482,43,962860.343628,143,946921.269401,71,925930.349798,11,864809.718375,129,856130.897317,139,838402.968266,107,836903.17511,83,780127.099773,168,727461.125794,133,704529.336817,102,704191.839059,135,671052.664652,42,660573.598093,51,660252.495293,158,652180.021892,193,636652.542709,166,635882.421817,167,633116.490439,40,630113.835101,80,621644.759093,98,621297.547926,144,618403.362638,170,trumpet
5593034.722059,76,4603465.241592,148,3879848.15419,149,3778058.250377,150,2191640.874332,151,1930381.607756,75,1896696.877811,74,1119201.810648,152,1110694.210876,147,1081717.39719,77,856644.123941,223,749247.832976,73,653199.226378,153,620930.986958,146,590782.592381,222,495021.451521,72,473003.533716,154,469320.218253,145,467585.731397,78,408946.349191,221,385175.789408,224,348240.632797,155,346235.657169,71,340878.841106,225,326281.300262,156,316959.726678,144,294852.193319,142,294695.947167,143,287382.64032,69,286155.873569,70,274529.127097,140,271519.344542,226,trumpet
7447687.163171,71,5238480.178692,70,2809394.675536,140,2524945.734699,141,1159003.294579,142,1020904.190885,69,754251.26396,130,698450.905383,138,689148.401173,139,594955.777461,131,567877.19881,211,516945.610867,72,516552.198493,209,477463.881318,212,415937.694143,68,313924.83934,137,303839.466803,74,294396.636578,144,292014.495149,150,270497.723099,66,254251.005354,75,251075.541149,49,217494.244914,73,209126.874791,65,205530.897261,62,204634.952148,210,202865.405792,61,193990.446001,145,193137.465846,64,171353.321147,63,170077.794821,50,168442.53097,270,trumpet
1585857.503539,32,1329663.576756,29,961737.377344,24,867122.383974,19,799416.009928,36,696167.340856,18,603054.076116,60,584182.938898,33,552503.668721,39,542155.101762,42,509973.819138,59,508828.186526,22,496714.88751,41,476790.696394,30,467281.743538,34,461829.886742,12,447859.348467,48,445967.692308,14,411845.518302,37,363386.733626,47,356233.406154,75,345652.578198,55,341312.580274,49,336332.476205,15,330834.716564,11,324171.649926,16,320379.230647,43,302090.376224,17,301413.89132,57,299685.123853,27,298287.598611,62,298002.317575,64,tuba
4811357.620504,64,4658619.043839,43,3231092.314998,63,2955036.113003,54,2515947.525059,42,2327276.100716,53,1954157.459055,65,1422786.240701,32,1327814.120686,61,1276913.338796,17,1179196.654923,24,1127110.082101,60,1117134.657102,44,1097998.249218,41,985361.615412,66,869132.241778,52,860516.476317,62,785459.617901,47,777392.493281,55,775288.855093,16,755494.836961,59,619642.678395,51,619071.840736,40,598724.32787,67,582625.238622,45,557124.168917,26,542361.951819,39,466722.306834,21,464941.530906,33,449467.868864,49,443776.42521,56,443390.292554,46,piano
6427496.86615,111,5671406.661684,56,3228072.409103,112,1661794.982322,222,1536259.680352,277,1426867.335288,110,1344135.480831,57,1241135.620906,113,1135819.195102,167,830508.419022,55,828219.116494,221,814605.096815,109,788201.465673,166,746978.661624,114,653297.055646,58,630409.592301,108,552377.986979,223,548289.828471,115,498026.559297,54,475980.931337,107,438478.511182,59,432408.661697,116,406517.303972,106,361612.684136,105,356032.364322,117,335500.40795,60,329122.901614,53,319443.624902,224,307040.311486,220,300141.812488,118,297488.99172,104,272359.157277,103,trumpet
4200388.263351,13,3481802.279581,19,3152784.088371,24,3011544.001646,18,2802297.855168,42,2491503.913948,30,2393049.964787,36,2376066.934615,48,2007283.666142,25,1775649.449769,31,1529330.507658,12,1448791.22107,34,1448280.706295,47,1346690.498696,53,1163182.704516,35,1160668.77531,45,1091881.611147,29,857805.697455,23,847491.229111,16,841769.344317,14,820138.567542,20,799120.417836,51,779070.158617,22,766698.185862,37,682976.742489,28,648816.360226,21,601089.252756,52,599520.136863,26,582874.050646,58,548909.270504,43,527462.095953,41,523370.394178,27,tuba
6068124.704007,158,4515803.777638,106,3003196.38996,105,2850082.379086,53,2020127.484138,104,1915897.040561,54,1785262.45631,107,1246030.44796,159,1219446.144354,108,1143450.30635,110,1134669.79971,157,989500.305487,149,953464.574119,111,902913.481365,160,894455.751133,50,890809.460875,150,821104.885267,102,813778.833155,210,753168.82175,109,676213.615453,165,656739.92796,103,642884.106037,148,631147.526609,100,586909.366666,164,554928.611571,166,543094.892708,211,528594.327222,156,449213.904942,112,432986.304278,199,414610.767707,56,413033.272034,57,407172.563051,263,trumpet
6283777.967844,13,3194631.576206,14,2885442.457003,21,2012348.433598,27,1745789.768826,11,1666561.31954,29,1646331.85613,20,1624210.070333,30,1620402.59581,34,1465508.637988,22,1230726.150421,35,1173857.473488,31,1164406.057743,23,1129209.612987,39,1089282.584908,32,1009897.15166,12,1001357.594552,41,854457.714441,38,847766.334295,18,840768.344794,28,833580.116528,17,804372.793624,26,786078.694303,49,750280.595026,24,746748.349473,50,738102.393741,19,727401.806817,40,698231.324247,48,680889.84434,25,632339.982492,16,629119.025642,47,621837.275598,15,tuba
6531073.432463,60,5156487.958891,31,4342470.887465,30,1650449.969681,32,1413927.370732,29,1364022.120851,149,987802.598482,33,922092.479247,61,919101.622977,119,901360.806844,28,730935.334278,59,717890.918778,34,622437.76791,27,575160.506504,148,562321.141836,35,513908.876018,62,498914.502953,90,478384.502585,26,447865.333916,36,385001.979744,25,381554.086348,37,371837.739546,58,349721.993135,24,343616.667018,63,335748.892246,38,296882.826625,39,282586.168533,64,266252.742833,40,254537.591482,150,251122.612576,57,248746.535469,120,244184.514013,23,saxophone
5188558.655994,104,4576794.311401,105,2474042.062362,103,2220113.040559,48,1907361.577788,142,1813486.878976,47,1664474.093625,188,1643126.595025,53,1588068.298086,97,1523421.523617,156,1443599.353452,49,1267998.554793,45,1261421.530629,51,1251839.384114,93,1237083.141809,50,1233392.450504,107,1223501.753221,155,1205740.820927,96,1144718.933075,189,1031868.9109,94,1010950.964715,157,912469.499441,52,801432.500805,95,767279.899226,106,754349.82973,43,746077.015899,98,688731.67674,92,624151.218146,187,600251.410217,113,564004.010742,145,552951.409271,44,496126.831881,207,trumpet
5715528.644727,43,4654952.2179,42,4498285.983395,22,1931901.634844,63,1808051.838494,21,1744357.910014,85,1589247.336308,84,1514230.300955,44,1179211.554879,36,979190.020032,65,858441.687022,86,843939.082695,147,790268.273969,105,772728.357685,23,726266.055613,53,720815.709113,41,716725.918482,64,656418.784233,24,648851.215389,126,636779.51658,106,634713.973658,51,626338.234525,20,616452.912634,34,583953.627232,148,537921.560275,40,530554.732252,18,526446.388833,62,491338.69493,54,478988.148212,125,477070.849561,127,472654.281488,45,470080.021678,52,saxophone
5729663.784539,63,5489221.665287,22,3748834.806947,42,2796791.932743,21,1487193.758923,20,1371741.459678,43,1139877.325383,59,1102559.432098,23,1087604.879252,64,984530.903891,41,884837.640419,62,844724.957837,19,828804.600576,40,793990.037662,84,652088.181622,25,642186.861811,18,625903.815357,60,619369.384443,65,597477.882634,125,590469.210564,24,517941.41295,17,509863.577648,27,494545.243061,66,481641.634079,52,455264.775885,26,433785.1753,16,425904.430488,61,387576.744769,44,357716.115751,15,353762.157422,83,347597.248927,67,338206.108793,39,saxophone
4279437.803715,101,4096898.621746,138,2762973.820294,139,2654970.075623,102,2168787.706871,103,2128695.836795,104,2087672.119828,99,2081481.077077,70,1918587.216866,134,1914554.97966,137,1889385.264299,105,1703164.018535,69,1674867.9053,135,1570131.032235,100,1415032.030882,67,1384760.881789,71,1344795.251392,106,1266742.513427,98,1021362.121993,132,963293.619013,133,872492.276019,72,752662.640173,66,752084.861088,65,751906.594534,131,739728.227764,170,614784.846679,136,604690.079044,63,569405.428447,205,521072.900056,172,511640.655678,68,479905.916805,140,457692.3496,108,trumpet
7343861.425967,89,4008656.659442,90,3085477.045269,266,2917426.955271,178,1806789.782475,88,1546367.572471,91,1166055.435115,177,1146990.873168,87,936152.300087,92,749635.720867,86,733442.571024,93,635863.747954,179,601194.655073,354,577746.221071,94,563075.126498,85,485016.752375,95,464973.208322,84,462477.214226,176,461774.118242,355,427325.936944,265,408050.166919,96,404727.37089,83,373162.287706,180,364262.221905,181,353155.375245,82,336944.922022,97,333048.366933,175,313566.403424,81,294924.788105,98,284586.317489,80,273968.355895,100,266253.218112,267,trumpet
6733506.633723,40,4101140.311272,14,3708778.494964,41,2372540.000897,27,2281469.896015,80,1593691.731054,39,1545217.312098,42,1168471.146834,79,920317.94241,43,909852.067447,38,869766.501733,34,827823.555431,28,752785.775531,37,628221.272729,44,610397.734786,15,599928.2157,45,596630.449861,36,584100.240483,199,578780.035197,81,532586.395463,53,528540.552013,46,507668.862225,35,496856.474937,47,476224.495318,25,469872.894167,78,468362.512893,159,448099.501768,29,418455.550755,119,379558.383924,20,364395.951653,16,355127.177013,24,352638.915752,77,piano
745551.401516,16,712561.473543,14,656686.079219,19,514549.313629,11,464925.855096,13,443833.306613,17,434211.633887,43,429280.467077,20,414039.015452,24,375787.971532,12,366621.174316,93,328599.615512,37,307103.833176,42,280282.076902,29,269985.268086,41,263980.463855,67,252874.424631,23,211383.551468,31,208963.148899,15,199621.381055,30,198489.241973,25,195283.025944,28,194282.904905,21,175662.280223,44,174800.90427,33,162653.35463,106,157345.006855,59,154488.584599,32,153449.735945,56,143514.374056,36,141735.118677,86,139371.44813,50,trumpet
4961073.614119,50,4859357.426156,51,4715222.991605,34,3674921.507155,67,1814361.044949,49,1703484.705405,52,1691312.292383,17,1469835.82865,18,1036672.929013,48,1034432.560325,53,777331.179601,54,697266.627843,47,648396.527072,16,598559.27786,55,549495.163262,83,546083.700223,46,508716.389849,56,445173.112148,45,443197.491769,66,441816.095031,57,429637.846744,33,424846.98715,15,405563.96437,19,402470.030887,84,386737.837513,58,362489.672817,44,347329.358502,59,333092.483259,14,321507.880025,133,320721.478306,60,307800.12315,43,295519.942923,61,saxophone
4938928.63707,17,3593301.92241,50,2771692.412025,49,2477551.773196,18,2477063.784696,41,1905524.276323,33,1854526.938217,58,1745161.357328,42,1685497.917798,35,1438445.638112,15,1326008.820799,51,1273528.652815,24,1271391.249606,25,1259074.13011,43,1142134.69281,40,1066696.394585,16,951167.431057,34,940818.584935,37,889415.191527,32,848431.249655,23,822494.840145,26,821412.34295,30,799254.835199,53,785265.990813,19,776878.229081,46,752930.455559,11,723220.840917,56,716771.506052,27,686641.982813,21,675520.247752,38,672850.578206,54,607580.922591,59,tuba
6174442.494771,30,5507180.699111,31,2462324.917511,60,1911833.793134,40,1764597.042299,32,1756948.973917,29,1517671.692428,20,1330470.447922,61,1258831.651638,41,1207928.611185,21,1045041.188754,28,938625.940224,33,793558.239157,27,717668.358618,26,716841.762802,50,703736.14786,39,689327.231589,62,679924.214361,59,665322.733342,24,663600.585534,34,636016.787064,22,601252.77999,70,587606.704312,49,574632.491087,51,555377.226824,11,548342.746061,25,512386.767247,35,468756.708023,37,468603.395032,23,441835.455555,38,439764.432604,42,432682.820123,71,tuba
9197689.339576,63,2039301.097257,134,1734011.282,187,1321973.288837,249,1166278.743393,125,1019577.2214,124,988642.804472,188,919950.365372,126,875631.252242,186,802212.48783,132,660831.701909,67,627015.263138,129,587992.491651,198,581283.788528,65,499275.825415,130,490939.010137,201,486883.401946,66,471506.525013,248,464554.210111,197,450061.666226,62,436535.316741,185,434671.497127,148,390132.938624,64,363980.620534,127,343037.195641,131,298936.837136,135,297399.189858,223,289447.992327,149,286829.540379,189,285824.419151,150,283965.437119,128,263187.135056,74,trumpet
6144714.497457,20,3491809.098935,40,3120185.132151,36,2311785.642869,34,2262444.662788,18,2152342.6496,41,1907944.585117,21,1703992.99657,11,1357429.218804,19,1264314.380308,37,1245075.531341,38,1025994.312982,39,1008177.785247,23,926886.50846,33,792377.375614,15,763951.707905,13,754085.279502,48,731408.037715,28,726894.049359,22,614780.66358,17,612177.802837,42,603525.105036,31,553667.259786,35,541524.100488,30,506836.709325,14,450338.387496,59,447915.308252,12,411900.299458,16,411371.42869,140,392728.655712,32,391480.980853,60,373992.561544,141,saxophone
1890787.977637,17,1577297.731682,18,1460900.849632,35,1424740.539895,28,1418240.200327,11,1386920.628965,25,1352132.178542,24,1339158.556118,41,1278242.862483,32,1161774.416626,29,1137403.895899,20,1123747.625892,39,1113347.247041,12,1039210.091726,22,1005096.621361,19,869007.210612,226,860734.197641,15,795468.883686,53,793405.37722,31,777117.903515,60,713654.70801,27,711738.305975,368,699601.860427,84,697388.810203,30,675749.951778,23,667163.131701,50,662373.631984,91,637652.722991,26,631854.078433,65,630680.974433,40,619062.644838,74,611416.166936,14,tuba
4077593.89154,38,4043652.646424,75,3740250.13073,111,3638213.590432,112,2924474.310405,110,2120053.014491,76,2052493.576666,113,1802356.123152,149,1692959.43991,74,1442200.417625,109,1413963.52203,148,1383176.892631,73,1351915.672766,37,1263317.748978,39,1190064.035981,147,948174.148418,150,891784.630546,72,730174.306873,146,634249.951497,114,602903.990571,36,572301.09949,223,568484.419839,71,502412.831716,70,487760.743407,107,475995.262021,108,441540.260985,77,441047.518674,186,440610.919587,40,438709.295959,115,435236.293572,69,397375.481122,78,391781.667049,224,trumpet
2025090.642234,11,1863276.733717,26,1780551.82081,25,1465466.303529,32,1330516.218483,12,1242242.920444,14,1241591.554212,22,1174311.677347,41,1150905.228823,23,1100554.010486,20,1005541.009268,34,996348.102871,35,960221.410259,27,909228.727543,15,879397.507151,21,877462.281421,31,854534.29649,13,762377.298472,54,682457.464937,24,678965.723308,36,651007.991617,28,632349.040481,16,587207.816644,18,583505.103324,61,574535.048381,33,564722.686548,57,546326.435719,92,544847.643794,19,530083.866687,71,521693.506151,44,505960.804797,93,446624.204286,69,tuba
5997024.488164,14,3603815.496643,40,3043763.070193,27,1647022.553052,80,1437452.539174,48,1319640.751508,47,1191016.689827,53,1145649.636416,41,1103816.575772,26,1076940.913109,21,1003161.450835,28,977315.718538,64,935325.835897,63,896919.305715,34,834008.877655,32,825430.582191,42,792346.434407,54,773662.959368,79,738622.422634,39,678873.50965,20,631310.415348,12,627864.273645,38,562126.592749,13,549893.313355,15,519116.917442,119,518689.878455,60,488435.937597,29,464455.576979,43,452613.225265,65,448953.831047,33,446362.526742,37,426907.509331,199,piano
6851649.212473,32,3413915.808494,17,3224335.257262,16,2043923.703467,31,1920500.54267,48,1836500.725082,47,1551884.475733,30,1342961.614809,18,1265626.780189,23,1090706.733779,20,1037358.814874,19,956792.660909,49,899128.280653,63,898151.009021,24,784275.23002,35,752121.767629,44,728499.80483,53,715379.45289,33,682960.42153,52,676751.239036,57,672059.327669,13,639847.519204,34,639152.704299,54,630430.301746,27,628025.829636,22,586824.246987,14,583044.532344,61,576403.635776,15,565067.549742,21,552564.932066,58,490884.269073,98,486544.077561,99,tuba
5878671.353338,43,2503421.63993,42,2253919.668296,40,2119660.922947,60,2017725.80925,71,1846696.796887,44,1837310.285536,59,1701638.962736,35,1693717.509314,63,1506782.780602,36,1492574.512436,61,1484261.409776,70,1446214.21726,13,1377464.407726,48,1310918.266755,64,1290006.461102,27,1163672.119959,32,1143503.741493,24,1035179.334353,34,980801.561567,54,979378.206966,72,955954.244383,26,931428.613238,31,914445.004492,30,901789.93004,22,890934.174645,53,822713.256508,85,760931.405568,39,752848.93937,68,728713.345841,84,727468.422404,106,646898.690612,45,piano
6972242.51527,35,4536266.703417,68,4326962.522619,69,2142845.132176,34,1221221.045885,103,1183318.228195,67,1116891.603399,36,1007677.82963,102,939230.222811,70,751716.66005,33,631119.416898,66,549413.125022,71,471199.052797,32,458737.848655,72,416882.283219,65,416702.940857,170,415818.639539,238,401822.426119,339,374955.616817,373,368650.977555,272,362048.482993,64,348777.932804,137,325633.006805,31,319029.234547,136,308562.020034,271,308372.109266,101,298038.679442,340,291453.740255,73,284892.737913,37,277979.364661,30,250539.113773,63,249700.618495,29,saxophone
5713531.148817,40,2988257.30609,41,2705919.195892,80,1565829.305372,24,1518997.375327,79,1325491.945209,39,1161805.966464,48,1092710.976211,17,1074590.993351,32,1056696.056141,42,1045754.745521,63,1032571.616646,38,815432.102532,25,812563.312278,47,740973.682549,64,686736.338193,16,649388.807761,81,603352.050729,43,571451.038912,26,563194.643691,44,560242.501493,37,543087.230529,78,466982.148228,23,457386.510357,46,453617.619993,45,446324.164997,199,423826.508602,36,420484.81958,159,405695.03775,11,382546.429751,82,375855.552961,62,370610.613166,119,piano
8906278.694291,52,2988358.79155,35,2292672.648257,18,1427508.274085,103,1307524.439918,51,1026281.488528,69,771586.857208,120,722176.866884,53,694260.376225,86,679802.929651,34,531477.661762,50,418259.176926,33,417234.422009,70,400351.190858,67,394097.668189,68,358423.947171,54,341270.490233,49,334533.372584,71,332734.124509,188,323693.349796,32,295465.116058,119,291317.88241,187,284176.63078,102,276377.811003,72,275245.629695,31,269018.408607,66,265629.249562,48,255793.20464,104,232343.921861,73,223781.974876,55,196823.064295,75,195411.083211,36,saxophone
7450563.388983,167,2822078.217105,133,2380096.9057,83,2182936.475464,85,1845109.952946,168,1599643.721459,250,1572823.33221,84,1564439.826277,134,1130774.719094,200,1127895.450388,166,1110542.952328,86,1079008.843712,199,1026176.573087,251,918905.428176,82,864024.157632,67,818380.464374,81,804182.984145,68,787288.2272,135,782327.601633,66,749382.840458,87,652536.299419,136,609974.851818,63,591284.015131,88,582392.652159,62,523925.475305,80,519472.87847,125,502643.770737,165,496443.123114,64,494834.26704,70,488998.559943,333,471906.814572,201,451554.30083,89,trumpet
7038998.142411,72,3477041.226839,71,3131261.324136,108,2780668.711446,37,2664065.623092,36,1740079.602441,109,1535660.413881,70,1477012.700899,73,1385737.717548,143,1043614.576919,106,897600.935164,105,827694.023394,107,808928.886189,144,663936.775789,141,613010.998218,142,556830.979312,75,525031.84571,74,496738.02239,76,450507.194421,69,434841.083338,38,412822.419506,110,397828.720967,112,363048.450759,213,362842.668005,111,360358.941289,33,356078.01158,179,349366.933619,35,342217.795963,178,321471.842558,34,311874.381183,39,278662.500305,146,257508.927583,139,trumpet
6413164.415084,106,4290919.029154,158,2557024.112793,159,2473982.308006,105,1912989.797154,111,1688064.900626,54,1602553.765527,156,1583097.83625,57,1390340.108188,56,1287388.535022,210,1198378.687017,157,1131957.757321,112,1097258.879003,53,962446.12339,58,932010.6009,170,890632.058036,160,802854.425075,167,731941.65906,110,701143.169994,162,698864.062089,169,635756.223539,211,630059.062264,166,629923.517273,114,628523.224527,171,564396.357332,161,559873.97537,173,551607.541896,115,538578.958262,172,535787.834329,103,533277.315145,104,513556.002453,102,472686.290394,174,trumpet
6688416.566984,156,3345159.146641,157,3142659.774912,105,3070973.446909,208,2787176.26126,104,2052853.242403,155,1749799.976204,260,1533127.907809,53,1365989.583836,312,1324916.392557,103,877967.437815,209,784389.125321,106,763131.054691,102,712724.824927,207,592817.922429,363,578479.914799,154,553820.998339,107,532676.101672,310,516223.368718,101,438039.950127,52,419333.091872,364,414793.38024,158,399289.933997,159,395921.192384,108,384560.29175,100,366154.277519,153,346468.215369,415,333494.386336,109,324773.325936,259,313728.54635,261,311481.816767,467,305342.750605,99,trumpet
8866077.00757,58,3602335.361876,39,1934101.175823,20,1638104.577456,77,1158364.663358,57,1080123.47706,59,702691.608258,96,631899.597377,56,453762.150653,61,430551.70676,60,399875.53243,55,371063.364525,97,345322.442349,78,333021.96008,306,300858.269034,40,293042.630235,54,280943.297405,153,278211.479429,325,263082.913494,344,260827.24385,287,255270.595109,172,243319.988139,191,237309.508135,53,236246.487664,62,205637.3055,41,202163.334829,192,201360.776068,51,195789.552757,229,194005.640012,134,193514.277001,76,191167.846803,63,187942.935895,52,saxophone
7163083.570162,15,2058082.472643,14,1462926.172694,23,1113159.989672,12,965506.687032,13,965084.647024,19,829178.506796,24,648303.718726,18,629998.187818,17,552834.688162,11,540141.406228,16,489370.690482,22,468789.087885,25,394437.478748,21,394310.54884,27,322257.326484,20,278933.184952,28,190596.530791,31,169194.134275,26,151999.628497,32,133928.631018,42,131771.562964,36,119439.224378,38,118209.479315,50,104692.332058,33,104621.51218,34,104023.251677,54,103621.923334,53,100516.916662,51,100091.518644,35,94077.29541,48,92111.347498,57,trumpet
3385667.385245,64,2960215.552885,65,2714329.539573,66,2576366.481606,59,1824134.110881,58,1750389.791146,71,1741458.010849,63,1693597.425053,62,1365760.882198,42,1358038.757186,69,1249074.135614,60,1130573.661535,47,1109714.031616,57,1059641.755618,53,974386.319147,70,967543.867946,67,957222.922057,39,955574.220472,33,947156.449239,61,911613.927035,270,862947.027975,79,859572.190146,38,851570.727702,24,848704.554841,271,843493.574682,80,825931.553508,206,792981.540722,77,782251.300878,73,766748.311502,36,760980.119126,56,732384.651747,50,729675.13219,207,saxophone
6461728.645872,119,4660349.350018,60,2930409.598225,59,2806531.491761,118,2465328.154353,15,1889166.713859,120,1305472.830488,58,1132818.951816,16,1100409.574122,117,1012334.181445,62,859927.746971,116,774208.185412,121,761497.455603,122,737893.746178,179,683288.571716,57,622011.158926,123,604576.260585,115,557441.855381,56,549114.018375,178,546814.214144,124,519199.792048,114,513908.431385,236,494519.240198,63,463546.713242,64,444850.433834,112,419037.645809,55,402582.008149,101,392352.57712,177,390146.415372,54,389407.357032,113,367061.985962,50,358682.686782,129,trumpet
4422814.444231,25,2689523.48373,13,1669884.145428,84,1380181.932091,29,1228684.473462,44,1213814.427157,22,1195464.174704,47,1180164.031249,57,1179938.510066,37,1162410.506935,42,1150736.714496,52,1079253.587181,87,1062552.374478,74,1053934.34413,86,1053145.100531,48,1003121.131422,43,965892.956492,149,964798.310547,94,962678.368596,12,943245.875618,101,891398.316237,56,864049.453529,102,849333.188353,125,815109.821914,73,796172.983466,41,784878.518531,82,784032.262006,32,777725.280762,20,774822.294738,200,759099.869278,31,756538.849443,53,748508.240045,27,tuba
4305168.776469,13,3797169.927199,12,2996692.840879,32,2714698.982712,48,2340520.953481,24,2113425.481521,35,2068007.942509,71,1759547.081061,47,1593023.923835,36,1368331.849315,11,1311141.525154,25,1254892.77159,34,1187740.661276,26,1058534.83072,141,1038294.486948,27,1032293.358015,176,1009821.959959,40,970613.338323,31,952738.515263,29,950295.874967,23,935366.191473,50,867389.242841,30,864617.785514,63,829235.808973,41,818557.001586,42,810278.929223,118,791199.79509,49,768163.16533,28,702770.196241,106,701733.60846,95,685254.319772,105,671158.078141,130,piano
4896348.8903,17,4774015.939424,23,2657630.733413,34,2648128.443507,27,2384391.612637,18,2251644.119238,45,2072631.496576,33,1816851.25953,28,1470691.379982,51,1390163.63353,19,1262427.719585,32,1180423.844737,22,1109514.180329,40,1089040.156135,49,1056227.069235,20,1041824.524699,48,1025935.984765,24,1012402.853279,50,896489.115825,12,870530.692106,39,823314.085948,16,811995.012755,52,774675.927637,11,759715.656803,43,750645.713884,21,739935.099122,37,679908.614323,56,670834.049597,44,667023.981688,38,664869.152681,35,612367.048979,15,596426.816483,31,tuba
6404364.900626,63,3715514.344963,125,3658543.923929,187,3612588.397292,62,2320680.952215,186,2223277.349007,64,1476763.755852,61,1327902.834521,124,1115865.14622,247,1053733.615514,65,944885.514217,126,817865.398491,66,792980.979078,60,635916.470783,59,537841.600954,67,490997.640261,248,485755.771104,58,481313.321856,68,410047.999703,57,401046.66681,189,352168.021433,69,350485.633002,56,346205.415551,70,307321.489372,55,273425.074132,127,269318.180226,71,251539.937272,188,251362.727659,72,246414.095692,54,233319.777714,249,229044.181495,73,225509.32,53,trumpet
918567.865682,16,786276.358091,13,599131.193032,14,528195.271826,31,411588.700764,17,364765.195074,37,328519.241896,25,313483.393339,36,278597.622049,20,266534.897531,34,264735.656216,53,254969.759083,93,244002.718806,23,235094.063247,19,232318.709748,11,228221.582374,15,222531.142053,18,209593.339814,33,199329.436476,32,195790.51504,57,193985.799951,51,183992.071575,35,178683.458102,12,167198.214984,48,161269.994346,56,157857.404947,52,157356.06896,29,148801.625451,47,141886.280476,62,134751.79246,39,132069.611469,22,131493.34565,60,trumpet
8337592.092842,41,3360997.993728,40,2717267.975037,81,1974439.386976,80,1593682.998997,82,946370.08086,44,846046.241808,50,842114.043449,121,825454.762192,46,825414.390108,79,819083.821269,43,814144.919131,161,664400.428975,162,663821.587266,48,570263.522529,49,504341.383966,45,502487.57766,47,481742.787638,84,475833.467701,42,448398.957439,78,402780.663855,160,401845.291584,39,398711.093813,83,395053.552576,77,381469.838785,38,365192.22492,85,287706.000057,87,273315.681722,36,246243.961733,159,236221.334757,52,232479.169089,86,219264.592927,120,saxophone
5522635.341114,141,4891623.434551,48,3942336.22151,94,2750076.614801,95,2333469.003011,47,1427330.003391,93,1406503.069353,45,1339248.982786,142,1217415.014379,89,1055504.017813,140,1038619.850457,46,986746.195752,143,938971.540351,133,905917.249502,49,791808.644638,96,769185.168286,188,767053.773015,235,672140.672875,90,647379.920689,92,644025.680263,44,639919.890818,144,535004.84406,50,508881.454874,97,499476.814663,236,496012.752645,145,462438.979216,146,440423.062921,51,438855.632818,134,433326.508691,139,389957.314478,135,387509.076232,98,359530.593418,283,trumpet
1414320.073902,11,1119450.861007,32,1111600.497567,41,1071145.748213,31,929427.050017,15,919082.809128,103,911959.741578,16,869048.13367,104,855040.859708,34,850545.562673,218,846946.350866,25,811695.848585,24,810921.442838,18,776852.911805,19,710023.997076,228,703930.654302,390,673620.210452,28,672785.925016,129,672723.865649,128,657061.219685,397,655194.638239,389,654797.397372,37,649296.825638,229,647785.741754,396,645098.789213,217,643533.145213,219,643378.978378,491,626743.007811,401,619501.202141,127,607576.397691,400,605264.553354,413,602360.525378,414,tuba
4459143.691525,75,4324229.504008,38,4123296.814211,76,3398667.687325,39,3061537.137989,74,3059122.393294,37,2486523.248159,77,1587636.829646,40,987599.146968,73,887968.010674,36,825275.544561,78,702955.169492,71,602589.295673,42,585822.951003,34,581286.847373,79,537718.489481,80,522631.713981,72,513322.272183,151,471135.835558,152,460734.575526,41,440931.312949,35,437743.843659,82,413509.59286,43,403636.036455,150,374811.110776,81,352433.174945,189,344193.076875,33,343262.389276,45,338269.903647,188,336800.813308,31,331966.244812,70,320216.041564,83,saxophone
5941183.261726,105,4662788.219386,106,3523138.473735,36,2228748.118995,70,2207033.3024,71,1444891.580616,35,1209189.08345,103,1188350.923072,27,1161048.951943,140,1126520.136892,54,1101223.923443,109,1010673.920947,53,982593.35539,39,979608.354843,38,850662.075664,107,843161.455706,110,832214.64248,26,781495.615837,40,778296.835947,52,771410.047188,125,752638.600602,55,747000.862126,43,617699.261028,51,611671.942827,42,606026.432719,102,574276.759208,104,571869.088963,141,542331.281396,45,500433.297532,24,498634.866535,68,471611.025986,56,466456.817241,28,saxophone
4544746.552788,43,3841679.874314,71,2878236.563365,22,2530237.439089,21,2503789.961205,60,2427712.69537,36,2335577.75369,42,1856542.882607,48,1554023.227971,30,1388680.061633,13,1352009.997315,63,1334013.189022,44,1266276.907546,23,1242138.761337,25,1164880.607187,64,1126685.873265,41,1102777.06159,142,1023791.491024,47,1012558.543396,24,907702.465397,45,882318.282608,84,879377.920665,26,851408.503315,31,822759.997585,20,763805.932085,94,763804.043583,18,758425.075659,46,731721.37016,141,686248.377098,95,631044.23472,40,621444.225907,19,609662.691778,61,piano
5183322.227338,36,2810831.521894,71,2534464.924454,53,1743272.717138,18,1613794.366311,54,1418604.937879,35,1097565.780904,19,1079389.928319,11,945042.046885,70,931788.179172,89,845701.560046,52,704359.366525,106,667165.376682,55,642013.397459,45,641693.711741,37,616800.814067,57,611549.970713,20,586202.587105,62,583159.907875,72,563213.392612,123,538901.613309,13,529666.111342,12,528745.813072,44,491125.699737,159,445462.94912,64,442795.274375,16,432809.162907,34,423202.451972,88,422110.954908,212,387575.958837,74,360748.122166,21,360217.948194,38,piano
7496468.235035,104,3278919.456528,105,2946478.161092,156,2069629.775554,103,1821443.204274,106,1789661.895476,260,1573863.624487,259,1079243.556921,208,949210.003632,133,944311.937568,207,801337.89988,52,771672.269024,102,769082.362297,158,753180.857833,155,725067.706312,157,722595.272752,176,711780.500732,45,596194.812973,363,574555.457512,175,524250.179347,111,521979.664508,100,486642.391874,210,479956.556437,112,457448.156174,261,440573.357871,51,422626.134872,53,420867.065312,109,416613.412742,89,411953.925393,362,396465.428208,108,388714.796938,311,379755.075728,101,trumpet
4413095.777324,42,3793246.320637,126,3181369.300232,84,3077979.373854,43,2938717.613661,125,2530557.728871,83,1744114.925168,124,1540031.145942,85,1450852.693816,40,1327142.272506,39,1250119.637417,76,1233219.020697,75,1212028.502785,122,1171901.061327,121,1089483.81863,77,1074984.226246,123,1062126.856293,127,1009175.195974,113,1007578.862328,81,992382.659752,74,960587.237583,167,925791.343613,38,881357.543762,112,841007.32228,44,822528.38962,114,736201.59605,166,734298.459306,111,692194.656131,37,608039.125171,117,603403.345382,45,592437.701285,73,586080.299345,78,trumpet
3298964.696735,24,2378958.436215,23,2316275.995005,14,2277804.536306,18,1693733.947814,62,1666330.00999,22,1437638.455047,38,1416671.178944,30,1240474.156262,29,1187407.956993,27,1063700.558618,42,1063662.700269,12,925412.284592,16,917089.619056,58,843036.911889,17,825584.839833,26,823371.963437,20,823277.990212,39,819382.842195,48,809529.468453,80,804932.213673,35,801988.88135,13,782095.778226,34,765764.720868,69,761395.393265,63,736516.111942,54,735505.062231,37,715373.778952,33,692604.655009,65,686922.93252,41,683260.266465,57,630839.510233,31,tuba
3571220.272552,20,3426455.620831,11,2431032.226357,19,2117168.555336,22,1892718.877585,13,1735580.177432,45,1492609.098976,21,1351961.802554,27,1257708.515258,16,1203600.156573,15,1155777.62697,12,986211.759672,14,953317.197714,26,803143.75462,17,722441.02333,29,640818.529667,46,605646.765138,44,583892.083471,47,542776.342149,23,520009.300719,28,493034.333679,25,451191.858898,52,446763.079717,24,438024.179247,43,427051.429179,30,426750.556791,40,407881.889859,32,362777.5826,54,342631.514585,36,330559.356014,33,299897.615588,18,278998.235382,39,tuba
7696644.948213,40,4421179.823726,41,1995157.804417,80,1370764.470319,119,1321625.151393,79,1191942.422875,42,1165112.037735,118,1082336.420153,81,1039795.850735,59,950827.646648,120,885375.021377,39,800099.479301,58,788951.230891,46,776736.350192,44,701799.012026,43,586196.623665,50,577887.03926,38,559022.77598,51,550822.304261,78,548126.190579,158,540545.643516,52,533331.31829,48,520252.109414,83,519975.474808,82,505489.634752,47,491493.341899,55,467037.037181,53,465072.190734,63,450574.298485,159,416941.846112,56,411210.092948,61,410742.932211,117,saxophone
5452652.698759,13,3555920.20568,38,3319604.807666,42,2591146.575151,14,2459473.518344,41,2232382.974059,37,2048148.432196,25,1736306.836377,16,1492961.31867,28,1463319.577288,12,1400604.947045,50,1361634.74744,26,1334335.222884,49,1297304.881325,30,1200192.068436,15,1147993.922083,17,1125046.770316,24,1030664.876872,40,904212.831022,43,897607.384648,27,823734.267825,45,794292.077818,39,722803.903249,29,677119.038341,18,665611.150461,47,568679.787161,55,565986.748501,11,524083.35904,19,508828.067523,35,504124.74831,22,499577.888273,51,497400.097428,52,tuba
7158082.96692,57,5213860.094814,56,3208944.63146,29,1844046.50386,58,1372316.145473,55,1215578.31026,84,1015051.113799,85,974364.930511,59,880882.828457,54,818310.707085,112,639981.865739,60,578916.37995,28,576508.189918,53,524169.478056,52,522979.683325,140,512713.574366,61,450831.3844,62,436127.256306,51,370249.990221,195,360289.626735,50,347621.08076,63,338728.219589,278,337119.613083,83,335213.048392,139,305442.40488,64,303811.478371,48,295496.319208,49,281986.876611,111,272754.655372,225,272306.934811,65,255392.835482,47,246172.744062,66,saxophone
5151264.946081,67,5142570.575613,133,4990182.121848,132,2486345.160693,198,2451237.208324,66,2055548.584263,197,1064056.37072,264,928292.188332,134,894782.147538,156,764855.052987,104,703788.313993,131,697959.267429,199,514531.761846,263,478957.963017,394,466335.349197,329,442500.796937,106,430078.953381,461,393582.945178,135,388689.577746,107,387997.609289,123,384018.285947,129,379591.219468,141,373981.229351,188,362799.072754,460,357799.441305,157,348212.441252,128,336956.709923,209,327987.095676,69,327243.394842,260,315619.409567,328,315061.854763,208,297347.093704,105,trumpet
4322142.345214,119,4293339.622987,60,3020142.237,31,2333687.930809,30,2329742.322453,90,2238601.050876,118,2059244.773811,89,1967828.883965,61,1801612.620214,120,1636115.962162,62,1573356.92758,148,1515992.664428,59,1395789.2154,149,1271670.502817,63,1006602.792105,101,996430.367744,100,920442.577985,32,902955.622514,102,902587.313403,133,851190.485173,134,823159.470987,135,755870.862262,128,722330.318675,103,689537.300675,58,688476.832718,136,662118.512454,69,638994.865397,178,634176.093312,34,623684.889579,33,620534.679856,35,607549.667876,117,595681.590406,129,trumpet
6380529.166569,64,3713165.771209,63,3324749.496996,127,3125982.301269,126,2660817.652006,65,1928295.826043,66,1679354.729625,128,1375976.437828,125,1219089.627775,62,831814.210385,180,830868.447208,179,823179.452019,67,816393.81635,61,800477.371191,137,736581.609925,138,657582.166805,191,656500.456141,129,569898.29939,118,565124.371481,68,540096.447338,60,530813.240911,190,506899.004086,124,483918.767526,69,468150.382607,72,457171.824908,123,454704.028235,178,454685.159435,55,403243.602153,59,393680.233383,57,378586.557223,188,372376.760022,136,369296.391419,135,trumpet
5902283.04545,189,4331006.440508,252,4322574.430849,127,2358798.849539,190,1984486.035087,126,1981692.273607,64,1867050.392934,128,1691438.054528,253,1433766.434913,191,1153979.626064,192,1005969.242987,63,1003258.163779,251,841757.092913,65,744936.52421,314,702892.507736,315,598020.757578,129,543117.512289,440,540402.830541,193,448275.273028,187,430274.260774,318,416929.134592,188,415699.74216,186,406458.450541,62,403682.991227,66,386400.906459,194,379626.957133,317,373379.488018,377,356387.873636,130,335000.635272,185,334674.206806,379,317186.479096,195,260333.942854,196,trumpet
6878203.727358,127,5846745.30702,43,2827598.452988,85,2001610.41496,169,1428543.696108,168,1316956.349192,170,1102204.361129,126,1085100.079504,211,702849.629028,128,590651.328698,167,549299.490868,253,522849.644638,171,460395.761139,210,445359.127342,84,416736.926855,125,390860.95422,295,383145.107695,294,382739.098301,172,364086.577098,166,341924.875308,86,339888.527098,44,320544.941916,212,316394.601776,165,306383.556215,252,281570.638708,173,268070.91924,296,267424.820321,42,257747.797564,136,248208.025717,209,215731.605722,293,211911.913874,175,203523.171103,174,trumpet
6303809.54911,41,6237024.44461,40,1684298.100829,80,1632489.556842,42,1518557.382055,120,1304403.283436,119,1286817.791955,38,1252986.340056,159,1230434.485536,39,1149612.266322,160,1120679.681835,81,972976.801461,43,793939.224447,79,690137.025495,36,676167.22238,158,653453.736859,37,630524.761503,121,617639.853914,35,558873.849202,44,498786.414343,59,493142.132127,63,465277.985228,45,450551.551787,64,439916.053589,199,391702.136641,161,365545.417116,33,361291.440834,46,344542.868469,198,325132.792452,78,315208.49174,117,312461.451432,84,310970.100419,57,saxophone
2329605.43938,73,2303706.531411,69,1557820.86361,35,1479983.708851,62,1461482.444842,51,1455466.692687,41,1288890.104781,72,1184831.465741,36,1104006.830294,120,1079864.812229,92,1075096.74614,136,1015092.840012,71,986846.14669,77,980632.907093,135,964672.13857,43,959994.229572,32,917228.097707,76,916294.774913,81,915644.504502,53,909920.982589,88,901564.285733,66,901211.975594,86,887289.228477,33,877502.804665,49,868982.908576,59,859705.627314,143,859456.190093,37,843870.980745,22,839004.189191,99,836465.348208,60,834780.494715,125,819976.617785,144,saxophone
3353054.910998,70,3127022.803794,103,2935025.893314,104,2772263.187111,140,2644463.087022,139,2594533.358762,137,2440695.225486,102,1926451.566992,69,1734954.139617,136,1719051.021658,138,1582851.894214,71,1545294.074932,135,1488168.963035,101,1454837.020348,72,1327075.740107,142,1295231.036948,68,1246475.108319,100,1239143.052465,105,1199345.04167,133,1198374.34386,73,1081564.928337,107,981412.849171,99,907600.242911,35,873991.502592,141,863416.833453,36,833002.657651,66,790985.639181,170,756447.671573,132,751289.806455,74,685890.795011,144,650351.519409,169,639599.725392,63,trumpet
6743815.588425,48,4973220.565597,47,4198738.604687,94,2097163.042731,49,1721230.655027,46,1082957.313826,45,1077111.865208,50,915108.292804,95,765904.154759,44,761712.86457,51,638498.091347,43,548085.749809,52,527311.506042,42,484671.932442,96,475929.850614,93,460137.685544,41,452295.853383,53,398931.863142,40,368931.075078,54,353467.537988,39,331093.851128,141,324969.672748,38,320808.575216,97,314883.504543,55,299073.419144,37,284187.660487,56,283446.642569,92,275992.059297,35,272731.329916,140,271875.29471,36,263758.532517,98,253937.638122,57,saxophone
4810440.034078,132,4075863.709852,106,3585487.636479,185,3423520.878623,27,2782228.099891,133,2478072.833314,159,2117131.273182,158,2036541.781469,80,1343274.563201,184,1283688.44577,28,1264246.549379,131,1064770.955875,54,1004720.350975,134,924088.611663,157,745765.938,53,731401.205168,26,687104.597621,160,649523.279598,79,618306.921517,186,598649.610828,130,575018.784096,135,543603.694717,29,535520.079822,183,507282.005454,105,498410.306972,211,484385.935093,136,436910.179089,156,431064.583794,107,424443.309693,129,403412.854378,25,376945.162133,137,367109.954406,161,trumpet
4542700.112323,121,3236223.160871,190,2947694.117714,138,2719944.384767,35,2664646.220596,173,2394056.20742,139,2306514.586647,104,2127033.426508,156,1664097.774744,36,1603319.896544,207,1559614.085344,122,1436345.922889,155,1357924.793305,18,1322164.053508,87,1254231.757638,137,1160878.064924,140,1151868.024501,157,960427.13804,154,883139.300611,189,874819.789715,120,837087.954635,172,800609.874539,103,785388.592238,34,735652.79905,70,710575.26991,141,653341.545831,158,626671.605953,123,594726.560705,37,593468.241435,241,587243.743341,171,561484.294243,188,556271.216783,52,trumpet
1827812.47406,24,1622077.612318,32,1419707.913287,17,1341792.483926,25,1237815.406045,15,1221349.759802,22,1167210.904595,29,1159651.185007,11,1085315.962985,19,1083205.62138,14,954537.786151,27,953091.442468,26,949208.348788,34,870396.426509,21,867707.63547,41,829163.973203,44,816793.839363,12,793097.215286,33,727560.977921,30,682025.840004,35,656559.686119,37,625746.334945,16,616531.386571,51,611892.61532,31,599690.986857,52,595290.766761,20,564903.115177,55,564877.305809,86,545373.06121,59,530726.45157,40,527060.44512,64,503128.619591,60,tuba
5162654.542526,157,3798023.493886,106,2894263.065642,105,2328374.174953,104,2190077.852379,112,1891948.47452,165,1766318.700748,109,1603229.280533,158,1595138.01982,56,1571035.584549,156,1558044.989953,110,1476181.460131,164,1421379.253776,111,1316206.264006,55,1282667.55976,108,1147165.578097,107,1116548.754021,163,998199.45613,155,987272.023053,113,953413.206435,159,920705.334065,209,875585.535181,57,869066.687495,52,830002.31422,54,752158.826931,115,736722.76572,58,728981.430266,154,712279.378021,167,703466.706479,53,680638.579696,102,667229.475967,160,589916.530812,60,trumpet
5548258.681719,51,5102729.734972,34,5023765.015145,50,1791603.004897,67,1684295.951612,17,1594538.076433,36,1445258.191215,52,1130458.783076,19,1095017.496735,84,1074752.133289,83,940861.156211,18,818906.096828,49,752259.034991,66,649237.015857,16,645546.474003,37,645385.65214,48,618264.325329,20,449958.602587,53,410077.002679,15,399193.508919,47,395942.315855,56,387837.545144,57,377080.500427,82,374912.223721,68,368879.79063,55,353261.151824,133,346571.126535,100,342314.414459,33,333940.37834,54,328643.538082,46,324607.637582,14,322796.404852,21,saxophone
4453505.832281,30,4078816.047989,31,2851239.733419,12,2668203.453488,32,2587876.285891,40,2436786.444133,29,2299574.180365,20,2199106.900856,21,1992826.614327,50,1647770.223756,24,1482030.804075,22,1387772.775567,28,1252719.891686,39,1219285.977887,13,1172887.754437,60,958442.71243,33,952028.945526,51,943866.314625,23,886109.415773,14,876967.900793,17,866901.813075,27,782162.825068,26,763249.906803,19,754244.306079,59,751159.565824,49,656016.825503,34,641770.06995,58,616561.854781,52,601179.153393,25,598126.497871,99,566455.171277,61,523481.449823,37,tuba
7544834.498567,17,2898588.929574,16,2094297.555518,24,2021961.172068,25,1975331.4317,40,1697825.908814,18,1523668.566456,33,1491053.954968,32,1421109.827657,19,1174364.523397,15,1058980.171326,27,905377.146537,23,880018.25418,35,867771.748823,20,836124.358477,41,834481.20729,21,790829.094849,22,684872.857391,14,677692.603066,39,664786.568421,43,652646.618026,11,623044.385152,31,593359.839873,49,570311.461273,48,522378.58709,47,509007.432458,45,493736.094072,53,484720.861489,13,451819.457842,34,426468.872367,38,415051.609392,51,396664.631345,56,tuba
5858915.325776,54,5315432.041017,53,2993494.177755,106,2293062.620588,52,2259221.847861,56,1765027.815722,55,1529009.920557,159,1493478.79611,105,1394280.16888,107,1159722.738495,51,1050183.955909,57,990512.197148,58,934574.221524,108,842536.818509,158,726629.345108,50,712827.525479,157,638271.870295,156,616630.928902,59,542024.991382,60,498073.306836,61,491645.685212,48,487968.15904,49,462107.215594,47,444910.296213,209,425282.730077,65,406016.159803,161,386302.315332,64,383897.767584,109,382334.006404,62,364781.092276,46,362619.225323,63,358168.531376,45,trumpet
9878502.397532,36,1678370.943437,37,1189988.043131,35,717299.875721,38,659160.431479,34,459390.054563,39,441572.189574,33,401694.771361,71,345961.553069,40,342363.205619,32,272769.273281,31,248103.673471,41,232208.198631,30,211512.963177,42,210753.81941,106,204926.726281,29,187284.411168,43,179627.590212,28,162806.234409,27,157660.426713,44,148900.780131,26,139764.899553,45,134844.308706,25,125027.549007,46,124877.454565,24,119564.725376,23,112555.261924,47,108935.590292,22,107641.822196,21,106171.54211,17,101996.482286,48,100038.070046,20,saxophone
5272805.095578,95,3314885.360717,188,3159247.467781,48,3135798.551179,149,3043450.916715,94,1972548.731621,96,1724018.235557,235,1600354.223039,93,1552498.107737,150,1527300.309621,47,1405634.370303,49,1352855.824486,141,1167286.033407,97,1165745.720629,148,1086468.164195,100,998985.644539,189,946401.709927,92,925469.525423,99,898241.404575,198,851651.946571,50,796280.158135,98,729275.782606,187,704172.350347,46,676767.158428,91,632065.970601,199,595021.493882,143,575248.266325,51,529479.678212,142,485125.938033,151,475430.467668,90,471505.48898,101,464531.070181,234,trumpet
4374636.024497,13,3747828.694616,43,3151626.525679,22,2377367.851912,42,2371214.802263,60,2223259.893194,48,1880892.187008,12,1487515.579359,24,1355636.294391,30,1249392.547717,14,1148677.969172,18,1114212.570729,49,1105940.396779,23,1083170.719385,11,1077312.484012,50,1040773.314776,89,1031142.073155,70,1019346.923055,72,1016833.49669,36,1003860.852074,56,970848.621511,57,967154.186997,71,958242.940908,55,947793.857206,19,947443.97104,28,907339.585182,51,893383.723079,29,875703.739193,54,797921.706874,63,796379.743631,27,772275.320051,73,709199.110992,44,piano
5846125.123887,57,3459559.844521,224,3340119.694987,56,3054245.603695,113,2655190.585291,223,2558756.567299,168,1791745.149295,58,1669809.516421,280,1444910.39341,55,1331665.106429,279,1206821.650268,111,1133614.680393,225,1040453.94801,112,989603.901222,222,858938.486434,54,858340.58668,59,707761.486502,167,701517.324109,335,610029.008246,114,568797.936177,53,567875.214821,336,537509.285863,226,524452.56451,60,503937.729182,115,501947.074733,278,496567.547072,109,471197.466064,281,466777.12317,116,447430.401173,52,419550.626276,110,411414.113422,61,373113.781544,169,trumpet
2993378.123102,32,2496445.120951,11,2323389.098333,20,2157938.420242,24,2086734.513486,29,1774489.869469,27,1673305.392274,16,1610432.688893,13,1610065.51584,25,1519315.269553,18,1484843.587799,21,1190012.163346,35,1136020.551591,31,1126119.913171,34,1115405.014244,17,1028950.76604,55,974422.181664,57,887677.053727,47,786792.058584,37,778163.883912,15,707049.58733,56,656352.656124,28,648429.639048,30,632958.092565,23,632562.571855,67,589174.479044,80,570983.98826,70,556543.746504,39,553902.114897,48,548665.057448,68,476304.08439,73,476125.764509,40,tuba
2029024.258851,11,1291570.754632,37,1250598.341309,16,991266.651334,13,977067.428565,39,975104.855929,41,971113.769717,46,869192.181403,30,846809.311895,35,830006.456303,207,829690.137707,75,821048.675065,45,791968.500311,19,791470.409462,43,788715.38535,80,770057.580594,48,697655.244575,15,678512.83132,129,672778.679195,14,668878.563629,36,665481.701673,29,659714.997097,47,626096.274717,212,625402.294627,206,618378.778596,86,598754.28178,122,598596.729426,32,593429.792049,38,591793.632037,44,580147.040005,60,573790.930038,34,573385.093185,220,trumpet
7198601.045387,41,4748093.89186,40,2618180.647633,42,2521470.516085,39,1520620.938696,79,1494623.225409,38,1078909.108539,80,1005751.240021,43,772713.431216,44,746550.285123,45,691435.691825,160,633827.130681,120,597027.925396,36,589431.479501,46,547660.49464,78,495840.595439,37,477828.877445,35,476135.673812,82,455135.103857,48,445638.000495,47,382484.155303,49,376451.396304,32,371127.313718,76,331989.682276,33,318450.862807,50,317051.295492,77,302405.958889,84,292539.143827,121,280356.703202,34,272851.986103,56,260150.505834,53,252812.945872,51,saxophone
3407679.082341,25,2163764.504536,126,2138993.293538,37,2025250.483709,155,1915453.782495,13,1312157.17931,21,1203593.0983,50,1189349.901193,23,1159745.939673,138,1152880.381934,42,1143496.087996,87,1126954.539967,136,1122723.747901,32,1111659.929488,161,1098789.992953,22,1052658.678027,157,1030463.133154,49,1015208.418146,156,966090.618728,41,959366.939918,148,956121.195646,183,917855.133301,84,913278.236442,144,910071.959211,180,883735.092645,28,880978.926115,127,857155.425852,43,855590.894259,176,849598.865506,152,816256.001306,106,802279.107897,120,801707.964468,72,tuba
4620108.151015,48,3603998.790794,46,3591237.410339,45,2811599.16197,89,2426836.97411,49,2120609.587265,133,1980485.429048,94,1744919.96483,93,1528901.53404,134,1452247.718928,95,1444651.601911,47,1404786.617307,131,1386783.422774,88,1239240.303969,132,1207802.13206,142,1155299.685111,140,1150355.333435,91,1114553.764485,188,1113059.909983,136,1101580.730415,87,947892.340729,177,829347.04418,90,813575.782339,187,755569.00969,176,744874.650876,98,610627.583678,135,604279.574082,96,587938.287903,189,574415.044637,50,557947.349372,129,531912.416509,86,523082.636785,44,trumpet
5794132.831677,126,4793991.848291,84,4075035.66443,43,3010297.980682,42,2133539.916459,125,1849225.133546,167,1258649.343858,44,1171731.178194,127,1041483.441269,41,1017820.609553,124,930848.736673,85,845981.504635,168,777692.244898,83,716096.268512,45,665268.671772,40,639199.466038,292,634720.849044,128,522599.722118,46,498753.420275,123,478830.555529,129,438309.716197,39,407158.706601,47,389153.391918,166,386796.908371,122,384501.246906,130,369331.776525,82,351731.827181,169,344629.712999,38,334633.258372,48,326191.045584,86,307836.629185,165,307450.678432,131,trumpet
4836593.107331,40,3167067.432771,11,2581266.156108,41,2391564.781159,53,2243394.478769,22,2219481.071022,12,2116373.531932,54,2006494.368809,21,1871479.104752,119,1829159.32994,42,1674688.601295,63,1338006.849432,106,1288773.366807,39,1265552.593388,32,1109436.494793,27,1034218.897196,23,1026737.986495,20,948508.630003,43,821688.745234,105,786456.999706,104,778245.441971,168,769622.102161,84,762279.191445,159,740023.374373,38,721914.422884,55,709293.644969,146,702703.366627,13,675338.272781,132,658992.378695,120,634538.897438,24,632909.808983,157,620491.407501,44,piano
6229481.386276,54,4291409.190797,52,4166651.637512,51,3030260.736375,55,2677364.722733,53,1913607.13758,50,1387965.753324,107,947880.994141,108,901116.700537,101,779204.90109,152,720785.60937,49,672019.34033,161,594101.293158,160,572172.58713,102,538244.843076,150,533448.733717,43,532102.405029,106,521042.653407,105,430343.379813,151,408400.505652,103,402660.487183,100,402119.188595,57,373211.506417,47,369357.909517,48,303175.281374,40,291702.580176,153,279776.208366,46,270330.978409,162,255327.641825,45,248866.909475,58,247344.463738,59,246386.200053,60,saxophone
7521595.39525,64,2765068.568657,63,2703586.035988,126,2522100.343509,127,2333552.938341,125,2299838.186577,65,1955299.538423,128,1492493.937225,62,1064207.255719,66,1054122.672299,124,989353.917315,190,965991.723282,129,640756.725911,67,578979.002235,61,557510.663034,189,494096.619965,130,470693.546764,191,448624.806502,123,437600.896604,68,411336.910579,60,396753.509449,188,366999.285335,69,366200.963944,131,339665.020703,59,317011.62347,122,314583.415438,253,307146.683145,192,305835.036955,121,299418.523553,70,289218.72136,254,280262.957202,132,259151.858155,71,saxophone
4198480.247131,71,2927398.884938,142,2669953.745979,188,2510005.589233,117,2034262.251841,186,2016806.61579,189,1972080.509308,94,1783054.674453,118,1658219.947025,95,1655234.502058,162,1613041.362407,70,1557817.563606,24,1536246.035309,185,1501581.947202,22,1460977.678485,23,1415358.212018,140,1377818.268659,141,1328471.923332,119,1319077.13586,164,1290541.223806,138,1184506.561778,161,1131223.206577,187,1077164.277454,116,1005207.377385,47,908610.462112,163,870507.518335,184,731379.981893,125,719311.228555,72,697408.521782,139,685958.485381,160,662020.442232,210,632535.958134,208,trumpet
4808107.368249,213,3382831.104028,214,2581774.860773,71,2209005.025685,143,1973232.375168,69,1911266.609765,55,1858968.860013,53,1813276.542908,142,1745642.10104,68,1725891.073076,54,1687614.639304,66,1620577.900281,56,1584218.968723,70,1395747.879895,65,1282602.458166,57,1272862.356588,211,1228038.728675,52,1202108.202758,67,1137205.685903,42,1046911.04799,63,990597.297227,73,915132.787885,62,875496.609274,72,872040.732256,46,825474.683957,51,776188.037584,215,749577.468435,64,735897.949,49,721467.732138,212,710784.385703,283,691551.201381,208,688720.64488,285,saxophone
2380663.825971,58,2203822.69551,32,2192029.729266,27,1585149.151152,14,1450560.326804,13,1262222.519956,45,1188252.604407,15,1054303.616875,31,1032451.053146,57,999610.814778,40,991267.805584,22,984565.473928,29,952358.249438,11,851129.298048,55,777998.364746,24,739017.637635,162,727640.688586,33,708594.996509,38,661374.737318,26,646697.892048,59,626366.30451,18,616860.751934,211,609754.507805,25,600725.084703,81,600505.805618,17,591081.832121,21,587705.115925,79,583252.474814,77,579552.366207,19,577032.280095,34,576124.447947,37,571250.99033,76,tuba
5678627.041534,71,4967920.618597,36,2061213.421918,176,1787211.244558,106,1513689.326723,177,1393766.051731,70,1377717.699179,141,1376091.381161,40,1315005.705952,94,1144997.87362,212,1140430.689281,33,1043549.902544,178,1009322.501866,35,901277.554342,30,851401.783757,29,818645.249497,175,802604.468004,248,769386.040766,28,756958.426354,24,756219.739173,65,747899.526103,64,738570.600475,27,722493.972666,63,712721.882829,89,708710.585026,47,706708.695137,60,699955.524554,72,699656.546474,96,698307.983616,105,672509.245526,118,651329.941257,108,646076.967658,98,piano
6926018.865315,111,3902654.382483,74,3817874.226036,38,2265067.042719,37,2129089.936089,148,1906933.881382,75,1297503.872509,39,1229788.428658,76,1001359.869814,147,893144.908761,110,792866.508419,73,780134.478892,77,688656.919756,149,682159.819828,40,662492.767364,36,616606.50407,221,589790.310371,113,551182.626506,72,525564.149168,78,459218.439994,35,435319.166025,71,415703.854742,109,396518.915102,112,365428.633451,139,338115.53142,79,337407.966292,114,333996.581509,42,332318.939375,41,328130.639825,118,319920.586843,120,316377.622032,34,270888.054847,80,trumpet
4284673.378803,63,3681290.724746,11,3026569.156731,94,2901554.072044,95,2659763.859953,32,2352206.067015,106,2138177.967629,12,1597493.195172,64,1414777.850699,40,1364862.770802,93,1350024.829733,96,1221048.95561,33,1129733.451139,71,1070489.438143,31,1024149.91319,27,1017864.345914,189,909796.150032,36,886902.614802,92,885789.229381,84,873421.109444,126,850804.991062,176,792893.552497,65,779141.403585,104,773040.073883,13,712367.909649,61,694136.646607,53,675954.540497,212,645776.341894,22,636207.368816,34,635062.893425,119,616175.283574,66,612363.737129,97,piano
6948760.149998,54,6129206.279839,53,2808119.45879,27,1186080.911136,106,1184023.466815,28,935304.390194,56,834294.258789,133,805600.630835,132,754137.17016,107,705719.434241,40,656037.813627,52,637188.876301,21,483965.052004,105,405139.957967,51,399194.892653,19,397519.011525,55,394514.239731,23,387016.814816,50,372304.481842,20,353398.758504,29,353010.385192,57,345365.102758,24,324309.065563,159,323187.587839,48,323049.929329,43,319108.929215,59,313831.557463,47,292338.304802,26,276507.212734,37,249658.999979,42,247324.119632,45,239898.497369,38,saxophone
5348469.611259,80,4757592.748908,40,3067535.614708,27,2609544.176011,79,2560309.089022,199,2088187.554318,41,1878912.882255,14,1649437.126229,81,1389574.729867,119,1163303.688125,78,1054739.630534,28,1035692.535014,43,925277.05003,82,898405.494995,77,797641.594191,39,709934.08325,281,690188.204491,83,627267.323045,37,625345.751128,76,619726.959178,26,586982.751749,42,533977.995899,38,527505.888625,47,511129.133844,74,479706.996994,45,471691.738829,75,443831.935069,198,428109.716281,87,422279.827451,44,413507.789248,84,410133.969927,48,408609.47422,200,piano
7140367.231503,135,4839488.879764,68,3473353.309927,134,2174949.60999,201,1435154.997192,136,1130664.445233,69,1049024.383817,133,1045516.384216,67,1030324.499988,137,895288.924481,202,846927.649468,132,846847.770115,203,620073.814196,131,615900.238689,200,559123.408695,138,430600.707205,139,418816.717142,140,415130.348864,70,404634.365481,129,384276.202203,199,356767.620595,65,343821.928525,141,319859.973384,64,313719.591357,142,290644.546781,128,287199.303029,127,263773.982626,143,240796.172216,126,230253.592579,269,222046.468334,144,217042.97475,130,214584.614165,145,trumpet
4201685.177169,16,3488580.678707,23,3363226.74656,30,2522763.969808,14,2480962.776665,15,1997831.11884,36,1834854.733561,22,1762336.118754,32,1570433.238623,13,1468922.556448,20,1464830.850503,49,1441258.679404,25,1437302.932869,12,1379820.385285,42,1348232.074129,21,1280125.313814,18,1247073.843806,19,1218928.794798,28,1217446.031008,35,1165477.297889,48,1112296.391603,34,1002290.399643,37,1001456.684145,31,934288.930144,11,928401.515928,33,895290.302281,29,891558.367989,43,787902.36342,17,778715.481509,50,730563.92987,39,718264.186756,44,662459.714427,53,tuba
2067326.511469,71,2037833.797409,39,1869001.473587,40,1706089.54669,50,1631365.182249,43,1627067.002281,30,1605367.300462,38,1596864.067722,66,1559797.233098,26,1549540.750605,42,1547642.745739,70,1440568.507808,47,1401248.822439,67,1391383.600161,57,1367126.69181,112,1344356.138282,41,1340812.087164,51,1255902.757289,46,1251430.144787,52,1246594.870746,28,1180168.200989,33,1170752.600797,48,1160602.093364,72,1109647.685992,21,1107684.9579,69,1037295.481351,186,1005167.097839,56,977381.244759,37,965171.632813,109,916091.865165,58,912197.958324,96,900935.49358,111,tuba
3558257.583948,24,3422251.900676,41,2873553.930053,12,2851837.019299,14,2531937.83311,23,2498200.82624,25,2450139.716788,15,2373959.022586,42,2339421.53681,39,2284053.257896,40,1719688.080038,28,1615984.528077,13,1527441.055812,36,1290857.689899,16,1188532.134826,17,1158474.466793,43,1132201.355206,37,1096357.710773,31,1035372.348634,55,1011723.046619,30,997333.822937,11,973500.516935,54,935610.771255,26,882861.69064,27,734493.186978,56,733732.444662,38,678149.283767,53,647468.308887,44,579559.897862,29,574881.182959,60,499204.881078,58,498675.392848,52,tuba
4006321.888294,19,3787995.029309,13,2957484.506868,25,2507026.638378,26,2486204.502059,31,2480983.590223,32,2327384.359985,21,1946079.727767,18,1695867.945605,33,1670389.388453,27,1597235.685569,50,1553646.433787,20,1544475.270388,24,1543023.765469,14,1509288.846947,38,1463440.73545,30,1402482.634397,45,1202173.82551,44,1174178.237905,49,1057591.77781,34,1003956.014558,37,1001270.681069,43,924715.290078,40,900029.622377,15,787763.805949,22,767549.169195,28,751086.963478,12,730266.249106,52,705886.591628,48,689440.791907,39,686141.404211,16,672915.652424,23,tuba
6164259.465891,33,5452964.244314,32,3646056.599917,64,2415340.741648,31,1891513.59306,96,1360714.211927,159,1136327.543887,34,1117101.918747,95,1053457.550457,127,1018536.406552,65,930757.324879,128,928914.009612,62,708484.755155,158,657800.100274,30,576346.956328,67,462033.75353,129,455632.606157,94,451558.570008,61,444757.079663,126,432309.348246,157,424785.431791,68,372062.167097,37,369696.670074,36,359388.734288,27,351743.092087,63,348028.809033,222,324776.422008,253,320827.672684,160,320483.758686,66,319202.206607,93,279120.032381,252,269460.381739,28,saxophone
4506407.910011,110,4031022.241547,137,2910430.333968,83,2646787.196502,56,2583443.340079,55,2501904.097691,138,2481663.651179,28,2183905.289506,111,1647442.226528,29,1470796.166275,82,1131477.921405,108,1097693.606068,109,1093914.234636,135,1055520.9911,165,1055056.178195,52,891834.223129,164,874323.615467,51,872693.476521,53,818350.532549,106,748405.877749,81,720553.619118,132,683929.385491,50,674055.646239,139,672706.99033,134,667918.808202,105,619687.968862,133,612143.754025,123,606523.914418,124,583406.601185,101,548517.536725,128,542681.83974,27,534055.937126,192,trumpet
4725598.768894,40,3490085.225204,30,3175663.571567,48,3077520.336738,119,2419749.230122,31,2212264.656626,47,2138901.965726,71,1488133.640641,60,1459964.026193,41,1332073.711859,24,1265932.441803,118,1219472.366748,32,1170155.350793,94,1053697.322995,49,1033794.003085,46,1008240.641386,18,993977.530018,35,981973.061257,189,959297.414691,141,940023.598348,80,929068.21624,13,918748.822528,45,918644.013664,89,828640.448567,117,731057.076634,79,691420.678423,33,677074.739906,12,667792.147202,29,639463.377692,95,638459.390317,50,631307.719021,53,618983.367742,165,piano
4863822.154137,40,2903782.141241,48,2563860.750815,25,2450044.410375,71,2281013.210635,89,2265900.03532,60,2101874.390428,142,1933015.214836,26,1718634.220634,41,1568613.672059,21,1431857.265619,16,1380623.17827,94,1289518.118972,95,1273901.003828,24,1237355.933819,39,1183270.625196,35,1132737.609751,47,1106299.142961,118,1056463.239998,141,1008968.751996,209,1005511.270684,80,993924.853821,165,937713.740682,59,891476.883656,90,880288.752936,50,854866.651741,70,849483.277152,49,806144.082524,30,776448.202502,11,770456.085991,31,752396.984529,61,740866.483835,20,piano
7867295.583524,65,4557369.128838,64,1890472.313805,86,1887406.497558,66,1298180.684375,63,1251532.05266,107,1240350.359437,43,1218211.040354,44,1118195.180269,22,914095.983486,67,830072.764201,62,702694.830555,68,586689.659357,61,515227.039114,45,481427.908828,60,463179.61523,69,429886.947952,70,406159.539799,108,404806.112922,59,404057.842045,106,386326.128536,58,359524.56485,71,350314.826972,23,329780.602582,57,319241.410411,72,315133.238328,42,308883.763277,277,306054.890077,46,305835.337519,56,265072.985003,47,259030.249204,55,257219.056173,73,saxophone
4377336.612574,53,3464876.454997,22,3166968.889742,48,2736386.090798,54,2367289.66953,47,2328722.865067,189,1915089.896924,27,1688005.008216,40,1555311.188811,52,1285257.607059,43,1269813.856456,55,1256607.558696,21,1119612.748945,95,1111019.521525,159,1021053.332252,105,1012070.835004,49,976657.829391,106,913582.247273,71,903230.160347,80,881585.085648,41,866986.916259,36,865508.920706,25,862335.124105,141,826627.045979,57,819864.543916,42,795823.957075,51,794054.208041,79,733893.873074,45,698691.654014,126,693247.806848,142,658548.519041,84,650597.822026,56,piano
4883053.151204,17,4798974.443753,18,4306604.659302,67,2912160.220422,50,2261283.839008,51,1674507.210217,19,1497748.455385,16,1496330.891586,83,1284710.166474,133,1197652.575337,34,1107769.420632,84,1004427.939665,66,912211.898237,49,896009.593319,15,817693.12035,20,809579.821726,53,799114.511362,52,658892.737545,21,643837.207443,116,642917.657037,14,593680.819065,36,583734.551836,54,510024.682915,48,489096.251365,13,486047.45854,41,480570.095738,35,476924.359716,27,444342.080179,23,433867.38841,24,432969.623496,68,426604.734094,22,424588.627897,117,saxophone
5939160.456047,36,5599802.994955,35,3284508.743387,70,1903387.766869,69,1850542.508218,68,1615153.686186,102,1401304.199359,103,1344820.846714,71,1188141.502906,72,1146448.327883,137,894899.754096,34,876541.859665,105,826801.59445,104,815501.989558,37,810837.579003,106,782415.2041,73,657121.575819,101,628695.149963,136,547837.976216,67,531446.237327,38,498908.262833,172,465258.455104,33,445192.574314,100,414964.354587,170,413859.191434,138,411528.622382,32,402844.772118,74,389145.352036,139,337715.414393,99,337130.644297,204,313182.757491,171,311016.650134,66,saxophone
5180745.744868,111,4927504.879598,112,4451064.207069,167,3566883.940682,56,1676918.909417,110,1567058.478301,166,1459203.602542,57,1348709.202623,113,1211894.723977,158,881934.079233,114,837148.798612,165,781256.920783,109,778733.823357,106,764932.730279,54,762244.933008,105,726954.32046,168,642171.400284,55,605069.883245,157,594318.923729,108,592943.85612,107,571064.178022,222,536070.271419,116,501129.960658,115,467542.156152,118,461593.392568,159,415650.734461,103,409953.014094,119,383642.790147,120,357836.832473,169,327398.263194,210,326018.028482,164,316087.956086,59,trumpet
7569689.388512,57,4752810.751186,58,2270336.549308,56,2023967.947004,59,2020851.980964,114,1306611.481079,55,1270273.775873,60,907768.132439,54,875154.116231,61,762604.309118,170,696583.895437,53,639753.871188,62,558625.648957,52,553297.784039,63,524153.623284,227,493846.363621,64,470817.690839,51,428176.385362,65,406372.059578,50,380946.611606,66,372146.2829,113,356319.172247,49,343763.657612,67,343679.559089,171,315703.581595,48,311569.296331,68,301633.680298,283,287002.753952,69,282730.580272,47,265249.039237,70,256009.389632,46,250453.157303,226,saxophone
5770529.569816,45,3838286.819126,133,3106061.687251,134,2838422.548075,89,2077594.80578,135,2076828.723716,46,2069935.400829,90,2052247.23041,91,1738971.815108,47,1500622.929457,132,1349073.703845,136,1004924.900253,131,852429.346052,137,767131.304931,44,766792.879287,93,709941.542951,177,672663.83573,88,671487.549114,130,622549.532656,178,621005.471935,126,609079.476285,129,600979.944371,92,584923.057408,222,579949.716313,84,550645.908336,48,545898.77065,221,516880.379841,224,500278.219712,128,481461.135338,86,470011.447606,127,465636.136686,49,461690.337382,180,trumpet
9168469.117633,133,3486682.127059,199,1420807.284335,67,1134568.484586,134,936461.696578,200,886094.03666,265,664808.103573,149,608002.099299,132,558212.302072,68,529746.93568,131,358887.011432,75,340518.921307,136,337706.203136,150,334745.819126,198,319594.379212,135,273007.449113,202,267337.949901,148,248968.975688,130,241403.020478,331,222724.699596,201,213711.461496,127,206479.412319,264,192318.465333,203,184093.885169,223,178405.508871,138,172582.957928,197,170260.604261,263,169351.30739,69,157626.504216,196,157454.707201,76,150585.164712,74,147276.801136,141,trumpet
5084997.044518,53,3556542.976791,106,3132485.844117,54,2784696.943054,48,2445134.486877,47,2236468.492161,71,2099316.535496,40,1602976.999199,35,1173380.896065,80,1144052.653005,94,1033920.726156,31,1028543.831748,79,1015139.242929,41,987536.707573,36,949821.833614,30,910712.307212,176,866372.940372,51,835226.919766,212,797974.876655,178,791917.155626,24,790191.801107,50,787564.891245,95,784590.266606,34,782468.21284,46,776767.572065,56,767618.459668,52,736132.902485,59,719879.771299,89,697126.403545,159,693770.85148,57,681121.683167,13,676772.231531,37,piano
10055448.798476,80,1390750.576519,159,620662.342599,81,519908.74333,79,327023.407313,238,322769.490635,82,306677.183142,78,217761.641347,317,200023.198167,83,185955.831894,160,182305.39339,77,161096.759399,84,154327.229925,76,140490.587403,158,120494.671767,85,114425.681609,75,97890.078408,74,94917.07436,86,94511.504562,161,92021.814404,87,90197.949668,157,85721.481445,73,76144.927406,88,72989.623391,72,72137.72849,396,70706.237153,239,70307.129238,318,65406.560727,156,64905.419312,71,63863.18927,89,62077.478561,90,58633.940135,70,saxophone
5434251.084148,110,4823285.337874,56,4170008.320227,165,3423100.727248,111,2057646.945431,166,1721111.585261,112,1600949.682371,164,1089856.758458,167,1037443.215057,109,956614.87359,113,858252.678001,220,811076.733269,55,808749.177888,163,769303.122209,107,728639.133157,162,700661.319681,57,671961.672963,106,636192.55491,168,612543.000401,157,528349.367682,170,478449.979575,108,469787.778185,158,445467.064085,114,438410.369642,54,425128.57963,104,423095.883252,119,422540.088724,105,378632.829453,159,335957.109135,221,334249.021404,117,324470.526849,219,313288.513643,59,trumpet
8629456.626416,80,4000072.007783,81,1960143.211078,79,1554671.67926,82,1125534.670292,78,974440.59563,83,766410.556083,77,744181.692838,160,718666.979729,84,611924.660347,76,565747.328902,85,495300.62653,159,483308.910913,75,459518.725706,86,411767.40082,74,386388.208067,87,357395.083097,73,342285.33443,88,313683.338947,72,302776.258672,89,280863.665293,71,272529.840921,90,255339.300441,70,247518.839152,91,243047.639167,161,232208.634925,69,225549.28641,92,213363.329336,68,207193.57284,93,197663.927098,67,191497.167937,94,183640.472899,66,saxophone
1295798.954178,35,1050814.52483,16,1001672.177158,12,800340.738534,14,726550.136276,30,713768.914658,29,682298.725216,36,621611.852254,31,584443.179333,13,570997.628281,11,556273.283641,15,518415.159315,39,472977.883247,19,432916.00474,34,425466.852497,26,414910.28377,17,410887.470571,41,372664.271209,42,370307.729465,58,349694.833979,27,348963.855176,57,326437.158134,37,326134.855863,38,317476.625082,65,314447.273233,66,307222.12317,23,297546.947712,93,294410.604924,62,293032.984872,68,290049.685861,43,284649.946961,50,280100.737045,40,trumpet
2412621.43559,21,1950913.633713,37,1646588.611831,19,1245372.158767,63,1205880.26423,13,1200072.191876,45,1147893.782641,22,1118498.991241,64,1074992.315269,11,1070725.818205,16,1060696.519864,20,1060583.278746,18,1051659.529846,72,1032538.416729,14,1001679.986955,81,999921.799904,56,986717.157375,107,971223.15678,17,944605.914415,42,915828.682789,44,880873.68789,241,878793.04865,152,865167.152303,35,862667.282136,27,840094.52946,159,819220.183522,166,816414.397438,23,800402.340999,51,780782.95497,36,765295.152803,61,754331.134304,33,747000.053401,94,saxophone
4552841.293398,25,2785959.270798,13,1813594.037263,23,1722243.498808,37,1658023.718724,34,1372919.701429,21,1297232.575827,29,1247566.851865,92,1231908.766031,28,1192964.657971,27,1084039.826854,40,1036571.538805,41,972628.294533,45,943404.397967,106,938482.153203,94,919489.705299,20,912782.385251,163,889056.239176,82,877348.910098,84,874278.144667,48,870480.643608,38,857735.474,100,845924.116488,97,845550.948771,98,828421.10768,33,827850.7864,120,818496.741752,51,797095.860062,73,796045.462472,67,794613.838201,59,783842.847026,35,777072.776781,108,tuba
6596419.724527,56,4369683.02049,57,4153027.484993,29,1908771.151736,55,1835059.152119,58,1640778.122607,140,1128699.164538,28,1046302.020702,139,974408.026466,59,870711.895927,30,795499.566559,54,786853.109966,53,664160.594687,60,656149.748643,195,596638.840785,84,580168.821848,31,540003.861682,61,539242.860753,27,536029.824575,52,526861.045879,251,491856.943174,167,480668.491705,51,455577.962195,279,418980.890123,63,405146.717197,50,403108.5117,83,397415.346774,138,395943.373978,26,391573.624636,62,383632.606587,168,372816.345634,110,367748.968745,222,saxophone
1787750.835111,193,1735772.990634,191,1720730.139914,192,1680744.9556,194,1660541.57685,190,1582998.269497,195,1507355.678605,189,1442826.316508,196,1338832.102138,188,1251641.064625,197,1080660.814619,187,1029689.955796,198,1016367.64015,237,1008651.506275,236,999908.690164,235,998882.592851,239,990841.759256,234,986022.289242,238,966474.795093,240,965637.335987,175,963638.594817,176,939575.209234,177,938766.5271,233,915121.665967,241,893636.51335,174,887206.348513,267,877174.69525,268,876564.309383,242,873673.049461,186,864661.902851,199,853949.768107,243,852046.388721,266,tuba
5965631.480006,30,5650193.993877,31,2400970.601771,29,2143536.395946,21,1952979.052618,32,1711338.67014,40,1700211.073394,20,1346082.705813,28,1233058.591813,33,1179388.765248,50,1026183.643626,41,979205.210616,27,887801.767006,34,851435.076389,22,794503.911475,26,729025.201005,60,712579.367842,49,697785.441842,19,679287.620497,35,651116.911052,25,642042.967049,39,637127.147868,51,625937.56044,24,617908.921574,37,604953.46323,36,563511.765262,23,531025.578393,11,480591.204828,59,437802.605514,38,381929.865084,61,380046.359432,18,354409.628906,17,tuba
5926318.448605,13,4140870.937236,19,4050527.617522,20,3575494.507793,30,2200454.094454,31,2122484.514551,11,1817660.036809,12,1198544.06922,21,1155601.550661,17,1005885.780088,29,997974.669379,27,945680.17691,18,823024.324338,16,742092.434413,15,719886.434757,22,620104.881515,25,578346.11962,40,578156.125503,32,489875.866944,24,454079.194347,23,436317.735451,34,428299.492148,37,421858.46862,49,327407.855418,28,302040.547465,44,278153.02387,43,266740.940807,47,251365.656058,26,237552.063656,52,229963.210219,60,217437.473111,46,199673.788135,50,tuba
6839152.259694,22,3615928.627123,64,3519467.285051,63,2624394.26295,43,2466110.107907,42,1776353.901643,21,1189063.739855,44,1128564.84564,23,985337.051897,84,818664.575518,18,806870.680773,45,796787.072451,85,749732.981373,54,731341.24066,105,713795.932791,147,711929.910635,40,660862.258365,37,653500.425091,24,578011.50977,36,568182.511552,66,543815.347019,62,526854.303518,61,518782.390976,46,510082.001489,20,496970.00477,126,496962.581329,65,491684.044215,67,485304.472178,41,448567.205744,17,447140.51545,146,427652.783616,19,425028.410533,39,saxophone
5198834.557842,104,4488711.104448,105,3002817.530765,103,2459947.120423,89,2372891.041621,88,2097352.188479,156,1872719.07991,53,1438425.461943,45,1396067.866688,155,1305975.796546,157,1289511.523811,52,1004327.373437,107,956187.55889,46,934534.577228,130,921775.266889,133,902589.744803,106,896077.748902,113,869777.440855,176,806039.842164,260,761445.529724,175,739408.117118,44,701619.415137,54,693565.957972,132,673642.308477,112,661547.378395,131,646060.099937,134,640001.453202,97,620732.950969,177,588815.012467,101,587299.508632,261,578331.266427,55,549781.112223,108,trumpet
6396454.695408,126,4210168.536887,63,3069182.885171,64,2780741.167093,125,2460288.324336,127,1822106.003518,62,1602689.259846,188,1439884.193341,65,1132361.495023,124,1109003.654164,189,1029874.834448,128,976007.520837,251,940037.628617,61,891027.407149,66,796802.444696,123,648732.405557,60,639392.163577,67,629917.182425,129,547704.407602,190,545767.955918,68,530329.020137,252,512453.464065,122,479566.676891,59,462976.805394,250,436994.781952,69,436184.311479,121,425502.330234,130,414858.490187,70,380607.703473,58,356605.914785,131,356542.894094,120,348509.344199,57,saxophone
6387351.669976,64,4983532.201288,63,4544304.390999,126,2044828.048294,65,1826300.218877,62,1144810.845247,61,1110823.309154,66,1080639.714129,127,809793.721021,60,807098.213444,67,787626.489337,125,677206.077482,59,587972.214051,68,544298.732878,58,523798.107818,128,459198.539353,57,449138.512775,69,412581.724134,56,364159.545473,55,356780.233246,70,352523.977861,71,347786.735088,54,343403.371836,124,326648.976118,51,322018.416318,129,312851.593967,53,310825.218293,72,290177.979822,52,278573.716079,73,256616.090014,50,244301.700418,74,241344.864511,49,saxophone
6471921.114412,133,4096539.139205,68,3671112.853137,67,3389371.087698,199,1903212.010343,135,1896641.605401,134,1587227.216264,132,1265082.539858,136,1254218.752144,201,901082.887665,66,828902.03926,137,825917.058624,200,747517.342647,131,567251.977573,130,520946.012308,69,520420.816589,138,479008.774486,129,467663.354606,65,428352.565817,70,409658.821347,139,373814.468521,140,373421.958136,203,355812.135855,202,339270.315603,141,325930.51494,127,317182.601659,128,307396.330929,142,283816.372349,126,280617.816147,64,277122.166125,143,270042.822865,63,267168.387111,204,trumpet
4578043.271211,59,3582803.942874,29,3364628.132405,60,2930777.512997,36,2779272.423361,30,2458869.298081,37,2435173.26318,28,2312499.920217,35,1727364.687999,38,1270343.641556,31,1171764.468466,54,1159375.939861,34,1149280.22645,206,1134155.248069,55,1006274.527551,39,1006228.658123,57,933479.059009,177,836764.960961,61,791831.454741,176,779978.095159,205,709429.096404,41,708989.74266,27,676959.855017,26,658286.339066,33,641267.08647,207,641245.81612,40,604893.172987,106,562660.732305,118,535119.606808,32,525339.059508,62,511718.15518,105,504168.842942,148,saxophone
4364236.712396,18,4076672.520061,89,3696381.097743,19,3037532.570847,106,2958109.319835,88,2277264.317208,71,2036860.405072,36,1860508.483693,123,1758651.696493,35,1633993.824721,70,1507599.104628,17,1306638.176023,87,1250248.946857,20,1167839.456196,124,1003761.573734,72,890972.54076,16,858340.467914,54,822911.42564,53,728451.978604,21,672074.441584,15,620600.862541,86,592522.214906,122,556887.335591,14,544490.111496,228,529832.58452,69,509323.778958,22,485032.309488,13,470505.683847,141,456080.94129,210,447764.865585,107,445394.004893,125,407986.96788,12,saxophone
3509301.735819,30,3361829.986617,24,2734048.46243,48,2669579.845692,47,2519641.830861,40,2341887.414296,89,2171188.467173,31,2072958.983662,94,1824833.105216,13,1581264.6115,36,1408862.662404,25,1308686.282967,23,1279351.309033,118,1258991.451916,60,1234203.62625,176,1228743.357442,12,1224983.216711,117,1170510.587556,46,1013390.108965,119,993872.814816,178,986284.863555,19,958872.220576,35,873116.638067,79,843710.468543,175,842043.970937,80,832740.307247,22,830474.418739,49,828247.546374,37,822181.474099,18,821101.652246,120,817680.74679,106,797125.500723,45,piano
2346048.156455,24,2316326.847941,32,1942692.559567,25,1289422.807294,18,1210680.036381,23,1115492.08232,275,1068170.75937,17,1042427.777354,39,1012653.857152,242,1008824.718181,20,981706.970284,284,974178.260766,27,947429.259927,11,933232.471203,26,904212.699467,29,892248.86489,13,892003.494241,19,874350.780421,252,766252.071023,41,754211.86084,66,721390.865426,58,693348.007108,233,673655.849863,234,673061.871951,315,672505.813661,225,664281.294856,360,661531.104874,322,658380.88876,59,626196.618226,269,613710.241176,15,613486.635788,266,591178.064325,194,tuba
9149280.014878,58,3487886.365111,39,1776476.272122,77,1762738.805977,20,527228.606906,57,519283.092175,96,390089.662492,191,372214.87917,59,324943.149278,229,309265.527275,286,294265.324592,134,271591.962615,210,267271.502733,248,246595.126885,343,227752.6858,153,224225.522265,60,224035.268307,56,213657.614467,40,210865.520646,115,192076.657357,324,181722.177671,55,180579.304701,61,162695.449615,172,153490.406584,267,152735.075109,305,121738.772097,362,117139.012666,54,108120.563789,381,100271.894253,62,98926.145672,287,93302.207873,53,93126.626022,51,saxophone
5788918.974712,50,3765378.469161,51,2745118.85841,99,2699153.507598,100,2559341.167674,41,2232541.142693,49,1876553.481722,149,1762418.99739,148,1501375.005407,40,1435354.596878,39,1119862.143053,98,1103342.408214,80,1099153.847938,101,1026456.953561,53,1021062.616779,47,983213.33839,150,912754.402066,52,897550.425386,42,889659.341475,81,788190.490545,38,736675.996826,147,621978.117468,55,601341.445815,79,547724.816627,82,541814.01031,37,534118.791817,46,520977.275488,43,511981.844337,102,501275.837219,96,470557.570592,103,462227.620834,198,425107.735042,78,saxophone
4223481.24365,48,3121917.665412,13,2934485.542308,24,2791936.195449,47,2568831.320209,106,2497384.712418,32,2158759.872405,12,1818854.991407,36,1776147.642265,71,1666247.536219,18,1525729.310349,19,1451127.502787,49,1254522.118568,23,1143793.88418,11,1143097.311274,14,1118084.224483,46,1090251.20625,165,1052890.715874,94,986136.087945,105,909466.19569,141,883155.20371,53,880889.668216,35,879239.706148,17,845002.16422,123,783119.988514,211,779005.416601,25,738302.571614,20,725704.938007,16,724897.465565,130,686703.855635,50,671732.508245,15,670748.925208,54,piano
1825213.217993,51,1775002.0109,52,1734330.374895,55,1596485.153101,53,1589802.800711,56,1573480.253885,48,1532553.849562,50,1530292.575251,25,1404020.415437,54,1401552.651271,117,1351147.456127,57,1289194.552383,116,1267607.82872,49,1255656.288599,47,1220702.591119,121,1212087.330916,118,1211355.881473,24,1202803.52045,120,1197227.771093,45,1171879.507165,112,1168905.04682,46,1160607.553458,111,1153528.518724,102,1148572.685385,122,1133797.766632,119,1114783.473356,22,1113114.019492,60,1087967.807487,23,1082416.070383,27,1066272.827973,26,1037486.291291,126,1018585.705493,136,trumpet
6109749.983056,56,3682158.362582,149,2559198.518416,165,2190059.294233,111,1857322.811727,54,1733393.585124,158,1701101.6138,110,1649566.834677,198,1648945.300493,159,1580399.709169,150,1492281.117244,199,1272756.133635,106,1176506.708703,105,1126763.34883,50,1110316.96974,210,1108482.125932,100,1027657.231221,164,1022269.479742,104,969270.425398,57,923762.366889,55,903981.127663,160,845482.672361,53,815199.575803,220,731532.67232,248,705954.948224,163,703479.320623,109,597692.066061,51,586671.580993,102,576245.482326,113,569998.391451,112,567569.57987,52,551420.435593,263,trumpet
4858124.2589,71,4122807.925027,70,3493170.244196,105,3265102.076584,139,2944927.17828,138,2944322.582471,106,1893456.081413,72,1456666.932361,140,1447415.421557,36,1246682.820196,103,1052650.178643,141,1028943.189722,108,1019266.899397,69,997363.756431,137,969450.730862,104,948740.323306,101,787409.974873,109,781900.818804,73,740725.822574,107,715405.20623,102,711519.92193,174,644874.11256,143,630962.916545,68,612846.094025,175,540976.365034,100,507233.411202,135,474203.659536,142,464765.834723,176,430150.425353,37,425687.108261,207,406107.055021,99,376771.871755,210,trumpet
7231847.23411,60,4379222.771084,31,4268624.934992,30,1477307.599138,119,1460588.104627,29,1444586.061046,32,1120072.566576,149,1092357.091863,148,961563.619618,33,800984.624004,28,657400.546372,34,583834.380297,27,524186.199937,35,492066.81706,59,450814.351571,26,434869.50144,36,387285.989074,147,378807.191793,37,359158.512019,150,356702.666951,25,333362.480258,38,299248.386241,39,293136.847053,24,272829.877151,40,257920.634327,23,256717.108805,266,254274.241646,58,249949.489556,41,239455.479994,267,239270.647595,90,233514.584711,151,232328.991081,42,saxophone
1721583.335969,48,1656713.093951,57,1638052.831895,21,1399137.754403,45,1317382.150094,39,1305055.410423,23,1301032.904787,25,1287946.158043,46,1187490.763515,13,1181665.289055,128,1043814.018873,50,1028471.30933,38,1026933.957452,58,996778.991127,41,989343.529284,140,950500.466625,130,945984.590691,78,927399.017227,17,921552.954849,139,918749.060072,179,890192.593802,75,876163.368038,137,873998.905707,54,840355.608806,28,839896.468985,67,827683.139262,47,816546.4294,24,809602.671592,129,786403.537375,14,782438.967651,68,773714.956802,111,773090.882469,115,saxophone
4525647.302917,64,3847571.712242,126,3847288.51775,63,3288202.047684,65,2197441.709456,32,2109762.958333,95,1814598.072351,61,1801795.160427,62,1680708.330966,154,1480703.458821,127,1389432.22043,153,1379931.709337,123,1207585.038705,158,1182246.67277,125,1159711.821245,66,1103206.450289,93,1097642.779108,33,931409.03702,124,889147.309548,155,883662.295285,97,746653.189951,156,743933.075584,157,726870.045884,122,678960.108645,128,585637.889113,96,570559.545635,92,562075.784128,30,556001.431192,68,553553.250773,60,478809.067287,59,471063.845547,120,441169.288501,130,trumpet
4077632.165926,105,4027313.092279,156,2681873.258052,208,2351883.044266,157,2174758.217225,166,2133246.765584,110,2103818.446803,155,2076982.811933,165,1745957.927648,207,1666365.98063,111,1640383.267349,164,1494049.59374,109,1460505.257948,259,1367917.459537,104,1364497.418214,163,1306455.985032,103,1237474.553666,209,1155473.455908,312,1104559.102412,106,1047053.38009,56,978850.07007,55,943753.442942,168,929689.430922,112,903406.051549,363,844980.158965,206,782140.443794,310,721830.660217,154,717026.437508,311,690898.025899,261,667068.44803,108,663319.042504,167,647967.766519,107,trumpet
1014975.325798,11,996603.941174,13,845775.186241,12,709884.926664,14,643923.542571,57,607740.220959,19,439554.250763,31,390957.699724,17,387898.858948,24,358530.879827,22,357365.669516,20,352854.723558,16,328641.366686,36,311344.04619,93,306447.363975,28,303784.464776,56,297044.093845,62,266803.964059,27,261718.171412,18,255878.313203,25,241948.409081,30,227407.52169,23,225016.420363,60,223345.763632,34,222762.324425,26,205020.148913,52,195120.731136,67,194534.163816,119,193567.850063,32,191955.836069,59,181766.902953,55,179556.979165,69,trumpet
7548709.888809,71,3669354.295509,72,3555015.134,140,2601035.97124,141,1814199.555465,70,1764556.724893,210,1002450.239931,139,859609.231352,143,692308.896573,280,626938.539445,105,610162.378722,279,569656.1741,155,559764.831944,74,553266.55502,209,479148.461148,104,441530.199012,207,436204.710034,142,413608.359894,68,401496.983867,103,347937.114572,106,345063.884678,212,342263.643123,75,332171.904325,137,320901.6261,53,314782.752686,213,298796.190838,136,295223.114954,349,289547.386309,52,269972.002597,281,262778.467245,69,252282.220398,67,251618.498166,102,trumpet
4184036.223894,25,3285971.541017,13,1575850.377933,11,1575199.648719,31,1168515.796442,42,1100742.861048,16,1035537.393383,44,1013881.810079,90,1000510.097959,82,995342.436784,20,973611.029595,15,948850.883732,89,941616.636705,19,924539.27563,84,920580.057327,41,905446.574379,130,852653.351454,49,844890.086762,43,831904.421687,18,810820.867001,38,810560.804024,106,806938.71917,46,800106.508265,80,799323.128965,26,789680.979315,107,783904.342469,57,781361.378617,28,778866.98045,30,775226.91628,55,765490.215187,27,753037.474467,63,752602.325963,34,tuba
6462947.67519,32,3995951.127735,31,3756742.495003,62,2350138.259673,123,1914745.54283,33,1898578.620132,124,1657506.338397,93,1604157.919245,30,1237751.321869,63,1129917.548861,34,1043396.377459,29,796279.855224,61,772669.090342,122,724025.374582,125,721683.737159,28,661137.901784,215,602974.835512,64,601190.936306,154,545152.613172,27,520564.356724,307,470445.968046,36,468048.207591,26,429064.398515,121,425207.114086,67,413982.497245,126,410173.078523,246,405718.551407,92,397767.299645,25,395059.510844,65,394574.752986,38,386424.575257,37,380341.700075,338,saxophone
6328406.527515,76,4988018.470234,38,4641128.251599,39,1889008.210748,40,1587767.107227,37,1545739.320124,75,1221005.246491,151,1027968.228387,41,822660.117204,36,747749.314856,42,745909.633068,77,659100.205048,35,577542.255154,43,519898.398895,34,476880.035387,44,419016.11249,33,411239.943773,45,383602.510736,188,376408.338678,32,371671.937063,46,359347.886995,78,358705.520837,74,330657.413204,31,318122.252204,150,297873.166888,47,296329.015619,79,284579.965246,30,284410.378329,80,277639.600137,189,259413.452277,29,254054.626248,152,250923.532921,48,saxophone
3737746.120995,25,2275416.036928,27,2119199.095447,13,1869998.130396,31,1815537.682093,26,1684952.739772,37,1546226.21986,11,1268528.199858,14,1223497.473751,82,1140845.231759,87,1063497.517444,29,1056399.299885,97,1039165.243912,80,1024534.673212,54,1023651.51567,93,1014875.351886,78,998208.853249,32,965961.22458,139,962530.547673,94,921737.560728,96,910233.852819,99,907790.264401,21,891557.435834,92,867346.877013,138,866164.404356,45,863663.556121,101,855728.935304,51,844325.621943,47,798247.509582,76,792193.138891,20,791099.610813,106,791070.983849,158,tuba
7269373.828909,111,5059225.168617,56,2394618.357633,112,1656867.499725,221,1540377.334952,277,1537296.927654,110,1443271.633414,222,1065282.042496,113,1034380.356647,166,864209.533177,109,826346.363843,276,775543.234739,57,669961.320765,114,614653.861603,223,577510.579812,108,560657.569996,55,516759.752539,167,477736.79937,115,473118.604375,220,460773.116435,278,454239.82138,332,448628.614393,107,397448.7286,58,385314.186809,116,377636.650873,165,360025.675817,106,350405.673168,224,324196.954673,275,311081.797731,219,310393.902046,117,306421.492386,105,283792.977822,54,trumpet
7078608.295734,15,4503525.614835,119,1949001.492017,118,1506740.112598,61,1480551.17978,120,1407463.913118,60,1394358.528398,14,1355622.794209,11,1218601.726807,121,1210243.622076,177,1160985.640103,117,1080660.390499,178,956930.795928,16,828346.642729,62,828188.261242,129,827688.976224,18,750265.63054,19,737837.202694,59,701991.562327,116,696102.866537,38,671466.307092,17,637358.875088,236,634508.434577,20,593509.012655,13,575067.786067,122,571142.325308,115,559806.497591,36,556230.001076,103,543461.490597,32,525614.441319,114,514288.815522,30,502527.006315,67,trumpet
3984139.292102,190,3838628.435451,64,3522717.298601,128,3378193.526402,253,3213798.97518,127,2894071.903145,252,2794466.935348,189,1953584.4503,191,1715663.843737,65,1316089.470539,254,1057676.707549,63,1036108.4483,188,951799.561387,251,907262.208229,129,751148.111149,187,726100.016532,314,724426.256586,250,711521.348178,192,673400.612334,315,643926.79849,130,618917.596779,125,552334.292433,255,541298.974136,256,525898.279398,193,506886.41842,62,485413.471293,186,479612.425469,249,439157.312516,66,432330.212825,126,424059.810841,185,409090.800011,67,375366.348583,248,trumpet
4673003.126802,17,3697223.916288,19,3138558.743798,15,2649287.741312,18,2437429.812826,16,1716225.192839,14,1676134.013607,20,1557975.028429,13,1117412.796018,24,1099350.490542,31,851889.850329,22,770071.879403,42,745775.223259,27,742025.22678,48,680697.085033,12,652883.961726,21,644348.031689,47,632558.007071,23,601485.189863,30,566771.162837,29,502293.48312,41,489784.572793,11,465657.063861,62,463857.743456,158,459927.092057,261,456995.88137,85,444675.29614,36,433091.796433,183,417560.196926,159,403869.817731,170,400241.847548,184,396986.190202,67,saxophone
5724074.526489,51,4292314.478268,56,3645284.45687,150,3056288.395853,112,2186592.297418,57,1726357.151669,151,1659066.252793,200,1373471.202726,50,1105375.845636,167,1072130.42522,49,1018194.198939,166,1009831.617265,165,999792.232701,58,933490.633634,222,911629.592966,101,777607.914844,164,734417.253062,113,670090.353891,223,666593.433765,52,663982.217425,109,642730.807423,152,623430.018102,54,613063.288589,168,611604.433835,111,590341.507231,110,566614.185232,149,555448.366641,59,519046.380118,48,514922.683661,99,468557.110299,153,465027.199834,108,420162.919589,169,trumpet
3580999.72095,14,2932421.177718,21,2608115.582479,34,2408047.019501,16,2327018.760775,35,2220134.639897,31,2158693.19592,27,2067847.145117,20,2031438.603837,28,1954389.730795,32,1803083.114057,22,1798229.95967,19,1690596.083346,36,1577776.487119,49,1519436.201292,18,1374577.170489,26,1357272.788692,48,1332339.736444,37,1322072.638707,41,1297872.09322,33,1258466.169278,17,1217568.477936,47,1166033.497464,30,1142871.627455,24,1058337.287797,42,1017280.053858,43,966368.335732,13,869208.185625,40,862670.363131,25,834722.407131,52,815180.258953,45,806482.100089,53,tuba
7763232.184457,72,6048061.587328,143,1506495.935159,71,945202.304193,73,905833.402199,144,770835.396772,214,727206.439633,70,550674.714724,142,454924.168205,141,403650.739064,145,400068.959384,74,382188.470739,69,359655.874317,76,337223.428741,68,297782.702624,140,296457.580103,146,270496.838176,75,207208.740035,285,199605.263185,147,197504.633463,139,183210.099804,148,171584.906449,78,169493.958598,66,167183.982569,67,165814.25293,77,163642.709297,213,161859.894473,215,160975.690186,138,156543.64476,79,152770.784749,212,150494.287924,132,143098.638919,80,trumpet
7000112.097904,40,4659904.554473,14,2888653.168441,41,2506856.957515,27,1827978.858439,80,1502741.755806,39,1218747.13802,79,1177317.447271,42,985318.760269,28,938165.070771,38,665325.219936,81,633015.526622,37,622046.103595,43,547921.265774,13,541379.30357,33,535533.405467,36,534420.891411,48,519041.081377,29,464836.94893,159,464038.361725,78,456866.118841,26,451588.992826,44,441386.333742,34,438661.734677,30,437435.542405,199,435273.683715,15,413758.210746,93,385075.777465,31,381214.826125,119,377490.58382,35,374942.350171,32,363100.329572,82,piano
4022344.951329,59,3301300.250706,116,3243001.509823,117,3241831.26274,58,3003240.901307,104,2996676.033215,105,2180431.088425,118,2076286.386893,60,2064269.883808,106,1323247.211789,114,1316744.266698,115,1289343.306917,103,1160751.429512,173,1124145.05054,119,976187.550295,172,968578.368104,55,925723.329832,56,910046.099365,157,899304.663881,174,836648.136603,61,786764.700579,171,774741.018175,107,766633.762528,113,760286.193131,53,726023.911988,175,704625.902731,95,678138.252208,142,618932.91164,158,596072.085416,54,564199.849183,102,559115.174203,155,555908.574743,156,trumpet
3065995.833253,185,2983283.261724,124,2580590.949218,104,2562002.780445,145,2481082.200208,42,2394029.369337,146,2119193.421187,166,2014506.037933,144,1996539.708615,125,1981902.331897,103,1939754.891632,186,1621376.645926,22,1605880.322453,83,1559275.306912,84,1551508.497818,123,1521557.274942,126,1429237.869358,165,1312830.849052,187,1200711.127764,21,1154562.572566,64,1079157.027735,205,1071587.284974,164,1062665.707418,167,1026631.182681,206,942136.719202,43,940193.095776,207,913344.714525,188,888588.673574,208,835484.333568,127,765589.296519,143,765168.74731,63,735502.167757,226,trumpet
4306564.61643,18,3728287.654518,19,2998213.479082,63,2592289.112338,20,2284089.383145,42,2125854.89333,21,1933624.600431,62,1911949.168689,122,1766194.736249,23,1642117.224288,41,1612918.658009,105,1585865.05793,64,1481144.111308,61,1435639.490589,22,1310456.271597,52,1272509.925726,104,1252894.430446,24,1222979.813172,17,1053198.637505,121,1047864.030379,123,1004460.392771,106,964019.941755,65,943904.277483,60,813532.497551,35,813522.00839,53,800654.660208,43,786026.752482,140,749976.399081,40,740594.993453,25,732472.505474,44,681869.133035,139,596742.514952,36,saxophone
6066876.426398,40,2252626.809953,41,1955255.511298,80,1477040.555545,24,1449775.918168,39,1433390.401779,17,1274852.138233,79,1154912.90945,32,1102035.853312,48,1051251.513897,25,964117.397649,42,901873.981736,16,823401.585363,43,811034.755054,38,808736.011356,63,750943.911806,64,640458.849469,47,620210.512978,11,601498.799845,37,587041.402403,12,586000.92366,81,544831.522555,44,515083.160711,23,487103.803433,15,463080.341169,199,448777.297483,26,428704.194339,45,403685.204567,46,401840.470671,159,401705.709096,22,400259.987875,36,381263.957579,14,piano
6428300.69159,48,2466003.444585,49,2010822.414921,142,1854057.645363,95,1757328.730405,188,1674483.651317,45,1673694.008758,98,1646047.687552,189,1566192.398097,106,1560022.058184,97,1539256.32438,50,1409906.267946,104,1387169.196865,47,1360159.890069,107,1347935.995832,105,1278048.189029,94,1225073.426823,236,1120628.066477,143,1100238.864029,133,1055533.986676,54,958289.087491,55,938239.649876,52,930611.431217,140,927480.087514,108,875696.386566,283,871705.020622,53,855418.314534,141,848783.584425,190,752343.097325,96,743736.452519,93,693440.411583,99,595916.831572,237,trumpet
5587702.671193,40,4697531.413465,48,2569863.989055,41,2348146.756471,63,2028335.845497,43,1731012.960261,64,1588726.657506,80,1579817.064666,39,1523077.504842,47,1455639.735588,42,994518.486704,24,951928.068159,79,882523.452999,142,844415.953287,62,843361.326024,49,820061.779333,33,767574.738543,34,750844.033869,35,736953.940916,65,730343.054509,46,699514.030869,36,668053.404632,38,659168.342461,118,636771.351446,32,607287.080664,37,592738.952462,165,586061.449671,19,559890.517397,22,550368.015794,94,521722.990926,25,512040.082927,126,508558.87519,59,piano
7505478.872194,15,2821140.846343,16,2236732.57391,14,1532729.743259,11,1268511.715104,19,951674.425853,17,776872.958448,12,602176.437509,21,594094.52719,18,579289.764506,20,396594.132353,13,356722.815428,23,341511.388132,26,298151.381454,24,283679.142178,30,282953.896099,31,266945.901539,33,236126.618445,25,180383.270319,34,175632.940482,29,161496.508099,37,154152.148648,22,147770.064076,36,130840.230467,38,114993.107634,32,112689.200814,27,107638.71266,28,105138.516787,42,101945.889186,48,93701.79519,45,90183.021658,35,81279.284456,46,trumpet
1818213.935612,13,819090.895279,12,642507.580008,15,642089.042012,14,568184.596332,16,551939.966245,11,453295.118697,19,391353.787259,18,356504.086612,17,350623.56966,23,313904.948622,93,256115.41745,56,237786.833414,52,222371.706447,27,219234.602795,22,198944.738571,51,198481.567644,58,191950.662139,35,188821.033051,29,183236.525076,31,181814.488979,59,180281.807906,26,179869.200165,69,176393.759129,50,163157.836969,46,162241.485723,37,162201.814736,112,160958.501441,115,160952.403709,40,158767.960043,20,152484.071093,86,150045.279722,49,trumpet
5988544.359203,40,4736293.661799,41,3534463.19465,60,2389121.115942,39,1923490.139809,16,1444934.775097,11,1333311.361832,79,1271359.370183,42,1245807.323187,36,1133337.851455,99,1120243.785762,44,969645.040433,80,962312.832354,89,949643.403566,43,917451.574073,209,915076.850726,59,722831.779215,37,697422.148458,45,696160.723298,21,656791.209197,61,609639.104638,47,598745.260956,208,583974.873861,100,567567.768592,15,544649.616944,34,526949.410099,20,517731.024628,19,495182.769513,29,492705.686589,58,487591.006499,35,486456.443475,48,483537.226915,28,piano
4804985.659667,36,3816417.985973,24,2298249.509186,71,2278844.986286,35,2238548.620839,60,2177967.404179,18,1951944.707883,48,1924360.943985,94,1854548.183163,89,1573937.073986,30,1316814.494035,47,1307823.456558,118,1293495.024898,25,1214181.237198,70,1162638.231703,19,1161412.171925,37,1057300.239892,176,1027971.362081,23,969776.42293,141,882644.500062,105,840396.095563,59,805255.599903,17,788797.195401,58,761278.33449,119,751386.588885,49,740914.715462,31,734858.139291,175,714659.045556,178,699421.508566,22,691842.240913,34,677773.983321,179,660413.545553,95,piano
10052817.70546,36,1103883.909755,37,870870.062551,35,476882.15841,38,449136.632156,71,426581.108107,34,310525.197169,39,285920.511801,106,278952.134869,33,237028.949534,40,213647.18651,32,190709.156151,41,167878.463479,31,163142.724493,42,145396.756011,43,141126.806144,30,125562.584796,44,118168.883527,29,112401.905621,45,109144.496576,105,105223.560109,70,103061.693953,107,102483.755222,28,101911.86659,46,93924.454966,47,89394.687372,27,87176.688023,48,81320.983549,49,80790.239299,26,76649.848224,50,73061.608437,69,72178.308499,51,saxophone
6087898.377246,50,4593538.457259,51,4396523.651101,34,3139644.228684,67,1648184.101247,17,1580261.568172,49,1495701.892426,18,1477790.979682,52,921021.150925,48,843565.112287,53,615186.452245,47,587651.324368,54,573525.095858,33,564962.798121,16,494049.140475,46,470414.066885,133,453768.103813,66,449466.376571,55,440768.221326,19,424449.742096,83,412456.771695,45,365182.694766,84,361594.801292,44,347844.625451,15,337171.81413,56,328364.068263,32,323295.034712,43,308795.404152,69,293370.750364,42,291517.80096,68,287305.922685,35,286479.972962,37,saxophone
4136080.460276,42,3550668.230517,124,2741748.799544,123,2707610.048495,83,2300927.956566,111,1948463.603571,41,1870196.887226,125,1739037.314896,112,1644859.958072,82,1603118.431518,43,1597608.274809,110,1335210.666282,84,1233035.952241,74,1185944.644565,109,1129166.119891,113,1098025.170042,127,1080026.711914,73,1073013.862036,72,1000441.918842,37,974271.110022,121,965020.837306,76,938357.559961,149,936030.298897,126,912020.46096,122,906496.703655,40,901621.172592,36,863676.322294,45,856698.422874,44,840142.256894,114,831853.161145,165,831500.908476,148,813503.045908,39,trumpet
4534909.386481,53,3987238.930758,71,3971056.023456,36,2386694.595086,54,1261675.716401,18,1222582.525411,19,995949.948121,11,916290.302929,70,790005.437583,52,746156.543062,106,723164.616004,89,628593.278928,72,627590.921927,55,596936.568523,44,557079.699822,176,491966.630317,69,474554.655634,12,461810.749939,51,461392.63871,13,460761.682623,21,440671.960616,56,427424.63186,177,424346.814069,17,397157.086238,38,375339.483569,45,375054.924865,16,368539.997529,97,347001.309599,88,342892.983367,79,341536.200185,80,340777.170279,73,327095.905568,37,piano
5506171.065493,43,4565905.580756,169,4120427.017408,127,2678756.980193,168,2511355.222921,85,2069741.587718,126,1521953.688419,170,1484706.560559,210,1230727.673944,211,1214799.189635,128,940014.056946,167,821665.04031,84,817982.672747,294,746568.487658,125,735065.205401,42,717015.315425,171,676621.676802,166,663016.309852,252,603477.923311,129,588234.426614,86,525407.577611,44,514627.121641,124,481251.494099,165,465433.69323,172,449510.688772,130,445858.469345,336,392047.726386,173,379198.238072,212,368381.18188,123,367498.542651,209,349614.119672,164,349029.886506,163,trumpet
7427517.053825,77,4724576.385186,76,1836809.217234,153,1645778.405581,75,1544225.159701,228,1476952.313425,152,1241038.49615,83,1186824.610332,229,1103705.834155,84,985691.119753,78,935763.45,79,929201.422657,73,877262.897871,82,819332.798055,151,756348.29458,80,741168.377541,227,710904.780251,74,672108.377039,85,513866.497952,154,499617.22699,230,469034.183896,156,465943.417074,72,454611.012128,81,432952.831139,86,430331.858415,157,416390.888312,226,409209.402132,87,398232.923238,155,377313.371583,70,363344.588751,304,343302.153217,67,336281.087988,90,trumpet
3654255.964679,16,3327985.538263,24,2903068.965779,17,2857652.000085,23,2292459.719069,14,2191190.689574,15,1555773.702079,38,1549771.049634,30,1530453.653851,31,1347982.052607,35,1334971.286628,25,1314725.046393,42,1126540.576957,33,1106884.078477,49,1079257.74317,50,1044640.07286,22,1043021.234123,40,1028746.698712,41,927077.833545,13,869259.952187,11,852408.935999,46,842657.351225,26,811269.27571,54,807948.650621,21,757302.93689,58,747525.477265,48,708456.660254,60,708187.222409,32,703401.258383,29,690530.148304,19,643307.701039,34,636528.283234,39,tuba
6096293.524096,111,3688328.994481,38,3584251.610565,74,2408087.38274,75,1998558.604471,37,1941013.129843,112,1901651.318671,148,1803611.434292,110,1448963.255362,76,1323436.169966,113,1316860.955351,109,1169854.612105,147,1139007.90421,39,1061331.192383,114,738586.812584,77,682781.749123,121,649216.567022,221,643566.70454,146,636838.345168,71,633487.632811,120,584772.673627,115,581252.277674,42,539120.314565,124,507907.296492,73,502317.019764,47,496542.303468,149,461400.061793,72,454184.889732,139,446545.945575,138,435923.609984,84,429279.394312,101,414864.69328,150,trumpet
5456670.440531,68,3981369.690586,52,3892773.305054,35,3123677.111131,51,3039215.42614,69,1542924.620585,34,1466704.653039,67,1360038.929959,102,1332064.642475,18,1232991.551107,53,1181075.716699,119,1140655.42718,70,1109298.935954,50,924093.471609,36,917809.397588,66,808881.871611,54,730723.369174,71,688119.796413,33,669853.089184,85,668897.127016,65,628423.384447,55,609719.23381,49,567423.779231,37,531514.855148,56,529685.035915,63,529574.783361,64,504258.513827,72,466658.364518,62,463312.278439,48,457109.800854,57,449827.053632,86,427321.146038,58,saxophone
6353972.391127,142,3724079.107506,71,3442993.45692,73,3436785.882519,72,2047141.643709,74,1847884.031429,143,1329029.780771,140,1241244.990328,144,1195969.57905,282,1136603.414214,145,986930.428613,75,986582.207204,283,923814.41924,210,844975.568014,146,746161.716343,352,726219.535854,147,701731.195006,70,676884.514285,213,661744.305328,141,599236.129411,137,584212.299845,139,579455.905468,138,534710.39838,423,529417.600581,136,503385.786393,133,499170.581873,353,479432.987641,214,473300.927063,209,470491.363058,135,426224.028503,284,402846.923502,77,379815.462201,76,trumpet
4799249.572966,126,4267926.942372,84,3491879.504527,209,3137813.274574,167,2407629.934798,125,2312375.855631,43,2043632.59729,250,1949000.617182,168,1836520.406182,42,1626053.019725,251,1158647.854852,127,1116340.799936,292,1038654.322079,208,1001084.703203,166,996237.135173,169,820172.547113,210,769617.963946,44,736347.911108,334,651859.123228,124,617874.507232,41,603589.668869,128,596860.681118,85,534558.735598,170,533454.093781,252,526244.131734,165,521110.468633,123,460401.31392,45,458072.152667,83,433555.89418,249,406426.666596,129,403999.05833,40,399268.782301,164,trumpet
1463118.770348,68,1425213.675948,73,1311405.379286,76,1178719.21966,70,1093840.727363,55,1083451.401636,71,1059585.78617,69,965875.577047,27,956938.058645,77,942262.978347,66,941184.349551,59,919251.248853,75,898869.211634,54,886126.775766,61,870466.579231,20,853036.609539,109,837570.756266,57,819434.241948,67,801495.877963,89,778287.476369,121,772564.057212,183,762451.082502,26,761973.478673,124,760650.002388,28,751837.027106,139,729027.807729,108,714014.562299,34,701734.256116,98,682430.357863,72,679960.834906,13,662879.982085,78,661186.828459,16,tuba
8923828.218801,80,3241258.926252,81,1987945.626482,79,1453441.727823,82,1101309.892878,78,912461.507217,83,887280.633007,160,817401.663023,159,772548.355217,77,675865.959667,84,589883.354677,76,540341.737465,85,479122.570838,75,437439.372634,86,401889.510869,74,377717.474039,87,345211.523914,73,327554.720448,88,314469.332203,158,303315.964665,72,292421.822772,239,290856.946246,89,279941.517968,161,271632.669661,71,260474.675395,90,243902.889048,70,235668.143707,91,223204.905959,69,216652.953038,92,205003.360633,68,200816.03084,93,200690.169009,157,saxophone
1574913.34898,12,1294566.072919,32,1107614.900485,24,982064.149503,16,901423.977669,35,891653.500173,40,887475.797519,69,882445.513611,66,846999.916437,138,775754.549436,38,771503.41982,15,746657.327401,115,723451.522312,14,624601.279116,13,624055.874221,42,618896.81327,111,604081.362049,52,594323.226315,47,592436.571164,21,576503.009092,68,575324.757753,41,568662.386071,116,562638.120199,67,554289.327791,19,539319.463268,31,520731.849841,75,516244.632768,18,491807.967023,77,477155.970843,113,475046.163726,61,465598.899517,71,462751.16996,63,tuba
5238509.229197,14,1777437.611121,19,1656323.354095,18,1505219.418277,13,1387437.546724,15,1385516.597707,32,1250519.046275,21,1191259.63165,20,1162002.640785,24,1080112.842937,27,1068545.895025,22,1063567.982234,26,1001468.993208,16,855874.729623,11,739134.227304,31,734218.173015,42,682882.043194,25,636592.549772,12,627279.245885,17,585283.056344,41,568344.622968,52,554806.830564,34,549638.031239,58,522360.228964,43,518327.032644,53,514703.587595,59,487865.101761,72,475761.952316,38,438054.472751,36,436045.599828,62,431161.583756,51,422085.073175,57,tuba
5256418.126728,15,4041486.505739,41,3485975.567349,43,3278946.734195,42,2690235.764103,14,2018536.268421,31,1578630.648799,29,1517378.222199,45,1395209.986976,56,1351832.132746,28,1250701.816767,16,1146602.992586,27,1035111.49725,55,953791.626384,12,935752.303137,53,852409.064308,44,829031.200961,24,812079.641692,13,785069.911204,69,767443.733934,38,749704.040183,17,731454.364438,39,728325.332509,37,695654.464231,32,643863.937443,11,637962.027974,40,598673.863411,58,547764.825843,34,513987.153671,36,511948.06149,54,506330.436303,35,476050.332772,70,tuba
6044865.910224,141,4156010.16218,71,3755287.703503,72,3151381.858854,140,2914400.457419,143,2241053.753464,70,1350099.828384,142,1252399.417129,144,1042008.202296,137,938066.596211,211,890445.404905,138,813451.881722,131,609643.462331,68,606110.509155,210,595930.534248,73,591391.988835,146,586156.240704,209,570664.91179,132,548193.166812,69,527081.426272,74,469225.026793,151,431785.406968,75,408239.157062,145,405745.199965,61,394548.969972,133,383050.623348,212,355953.400825,139,353268.548138,129,330605.157721,136,312752.046159,135,310987.582764,62,310698.086133,60,trumpet
6839971.271695,75,3308501.280845,74,3194809.704574,148,2673623.848384,149,2156765.988954,151,1929888.741286,147,1681499.036645,150,1496899.040037,146,1337563.364433,152,1223093.602559,223,1160709.505366,76,1019172.446117,153,1000004.463294,73,988402.108886,145,771944.972735,154,663713.188769,144,603549.397714,155,593535.940756,143,587186.387545,221,570514.14794,156,565250.630036,77,494999.393969,72,481620.756278,142,480893.182857,157,479358.612177,225,473195.57703,295,413859.842398,224,413347.830735,71,402375.745369,159,401552.750257,158,400920.750702,141,328443.671477,160,trumpet
682970.058679,45,643748.33561,44,582291.375161,22,558178.114609,21,517258.229439,48,506472.832325,76,482044.015487,20,480404.427688,16,468937.364686,13,468363.189776,46,435864.980805,28,435331.615633,71,431616.643396,24,413642.247569,401,393525.423514,77,391710.589048,31,390037.367267,12,378000.135865,64,373071.021675,67,370550.774667,165,369543.282062,32,368974.839496,58,349236.525638,23,349160.66641,43,344278.555847,51,340117.99718,66,339818.609336,158,337736.396683,11,329448.640984,29,326620.832046,54,319929.603184,122,312689.300991,26,trumpet
5305516.629762,108,4403214.247047,15,3741691.092475,107,3429094.803038,54,1922448.321958,109,1867065.855823,55,1756995.10435,56,1438440.911003,106,1423748.185444,53,1039599.480512,110,1031730.060225,57,973295.301192,52,840946.605279,161,751678.388625,58,734159.1332,111,695639.671876,49,633090.068471,103,597334.90431,50,580501.255659,105,555442.396691,112,553359.227936,59,550581.101867,51,549366.8826,104,544258.329882,20,543296.49023,12,525756.622679,101,508637.35531,102,504897.901608,11,457865.187396,18,456700.496226,95,439682.386316,160,434758.77422,13,trumpet
6414064.877506,35,3583260.975052,52,2945493.960493,68,2382872.466428,53,2240360.268786,36,2140335.708596,51,2002186.744818,69,1612611.040783,18,1383726.586199,19,1276009.884111,54,1192971.501351,102,1119259.220422,70,1041229.505619,67,1010726.300659,50,829370.987474,34,795726.754368,56,741335.194238,103,728795.392409,55,683298.71748,119,672296.347694,17,672152.073251,49,667037.341263,57,637843.429969,66,614344.227112,58,538491.979815,59,534537.024024,63,533908.369728,65,510935.530567,37,509578.782919,64,490014.759688,33,478368.125124,48,474005.298658,61,saxophone
5392089.311796,70,3214375.213299,71,3012023.314645,139,2756831.743404,69,2729585.127373,138,2210487.777285,156,1999841.978391,155,1906279.956014,208,1748347.487366,72,1385442.333119,136,1360877.444016,140,1262949.947752,68,1122699.396844,137,1020739.169124,67,850781.941554,73,843354.459491,106,774603.353266,52,771185.586107,103,742713.446542,53,729734.849219,75,694065.619937,259,690414.291965,54,687640.47648,211,676573.767748,130,671928.549656,66,631703.772741,133,606769.336085,157,592242.952258,129,589355.223059,279,571973.787464,74,565180.696788,278,540283.813591,104,trumpet
4202679.20766,60,4165868.797654,119,2958649.915068,120,2923196.171665,112,2782975.390066,118,2271966.540281,59,2209428.927432,111,2001602.634819,61,1796103.019805,56,1699156.344199,57,1474464.018799,113,1462094.624728,58,1139060.222686,121,1082131.679724,178,1078335.631916,116,1033149.373516,168,987916.434286,55,946003.342756,167,901138.987751,237,812850.933039,179,801550.528245,62,772189.356793,238,771173.433291,114,765178.796193,110,708444.245287,117,704242.7678,108,657545.737345,122,604841.009687,223,560136.062936,177,538779.612978,222,521348.475889,54,498297.80188,166,trumpet
4110301.604355,25,4052844.255257,13,1821513.829001,37,1791219.176261,20,1731897.69034,11,1497895.528037,19,1408858.065824,16,1304587.726305,97,1216365.621868,44,1214267.735994,40,1204174.526877,12,1197250.227828,22,1156757.509522,83,1139306.424983,30,1122927.14776,84,1109888.825748,23,1107051.620783,51,1077929.539479,82,1059172.511263,41,979637.179522,45,928165.707626,26,886749.133745,79,844060.092258,21,838961.800393,31,824471.937349,86,801958.803679,38,792229.440813,34,788405.310957,108,752903.170588,29,739568.616683,59,732836.498953,141,697770.076722,93,tuba
4891540.089384,119,3821601.468397,40,3662096.199414,80,3647279.046255,41,3520903.947395,120,2581544.866698,159,1448035.615402,198,1357115.514062,118,1274432.560104,39,1237394.413929,121,1096649.96593,42,1018886.452325,117,1010023.627402,199,921675.090024,197,678993.915613,38,650159.279094,122,617478.352877,238,614075.575884,43,582760.008964,116,572928.65924,196,528442.448263,123,504767.336469,37,495939.861604,124,482532.764792,44,479687.541923,157,478905.044839,158,457604.324119,115,442075.231094,200,437180.059496,277,409157.810218,156,407310.502604,114,401043.124542,36,trumpet
5557671.394716,112,3297950.427779,75,3110347.665216,111,2819960.140267,149,2577578.016207,38,2195788.63407,74,1908833.317791,76,1742396.995651,39,1437841.438452,148,1340412.192079,113,1267781.618044,37,1237401.018642,40,1115362.194748,41,1109185.8035,42,1002995.535196,110,987168.776601,120,904878.234476,79,877905.316179,223,815419.66502,186,803294.697906,119,780229.041935,222,734426.485641,109,694920.328044,77,676967.573076,80,667445.451756,73,663485.566641,260,653466.980379,72,652960.243895,82,641436.736688,108,641196.319757,121,616462.422326,43,603458.830991,123,trumpet
3765091.472377,53,3702923.117107,22,3313273.560394,36,2446489.484998,54,2194688.124553,106,2172899.196634,40,2035408.941704,43,2009307.224765,27,1857904.361396,48,1723030.93568,79,1719179.321624,80,1494037.576527,47,1469747.279776,71,1429671.017924,21,1087522.107058,46,1064808.827043,24,989875.226931,44,835502.095334,23,825190.48638,41,815240.259263,52,800034.296281,11,778940.814752,45,760436.859606,25,749735.353788,119,747696.822289,51,743879.661184,18,655076.229426,132,654913.821115,84,647673.352976,159,625710.354894,126,616500.538604,49,585250.689843,34,piano
3327959.941122,54,3268452.199685,53,3032710.25942,105,2845474.767532,106,2703810.012466,104,2672863.923277,55,2401948.372209,52,2245349.312318,107,1989130.450633,103,1657473.502797,56,1515337.116875,108,1307189.06758,51,1282334.901553,158,1255445.355577,159,1209573.647933,160,1183226.980642,157,1131110.409516,102,1069533.88875,156,1029191.097894,49,1029171.772358,161,972795.177846,50,955161.069783,109,937319.213287,48,924880.325109,155,769804.484496,162,758878.195177,57,722807.026106,110,722507.55732,41,714558.197886,154,672051.545515,111,636007.068258,211,629988.030613,212,saxophone
6084396.50379,133,3445286.602631,27,3301216.473697,132,2014781.198057,106,1989014.880764,80,1971839.660459,28,1921026.898421,54,1749404.791266,107,1652071.487905,186,1421304.676301,159,1412605.117311,134,1317562.301522,131,1173388.39446,158,1069341.303517,160,964425.331095,185,930117.550673,184,898532.618766,105,890214.717649,26,852070.892233,135,749873.625572,130,716790.19148,212,714766.315464,29,693108.727837,187,584467.575406,157,573177.685586,53,547395.968222,183,541496.516677,104,536937.963165,136,489079.261528,25,478452.5614,137,474268.884345,188,461408.229009,129,trumpet
3877650.776698,34,2689365.063755,35,1167136.744401,37,976241.012469,12,874208.370438,24,871945.754288,32,748339.928141,33,709489.952601,101,698247.497831,23,694107.939652,16,660632.80353,94,657775.634096,56,645657.292435,59,625018.240583,25,608947.044883,78,557603.043011,167,520135.558634,22,517036.097326,45,503425.187531,67,494548.125424,99,493764.777821,47,484427.967162,63,470726.800845,165,461456.6072,95,459465.50347,28,457923.76069,21,424584.032039,55,422841.63928,13,413518.73529,57,412540.289214,87,412172.44197,69,409702.811776,135,saxophone
3487035.46188,126,3136566.833976,63,3135445.012374,22,2802204.525079,43,2757701.850843,147,2607759.918414,187,2512307.687386,105,2061307.565937,64,1836359.737021,167,1741425.914974,84,1712093.002962,168,1526701.114324,146,1458760.753642,42,1436721.188425,166,1302316.24827,145,1212088.247192,125,1034158.966617,124,1025514.835566,85,912691.125417,148,899932.619469,62,867484.685273,118,830972.685286,189,824323.015757,144,764054.183131,209,729921.123936,165,715947.822159,21,710624.581682,127,683657.898113,106,682747.685786,123,656369.125118,41,643163.990041,23,630245.959811,104,trumpet
3988684.685777,14,3955934.69037,15,2652963.136865,16,2349043.117891,26,2098339.761433,18,1965078.494372,20,1879437.80966,31,1623443.725433,12,1504696.828633,17,1333337.312872,22,1288358.284134,30,1272128.083645,13,1258506.820746,60,1072330.569487,25,1070030.916409,33,1065811.623518,65,1056262.972084,59,1056146.251701,32,1054340.783156,40,1024795.154471,57,1022941.6933,39,979721.404108,35,933365.403843,66,892881.367299,62,863704.006578,42,863395.040579,21,809682.395207,61,787842.430657,58,783102.214056,41,758073.399548,50,751170.033146,24,750415.634217,69,tuba
6500255.857817,56,5982157.558812,55,2373601.54129,28,1857262.864638,57,1682270.062901,29,1626678.097768,52,1497339.440795,53,1335476.819294,35,809094.109782,51,775532.021985,68,606834.810831,110,573848.779227,111,560244.950739,58,531945.660332,36,494037.94678,19,484182.067419,59,448237.644357,137,433385.549388,166,433340.187249,27,393747.115821,60,383853.957823,18,368603.075267,26,358729.194468,248,357650.346859,102,348534.442528,165,338798.529484,31,331092.722634,69,319784.472327,61,312101.644879,220,306945.577539,62,305399.468653,247,304459.140826,330,saxophone
5210718.248029,67,3918306.254833,34,3375898.263455,36,2907235.931297,68,2878755.577079,66,2107024.063345,37,2093879.546276,33,1974839.681889,35,1689399.652525,71,1235022.61376,64,1191018.924577,72,1072638.060855,39,1023565.141321,106,981199.86966,133,979081.704042,70,936309.872611,69,929531.980706,132,790296.67124,41,721716.494951,62,661614.706869,65,633242.218678,31,598654.973163,63,581521.326104,38,459984.385965,26,456775.106986,51,450741.060379,75,443382.418862,43,417722.323992,73,400785.942016,40,397422.146131,130,394430.882264,134,371640.478217,61,saxophone
4823849.502066,134,3339298.686139,27,2808524.281527,28,2379511.140181,81,2374134.579973,54,2257935.63934,133,1871043.126481,26,1759204.881233,135,1733764.18735,29,1728543.136358,161,1673734.697779,160,1457174.101853,30,1442230.063392,186,1438604.100225,108,1400716.319936,107,1108364.761304,32,1023619.248134,187,1017998.072417,188,1005330.907899,80,887455.067873,25,852069.142846,136,833285.026703,132,817662.388126,82,796479.378461,140,747672.186948,53,746536.382409,109,715291.418373,56,705405.564415,138,648328.935757,185,626994.824281,162,619094.801962,139,594291.11518,34,trumpet
1536547.221836,22,1529383.764249,32,1367043.409291,122,1229046.09392,25,1211556.280255,105,1205761.093942,115,1185020.185348,72,1111774.789354,63,1019416.538083,125,1011145.988732,39,988258.768678,24,961586.774457,124,938757.936689,121,909635.044427,228,895301.819169,229,880774.828971,104,848272.30157,71,831053.458037,74,827789.895195,73,776543.876091,59,756244.316069,26,742462.731828,16,734377.765676,387,727732.154081,231,727658.864442,172,713452.421557,28,712884.767963,101,707827.546944,130,706869.942611,42,703989.390172,108,699144.663189,155,698712.268148,221,tuba
5725682.076647,111,4092352.891596,112,3477636.910907,38,3255291.332467,75,2703304.705628,148,2468185.827287,74,1639051.431264,37,1295832.674112,110,1205350.311754,113,1145912.660403,149,942209.877008,36,925369.928039,73,799934.67771,222,788389.686594,185,707218.649564,116,673974.991583,121,654241.716697,115,648895.921933,114,628663.031579,117,601545.113432,35,551649.414592,39,476605.03376,81,463631.669011,76,447121.782215,80,433970.111989,221,422015.304624,83,389353.017211,72,375590.105226,69,374760.710247,122,371089.704921,139,369375.755251,34,358313.937931,82,trumpet
4022844.352781,25,2938983.338093,13,2393912.192101,37,1405367.035251,52,1399828.889638,30,1379463.105448,19,1362262.790282,42,1014879.47147,40,984608.524325,72,930536.479817,67,924874.18365,145,923991.899935,27,905353.111408,105,890144.254322,89,875890.933439,70,857245.235068,43,831709.902667,97,830617.1709,41,792023.74003,35,758006.976207,20,726042.289079,33,718264.967674,101,705086.003581,68,696558.571697,94,678726.957037,54,670371.172166,22,662271.495181,53,660006.493795,114,659351.841623,59,653758.909939,155,632340.545537,87,630159.851374,100,tuba
5938613.921278,13,4630294.464545,38,2902831.890596,25,2795663.984929,14,2278478.5614,50,1808561.941577,15,1419459.242411,39,1412219.33451,37,1358248.436462,49,1304311.222035,27,1301430.378118,36,1273298.945059,24,1208010.870145,23,1137418.541267,26,1068558.843051,35,998894.560761,12,820938.861584,62,819225.264594,16,815010.669385,63,739692.233186,11,695597.684151,51,577494.30126,60,554223.972067,48,497823.160334,52,445108.069636,61,414480.44439,18,405711.818108,17,399228.658414,42,358946.204021,44,342728.104597,22,336304.855417,20,320081.583144,40,tuba
5458278.704091,135,4673024.777625,68,3704102.546223,134,3361722.809933,201,2324350.379207,133,2179753.167246,67,1679915.243223,136,1464396.028031,202,1226049.847489,132,1110671.633405,200,1001496.174635,137,959427.910957,131,741095.200652,66,712372.810738,69,669108.558383,199,647784.083884,138,631571.404709,139,593302.588828,130,559940.191036,65,537525.473642,140,466499.30796,129,449405.808515,141,443766.395511,128,440289.336858,70,390333.647535,64,388941.648189,127,387828.605475,142,355325.487898,126,342134.650869,143,323682.214694,125,320391.488512,71,309789.612102,198,trumpet
5495417.173764,30,3732085.59717,14,2890753.574818,40,2488103.588186,21,2393271.047181,13,2367728.116365,23,2179546.86037,12,1755041.24872,50,1576878.284037,31,1536878.457951,39,1515683.870093,24,1287039.535986,49,1232732.471302,42,1228482.554472,29,1183407.719261,22,1025888.961649,32,991605.376613,17,936730.461034,20,869250.824389,60,851277.924147,15,839105.515552,25,761820.155308,11,734777.200454,99,723076.43032,89,700787.659603,70,660587.010984,16,560202.264016,41,555696.477601,43,527377.935646,37,477807.475443,79,463636.329067,28,454307.954967,51,tuba
5373846.537166,43,3596997.88261,71,3500300.548826,22,3048983.405378,42,1997015.501116,60,1827847.981408,48,1689575.795369,36,1620219.726863,21,1472880.855219,44,1350149.270938,30,1346824.60032,13,1333060.550629,47,1237017.742803,63,1094946.812238,64,1082735.003687,41,1045078.435488,142,1015756.046205,45,972717.125278,23,930410.212069,46,777430.403884,84,768725.295376,24,753864.952427,118,744934.749175,20,738348.646034,31,696319.585359,12,668891.077108,40,667747.552673,94,612471.891034,95,600789.256011,59,599597.380009,89,581435.602869,26,574806.74169,35,piano
400939.252953,15,390451.751807,20,366443.435676,14,273155.285022,18,250080.30045,13,250078.38016,12,237271.734176,19,189418.626127,17,179003.086347,11,156365.720535,28,137609.480657,30,124158.437143,31,122270.910911,16,118106.124766,21,113185.928456,54,106976.769658,25,103116.174007,26,102082.861368,23,100276.436055,27,96427.646412,24,84976.02378,36,82257.06851,37,82159.884671,22,81692.52255,48,80037.665776,120,78159.170981,47,76162.5621,44,69876.284289,63,69702.346817,57,68319.201569,121,66174.756737,59,65989.126387,164,saxophone
4977216.645371,71,4339190.157026,70,3596970.570889,105,3182932.343115,106,3027590.849114,72,1818549.111903,107,1585684.293718,139,1432676.892985,104,1348603.468434,69,1316850.049727,73,1239053.383908,36,1228962.095325,138,1068907.582761,108,1002896.428956,101,983560.719184,140,826977.597857,102,797901.45544,74,748999.303408,134,745019.573964,37,723688.663395,141,692811.269401,75,664836.210211,100,635465.206001,103,607569.879901,76,587759.352174,35,496691.480444,109,469019.984228,133,450784.693072,173,448322.534981,67,415716.122845,63,411740.141808,112,399036.634346,110,trumpet
6985888.58218,60,3072761.734083,36,2601128.926413,13,2475474.021768,71,2206418.537846,22,1683343.816661,89,1590621.039148,48,1468189.277987,31,1430590.512931,59,1377550.416106,23,1304580.859254,209,1171442.470376,12,999076.202241,18,875917.476376,25,843046.323811,63,814561.193357,58,789705.955157,61,779588.54657,26,687078.320753,62,659756.740467,49,602306.442694,24,596858.597112,19,585314.863642,84,572748.376004,14,551783.627119,47,531381.198351,105,519583.898884,208,518477.150453,149,518215.077544,56,486353.351788,43,468548.980046,30,446344.193344,28,piano
5216714.115922,40,3256190.378534,60,2963878.475258,48,2361173.920478,24,2266311.115705,89,1940168.566595,142,1890808.731611,41,1774677.191158,71,1370198.933147,95,1328385.612106,118,1328151.836044,47,1202140.513137,16,1190344.90659,21,1148010.585599,39,1143630.478328,59,1077570.107401,36,1066171.508043,26,1042172.965901,141,1037751.231309,94,1034550.251459,35,995131.752442,23,917099.274449,80,901687.470511,99,831244.862418,165,829570.635075,31,828512.358893,42,826740.375796,61,818331.969757,22,728589.897924,70,704167.43398,49,703649.562056,37,691095.699564,38,piano
5886147.407133,13,3490081.348151,38,3207214.629054,25,3122967.733687,50,2880201.227905,14,2250271.413292,49,1782760.974925,12,1697746.679103,24,1402764.516254,37,1286542.159872,26,1177968.633828,36,1066352.906628,62,992888.581149,15,930084.367737,41,872306.399327,27,779012.129796,39,740289.264151,11,735380.087244,61,726265.510531,29,680621.741106,54,667646.665458,23,634530.445532,35,550402.825863,22,546342.228103,18,544060.379946,51,541903.551307,40,516269.687402,42,504259.379262,47,488287.163331,55,472500.474799,63,457913.204278,52,449761.10893,20,tuba
5091856.565332,188,3803218.27797,141,3548682.757034,95,3053135.440524,235,2748240.947614,142,2472493.793744,189,2213409.990457,94,1803558.581019,48,1726956.777572,282,1283321.986613,140,1263295.17663,187,1127748.694986,143,1017410.157285,190,936822.420459,96,918568.279998,234,904933.273354,93,700095.256701,139,681135.539167,191,653367.063389,144,647407.790961,329,631148.499475,47,571062.856467,186,544103.554237,92,537016.804893,97,525272.985755,145,494613.390659,138,492031.676562,192,482704.725699,185,420339.981551,146,399111.225408,91,387097.374301,137,378042.801626,281,trumpet
4351998.641909,14,2874409.212355,20,2634894.600682,61,2477869.655422,16,2375080.292557,73,2201406.5313,30,1999656.81484,48,1815598.254719,19,1764555.798449,60,1717478.569601,53,1604992.435974,40,1527189.550329,13,1498497.436105,11,1471650.435819,54,1465463.968575,31,1450953.291208,21,1439416.024331,62,1360467.097213,23,1303700.436674,47,1277079.259434,15,1037228.298425,67,1018585.728142,80,1002225.709318,27,964218.799179,18,935180.243185,39,907072.390634,52,898265.681337,32,889637.357184,22,881898.086087,12,759997.969834,28,748920.515094,63,721739.949578,25,tuba
2040507.129866,32,1860000.176267,28,1487154.360549,26,1433112.72702,27,1418626.804728,29,1401498.184408,14,1137517.579463,41,1026637.959032,25,969940.941513,31,968639.54742,18,890651.61053,19,843402.105908,16,806001.671545,11,802233.21036,17,779987.703861,30,723256.355283,36,695538.68046,33,671789.114735,20,629954.74173,12,628517.31808,24,576462.902446,23,563460.848998,72,550481.297899,45,536042.392193,57,505360.065437,39,504634.361634,13,488523.545819,71,465136.465661,42,446043.184855,15,446018.892001,64,437491.459765,56,433968.037858,60,tuba
10831912.614334,15,2350159.417038,16,786250.595421,13,606720.925371,14,604686.074951,95,575910.261045,96,563229.096012,17,554679.071753,12,532827.635304,19,391098.564788,11,373967.185158,18,358926.503123,20,349762.487793,97,341866.274517,37,340177.170723,24,324468.376528,71,318717.228144,22,308493.623729,67,308004.338646,27,298824.088907,94,298507.864237,56,298276.240592,69,296922.324379,68,296867.174326,98,291447.343542,75,283597.861544,25,268077.271503,46,268031.982837,50,256193.078315,23,254290.859848,72,244213.626773,99,241787.245959,49,trumpet
5631753.453961,43,3636927.831758,71,3542826.103975,60,3208787.954561,36,3086083.653022,42,1808099.973974,41,1459133.930611,44,1312508.065627,13,1144292.219895,30,1129578.302032,59,1085558.201864,48,1057468.775913,84,1001433.320985,22,929052.2119,89,866355.70351,45,865879.260823,106,763202.383416,31,748356.338534,141,744299.605488,61,670657.377599,54,663245.911412,85,650633.134161,64,600805.417113,126,556962.186432,23,537598.59445,46,529151.895048,27,508020.482212,95,500327.400487,142,467486.735455,24,464908.438178,29,453339.310885,40,450004.261582,14,piano
5528878.542291,84,5361313.154599,168,3830925.775306,85,3646476.304909,167,1713063.645927,83,1433475.532548,166,1258675.589034,134,1128503.131191,169,1005644.663056,251,953807.597087,86,939576.858991,82,682264.0565,170,615431.445047,200,610730.553366,67,571278.961188,81,522904.372286,68,484765.683634,165,455348.827035,87,444724.220158,64,418129.930283,80,398685.372909,171,392870.454233,252,389942.382981,125,386778.45581,164,381668.607825,66,381471.611499,172,369295.650798,199,347844.139985,88,302379.730498,163,299366.226909,89,298223.818144,79,278702.670079,63,trumpet
1772708.175738,30,1358044.105075,16,1234629.539714,36,1138241.776326,31,1038790.125079,11,823952.754434,19,764328.175773,35,737049.061924,14,674417.498668,34,671265.945851,39,557618.163318,50,495933.631605,93,491319.532585,17,480059.986297,32,476058.880499,26,439886.357768,41,427090.699885,40,375012.652507,156,370063.352492,57,364987.384728,61,356701.79185,21,340926.797003,23,324550.019189,44,322398.041989,53,321507.570908,38,316020.226474,33,291266.426059,27,288757.177646,20,283805.233965,13,278477.257437,55,275321.465023,151,254014.340032,60,trumpet
5895956.412952,63,5227633.673177,125,4831797.746506,126,1694639.51189,187,1608576.853724,127,1542764.075668,188,1542292.118455,124,1126052.079561,64,916415.385079,123,874058.910917,62,861407.164082,186,620690.951055,128,562192.085015,129,562077.713224,189,560729.229225,122,521876.510235,248,521829.663471,61,462067.624706,132,430580.085212,121,427672.191232,65,407954.283565,130,366530.756151,131,350495.492554,120,348111.734338,249,346228.360064,135,305419.050514,60,283220.289936,134,264410.121736,119,254827.021252,247,249027.152679,67,244753.361765,118,238527.00925,59,trumpet
4302531.569737,60,3990349.567831,119,3777418.095184,30,3492954.221386,118,1893585.954912,89,1864651.80887,31,1861783.371195,59,1612158.827058,148,1456934.359721,116,1275937.220624,121,1208956.436312,90,1196931.337672,57,1086614.448662,88,1080653.864008,117,1075509.636123,120,1064373.783988,147,976004.320844,86,928023.073297,62,903350.93804,56,883582.890698,58,862226.610213,149,816001.275077,55,807860.913523,84,801251.857546,29,779016.096942,83,758340.511367,145,740276.465691,114,733702.099599,54,702930.611947,61,684981.804854,63,684587.13619,177,655753.433264,85,trumpet
4495672.181043,71,3846860.966424,70,3511581.26137,72,3336251.222338,106,3283613.687443,139,2427933.76391,105,2150580.078589,140,2034778.908449,138,1599890.388478,36,1249622.321516,109,1208428.965539,141,1156252.882237,137,1151501.895948,174,1108912.562638,103,977127.992942,108,866061.29436,69,828595.301173,176,783605.847648,74,754846.225042,107,746129.064759,68,725548.281465,136,669360.731386,37,562962.400733,210,507359.70109,102,505964.785598,172,494672.957841,142,469007.480794,207,448863.071434,209,440203.062562,67,418347.431099,173,408210.628987,212,406107.269464,135,trumpet
5484926.322204,118,5027898.782688,59,4100518.28565,60,2294694.150793,117,1666103.086221,116,1632848.629705,158,1343877.952679,119,1231969.810645,61,1131484.383849,58,1112233.830535,54,1013269.576161,103,995989.609562,157,957487.160872,56,801437.104246,104,757901.480057,159,755196.273357,177,727659.966426,120,716697.751246,53,685824.957322,174,665002.120992,55,650776.674578,57,630569.358026,176,608518.933414,210,604814.791298,141,597283.807837,102,583311.49327,94,501405.834237,114,461366.462651,156,458928.36265,51,453997.779993,62,448008.907354,113,433006.923331,175,trumpet
