6273219.79169,67,3309841.652502,113,3182061.478887,112,2975524.663885,75,2611970.288567,133,2509088.179696,66,1870975.389353,111,1809029.83408,134,1481657.619913,76,1262093.037931,132,961113.567317,119,933009.563379,110,898542.237044,114,893587.667557,65,778266.604119,131,600298.055931,115,592956.444985,198,555996.80588,109,551906.382196,64,551393.055225,77,536277.594701,199,521383.434699,150,511680.690857,68,491975.691811,116,451834.921322,118,417924.721367,63,413027.855292,108,410779.639791,69,386224.266156,117,383849.146657,135,360713.389684,74,344226.862861,62,flute
8463300.582311,13,1537321.505071,15,1200146.090492,16,1174210.76597,21,1065660.040271,37,940130.929404,22,862079.121419,25,844883.276377,33,840425.889936,14,761736.35167,56,720246.266269,34,589068.279972,18,587764.929268,30,567106.172641,39,555101.900256,23,550148.398534,29,523421.865932,46,514235.36219,49,503412.836102,28,481927.011168,35,473516.057509,17,454834.272386,24,454696.475104,36,424541.904592,44,411694.410124,38,397753.131997,45,374102.854775,60,371056.286609,26,367829.914399,20,341740.166748,61,339242.895551,42,329393.066111,11,tuba
8564548.315747,45,2632835.088414,44,2143338.286051,176,2100581.473515,89,1332322.743221,88,1256659.017698,177,1157834.657036,46,1120821.727106,132,953895.781164,35,930788.740655,36,788711.190542,133,694942.265736,48,689768.639535,43,628646.602257,158,623485.379776,34,519211.58083,40,493136.238474,220,478239.816485,42,462978.289865,37,457311.436992,264,455755.598628,79,396609.948624,50,387114.168892,178,364422.974035,49,361462.141672,90,357647.961293,33,338591.178495,175,333082.35737,60,316863.980583,87,289846.477315,32,262924.146103,174,262723.845547,119,flute
6237019.61249,112,5795380.460734,67,3505646.460045,111,2648311.235384,133,2128705.429822,113,1115581.369063,110,1069548.881292,114,976758.075019,60,734669.338583,109,733074.924965,115,528998.953522,108,528975.718602,116,466671.567917,199,444799.390464,117,423890.709491,107,383727.333045,118,370929.139707,178,353255.086384,106,322038.825639,119,309930.807902,333,303601.622448,105,276771.578555,120,266779.078694,121,264422.82956,104,262272.798106,101,257128.903774,100,250051.299616,134,230506.383414,122,225713.684593,66,220719.271652,103,220089.488477,132,213753.089623,123,flute
6454917.514713,30,3379322.475017,31,2656154.122257,21,2507176.437127,11,2243743.363426,23,2045444.897324,20,1550892.25492,89,975027.519074,16,939156.731707,22,905196.187304,59,880409.721728,118,869833.268869,32,837690.491672,12,836103.279687,19,802141.385164,90,660744.16293,15,635954.790273,178,609452.954722,13,605444.439917,29,599738.477432,58,593797.049522,28,581250.216921,207,526657.934443,117,526030.446299,57,522966.986856,26,481401.753507,119,470244.288394,34,460428.593781,33,449694.807355,177,429744.608757,27,401275.329299,60,391725.344185,45,AG
5754332.877116,18,4289651.227998,23,4252461.580681,19,2831018.49621,27,2391933.165715,36,1666689.318455,20,1494704.388131,17,1283835.435753,133,1235983.866101,28,1159881.307542,53,1046631.728417,21,1006934.410852,22,833668.826087,12,797325.340866,54,795221.069289,16,750256.378555,29,724040.618717,24,641716.355539,100,609187.995131,35,606233.051867,25,579909.055009,15,542842.981059,30,494930.683002,106,472395.896389,55,470191.380852,79,460009.111868,67,452184.982769,33,440774.894101,31,432371.782141,34,423116.556158,14,418239.905031,32,417058.127672,26,AG
6004902.536531,60,4748366.110752,178,4335289.017578,50,2517588.696359,51,2366538.255207,100,1430765.729829,149,1146957.012921,198,1128113.511994,248,1114426.502392,49,1108586.454553,99,963832.89301,52,926380.334652,119,825116.059446,199,703429.815555,48,616861.709251,53,614550.375504,59,612172.541662,101,514892.829726,98,439714.071396,247,430954.612422,54,420410.64408,47,369326.762037,97,362553.500591,55,352596.513786,46,334440.283154,179,330104.446531,197,325119.888035,56,319692.479102,102,312313.592979,103,299599.117763,45,299373.660922,177,275441.730972,57,flute
4585509.455847,38,3847992.501416,150,3589176.366881,178,2731838.120282,76,2374215.087121,75,2176687.785207,177,2129553.643421,266,2032168.143079,176,1804357.503302,39,1605309.713699,90,1495360.609764,267,1375623.924911,113,1362013.586511,151,1272527.159914,179,1137766.934282,149,1055746.057182,88,1029720.341065,37,1025066.787225,175,898499.059067,77,825758.323785,188,806760.847626,74,740279.301083,265,683001.695344,180,636574.830157,174,617603.993119,40,548992.118487,36,497605.314261,87,486338.239471,78,463543.031481,181,462483.979781,182,458572.531574,173,455529.960074,187,flute
6583946.445761,20,4749960.248813,38,3969461.903424,19,1839108.820057,75,1530132.031447,21,1466618.301378,18,1399913.156294,76,1189293.561786,39,1096057.766029,57,933441.657641,17,855969.440839,41,821867.357399,37,821103.438567,40,785759.430698,94,738720.168136,22,608852.451733,16,584046.832006,23,528348.086284,74,481954.719165,79,477942.274806,77,472411.516417,15,451880.904598,24,431332.439534,150,405668.895246,42,404857.30533,59,383530.749439,25,379042.164113,14,342170.218618,13,341030.613452,43,325720.710923,78,322798.976849,168,320469.875166,36,chello
3706340.445301,23,3145442.941684,24,2925742.372112,40,2924716.202384,22,2838238.629846,21,2801911.304872,28,2542786.515814,34,2277950.93985,27,2020787.113773,12,1820978.160202,11,1793350.129551,29,1622786.430553,99,1560304.213443,30,1335835.673593,13,1149573.47211,19,1070233.863733,101,1009134.943787,31,925968.888385,133,847159.781708,67,827954.088509,119,804265.644482,25,802680.760766,35,728815.416595,100,686404.132121,14,661510.727777,60,629593.472361,118,615061.57616,18,590922.805318,132,536516.861144,102,465421.256361,20,428119.323952,41,396687.296615,39,AG
5761432.803218,15,4179905.041748,29,4053728.382283,43,2510707.900277,22,2438307.99072,42,1823669.412954,63,1637648.658009,28,1229186.415649,71,1175674.54103,44,1095187.048057,64,1038576.869885,56,1032473.655587,16,1011453.769827,14,1008138.553318,30,885681.438308,57,868010.613755,41,756653.239474,45,749107.453176,26,718670.072832,27,677438.523578,84,656727.769058,31,621437.133806,13,589133.232789,40,583438.133259,17,555575.517849,46,499461.795163,32,470417.81877,55,466092.128552,62,459663.205429,24,411136.62039,47,404428.959193,12,364662.367041,85,piano
5196772.62299,157,4844471.860015,158,4713161.220755,79,2366572.986269,159,1813227.405285,236,1791252.359822,235,1646477.164919,156,1535443.424843,80,1242801.875115,155,1238254.150962,160,939652.316305,237,881197.410822,154,816936.604582,161,753844.161054,81,640620.702506,78,608562.944886,162,561630.883591,152,546310.916784,163,545464.991424,153,512946.038355,77,506650.731416,151,504254.377149,82,460420.191155,164,447258.42237,238,440380.982069,34,417467.882906,165,399276.278019,150,392127.017959,149,353690.053818,148,348769.098772,166,348505.125482,177,344696.429627,234,flute
6828142.824684,40,4222259.381861,21,2747900.694725,16,2416301.531568,23,2377402.255896,79,1769919.292738,20,1412920.549048,18,1317981.395469,118,1257838.40299,19,1174838.528544,45,1042278.335058,22,967307.173041,17,913604.838618,15,762795.824052,119,752899.32872,138,720679.303218,41,622813.422375,158,577659.204571,80,546265.489502,39,515259.783437,117,512197.493697,157,438503.674989,13,414058.322927,38,408694.072595,25,399026.488979,14,391290.745315,42,362632.550763,75,351275.707238,78,335601.863659,30,332386.792158,11,325102.180122,44,321081.246269,24,AG
6218485.022472,45,4605202.299024,23,3526300.46584,16,3411841.234566,67,1702988.228738,15,1561876.796056,30,1349266.190653,24,1100547.644352,68,1048182.922552,46,954857.015343,44,888969.765475,25,873885.114078,17,839761.683936,89,808014.89382,14,727105.609552,66,723795.086909,31,717625.559468,29,705836.577809,60,583181.830784,13,535437.608362,28,528356.756883,27,513205.150679,69,464247.391707,75,459476.519213,43,456011.940092,26,443418.616559,47,437490.720527,111,433424.065011,65,388609.411454,19,372444.133844,20,352483.672051,90,340050.955022,64,AG
6806680.533953,60,4070415.999625,157,2761361.666953,79,1986311.064183,59,1771572.90317,80,1732013.938212,178,1645743.085914,158,1533364.25926,177,1356729.865218,236,1344847.68136,119,1075892.700346,61,1038695.244694,235,1005733.922906,159,1002096.885527,156,825821.596463,120,818286.394054,78,803876.878155,77,770204.190102,81,737946.227237,155,577946.784724,237,565000.496431,160,548119.752108,161,542136.450589,179,539214.669285,234,518340.41436,118,518152.449228,47,492718.512171,82,492622.5535,154,482047.65579,76,456198.463884,176,455075.825174,58,441530.214419,88,flute
8117705.754946,53,4139935.775942,54,2463134.719742,52,1636193.874059,55,1351566.20751,48,1298356.874758,51,1135921.829879,58,856140.340986,17,844305.439769,24,830225.628153,50,814082.67288,16,748570.673775,56,724056.184996,59,704356.622805,57,626423.943969,25,518416.556381,63,493724.771851,46,465447.194836,44,452214.92466,106,450891.752052,47,433190.048011,20,398419.111155,26,383256.820168,18,368039.077117,33,307642.094677,213,292406.626275,49,269760.189667,60,254842.813216,32,252459.506673,45,249611.243509,43,227385.808832,31,214111.932504,105,piano
5651501.036007,45,4145093.452531,54,3794649.329558,53,2892042.200323,89,2705994.628494,106,1550824.399851,177,1470106.485878,60,1253739.339803,264,1182199.187164,55,1146213.620516,52,1083423.074864,159,980011.489971,90,907674.731611,59,892997.17498,158,837675.336094,134,782851.975848,265,761408.037806,56,738757.455594,51,680716.078308,105,658630.095936,316,654921.755635,46,625949.808844,61,623232.239887,263,612120.459295,317,600399.688838,57,594550.621438,47,553496.783955,178,545553.303917,107,540323.62614,310,535160.607907,58,510695.585299,50,504588.61615,88,chello
6312967.757642,40,3984777.106747,79,3464362.412255,16,1981937.412293,15,1928893.718716,80,1711138.154222,119,1437660.588201,41,1409207.107925,118,1349042.141631,45,1330102.499153,197,1277967.66217,158,1101725.656464,23,982877.547157,78,905132.590451,81,855117.880639,17,831783.967267,30,781395.809925,14,772414.791098,42,754015.944306,89,706238.427293,120,682091.455464,39,557465.103466,13,557130.613155,117,547513.263183,77,535958.213991,18,522434.891597,12,501461.769649,43,499858.467847,75,499386.926669,82,499212.132137,157,485642.299304,50,477266.852161,31,AG
8853766.043221,11,2900711.887179,21,1315252.776886,12,1005061.400509,16,758498.122411,25,718068.690082,50,671237.199062,22,652762.33134,13,596610.344188,15,545145.416248,26,536196.883162,24,528587.228545,20,463636.164425,79,432517.918862,31,417689.718709,14,399173.728129,30,385334.985273,157,373813.852817,40,365490.849588,41,342777.855092,51,336154.754993,99,335951.773923,118,323192.734728,80,293239.614686,34,288294.923553,158,277485.138208,142,273277.755142,100,247611.291735,45,239271.263275,141,238210.314267,90,219345.538836,121,218164.243915,138,AG
5052257.501647,29,4684856.791087,15,4398217.07477,43,2917351.580367,42,1700433.821909,28,1418020.297512,71,1301980.201144,84,1291598.58319,30,1259300.040164,57,1242031.699771,44,1183784.095203,63,1166735.458767,41,1135227.799026,56,1075614.696594,14,1064206.596959,126,1050966.033337,21,854976.180095,85,767575.7692,64,764001.02961,31,759442.958632,40,688718.209155,13,639664.715734,45,605239.23488,39,579996.520088,32,536516.024836,38,477757.812089,16,474889.168533,22,459242.50283,37,452192.127573,33,447942.703532,27,444670.158183,36,442665.585072,35,piano
5487430.010735,34,4026515.362932,17,3532976.335952,18,2620103.881728,21,2432340.436014,23,1929629.545258,16,1770719.104248,35,1509843.726744,67,1309944.914546,19,1307444.891564,45,1088233.991666,26,1024635.29133,15,924490.790792,84,853565.07241,33,843045.817671,50,836851.748309,32,781638.112955,138,770835.824296,20,753963.816174,30,709541.018678,100,688938.03338,31,682108.273437,38,648277.749068,39,629416.923203,51,614520.24332,29,582734.253012,36,580348.650746,150,569853.096209,14,540478.623217,118,525609.230698,46,515032.473042,83,508278.12108,68,AG
7830635.671147,22,3311615.167087,43,2492412.345552,23,2084094.183559,42,1977227.813274,32,1714711.897587,21,1272660.628743,17,1199632.477375,11,1051368.560956,44,1040547.28222,12,852592.591955,53,808250.123684,41,799406.721476,54,793222.444161,20,774384.872443,19,698756.377668,84,691690.294016,18,627082.999997,24,560083.312858,33,539129.458338,13,528580.198692,45,477501.122511,85,468257.051052,64,462827.538531,35,462396.439443,105,460001.079543,48,459964.131431,63,415042.795504,16,412580.102787,40,405066.081846,47,373028.381502,15,368528.793891,38,piano
9071578.716705,36,1854130.005193,27,1851005.083428,35,1311312.01552,37,1262976.706963,106,1089579.823834,18,1004468.79443,53,904927.13022,38,875094.634426,19,804739.601911,71,766972.659273,79,714109.298693,39,700076.126757,34,686360.543871,45,670624.566262,80,624740.860916,176,584479.324505,40,485631.807407,54,452580.095858,33,451561.826653,175,402817.828077,32,376261.991433,268,374267.165677,28,363887.124892,52,353284.839016,141,335492.771925,20,330508.672631,88,327332.25924,89,323329.047583,17,304504.130605,105,297620.11588,132,296742.745487,30,flute
6729904.199779,38,3859609.202558,75,3409690.1616,60,2751606.197595,149,1919058.701791,59,1749977.649082,74,1652078.016869,76,1231316.608904,148,1222392.379781,37,1076972.069985,150,942509.30022,112,831497.502532,185,827641.883748,101,666866.622906,73,664575.802376,77,661252.728798,61,645267.829285,111,572206.177403,51,561829.004176,100,544945.75506,178,544751.970584,176,498946.287138,58,460181.654716,72,446712.171695,78,431191.446938,39,424997.755525,36,406286.914792,50,395709.100793,147,385418.539418,71,366770.923203,79,361375.037105,62,331306.207026,63,flute
6589750.754181,79,4670491.739592,157,3919314.666418,158,2332901.218124,236,2120727.675599,159,1614916.543293,235,1129800.333025,80,1105224.737,160,1104931.123515,78,903348.960711,48,836715.298778,156,807584.505279,237,788700.008595,155,555543.808929,161,507213.122455,154,479869.381882,77,471846.369898,187,409531.784111,234,394539.972478,89,386926.991169,162,376525.396063,153,374554.136325,238,373098.006389,239,353122.035223,88,348581.857304,163,298911.172695,49,297814.424151,152,284165.66387,165,255872.796717,45,253599.147906,47,251043.454853,150,249876.044821,164,flute
5896405.809664,54,4653493.524597,18,3347443.198118,53,3108202.007427,19,2133443.200884,36,2039939.485531,35,1689360.079979,34,1475042.680706,55,1161483.630583,51,1052489.750441,33,1030109.248903,52,850292.417002,38,847776.212794,20,767176.951275,30,722302.911511,56,718111.541008,37,676866.685469,32,670734.873374,39,638554.581066,71,632988.970736,31,629121.422729,49,556927.574048,46,523870.384677,69,519033.623122,21,517955.382037,57,484991.140015,68,479269.568294,67,469812.797879,42,458110.072109,72,452891.871766,58,446701.466091,48,359171.712334,47,tuba
5545666.734714,17,4785411.436705,32,4238995.503536,16,2509141.291853,48,1602252.419101,18,1514522.334123,63,1439841.607053,43,1315953.626152,15,1213113.624985,31,1135496.929563,79,1098035.139308,23,999810.103596,13,986578.277168,11,966618.191453,22,891454.250959,33,865486.734795,30,814299.308626,34,793880.568549,12,684973.683097,24,634989.482859,20,606527.39035,95,549169.189314,21,540891.385674,19,540446.408119,25,531751.79923,64,465472.831341,49,454265.196415,62,442498.543017,14,351553.429647,42,322529.287632,35,319599.996249,53,311083.769705,44,piano
3108763.695496,23,2682064.621168,11,2054058.721026,19,1662951.335111,29,1585164.174826,48,1493933.362832,75,1473568.99474,45,1454863.125397,16,1411952.706879,26,1170168.179041,47,1147637.980114,12,1061951.78552,111,1058201.543265,50,976060.622193,20,892587.310065,18,869683.917722,133,865260.103532,89,854477.121534,155,839089.908147,25,814123.560762,17,732020.420789,114,730957.665482,13,658741.491695,57,628704.212327,67,573852.880301,51,555744.54567,14,542100.134645,38,490557.455983,15,487320.513137,31,478973.256504,74,455252.027059,49,450989.115293,21,AG
5082998.977167,14,4272567.646733,18,4049842.739494,17,3224787.227663,34,2687243.758522,117,1730794.291584,100,1547369.446907,19,1284261.069583,20,1195239.186036,27,981228.634086,30,889151.09701,21,882962.383509,31,847898.150519,101,808015.14023,51,807828.375391,15,804065.722249,251,776571.456217,23,767828.732049,16,765373.360947,119,737654.247885,80,692237.271885,183,672808.450346,250,671930.927015,22,661073.716411,45,593774.086671,40,590879.464801,50,567733.597235,13,548738.223912,67,535778.278774,267,532927.664285,184,507087.024694,25,487831.818523,24,AG
5892094.661569,36,4943699.736072,94,3189110.353243,84,2722822.242204,95,2608010.738532,43,2055137.355074,106,1165373.93649,42,1095301.510924,27,975046.108401,96,912336.836198,53,813928.805956,38,783324.298298,54,698713.768992,189,693861.120715,92,655275.695978,168,644895.720756,91,622589.785849,85,609346.063068,44,561654.118239,119,546335.618631,12,537585.321222,35,523786.903762,126,518876.736199,90,513238.527498,39,497887.147002,89,494380.074222,83,465520.406633,93,448902.998856,80,435160.710836,188,433678.070824,40,413553.609098,14,410334.968137,79,piano
6801991.484698,118,4543547.961429,119,2553563.498754,34,2232721.451734,120,1672096.009645,121,1473503.384762,116,1280294.452142,35,1190635.660608,40,1143501.965631,235,1140345.306368,122,932236.934643,117,931214.213707,41,833041.314865,106,822232.103881,33,803750.690433,115,785934.906346,237,752950.933946,124,717301.724489,123,680099.513993,67,651785.957471,105,630403.96858,234,620146.904392,114,609165.448517,125,583526.515684,113,536473.524678,36,486776.112867,126,484503.622373,354,480389.420147,470,475452.469848,112,469653.013719,32,453662.399389,100,417609.834523,109,flute
4928989.800194,63,4234974.507121,27,2961998.538714,40,2906026.905365,125,2620417.51302,79,2107004.286271,26,2037437.889825,80,1592873.076819,64,1440292.497464,373,1247897.39691,28,1120980.453976,53,1109601.207765,237,1006437.169029,187,971311.425004,123,932384.28907,62,914528.919748,119,906839.604212,41,848464.842714,25,813233.884503,61,792516.387654,38,788305.086404,197,765632.887355,126,750978.675866,435,748811.102985,29,621700.198159,39,613191.300983,249,600686.356911,60,598051.895031,72,579910.844398,65,543145.071082,23,540188.126467,158,537392.980125,315,chello
6020141.891239,30,3774371.895009,31,2839799.016436,36,2239150.465929,142,2053455.371837,71,1997707.961132,141,1793423.400373,89,1468568.547341,32,1293275.31644,59,1241391.469444,140,1183403.011604,29,1155525.292065,148,1124918.337543,35,1000249.212599,90,957312.327614,176,904983.841816,88,881394.163498,61,878042.552965,33,859333.555311,206,854243.861904,149,838085.78381,34,814811.921315,60,805248.78814,119,791550.68012,40,785452.087653,37,716238.891633,207,708333.298787,147,688394.596652,72,674220.084331,139,664862.560508,28,649611.5929,70,596822.668675,117,flute
5361826.591136,21,4545039.82541,41,4518712.11894,31,3764121.452602,11,1530583.364981,51,1433126.044183,20,1209683.650979,42,1182020.528171,61,1035661.302185,30,963451.876796,50,719689.905382,32,698791.309307,40,680595.037567,91,625798.430951,35,572977.391767,43,560089.033996,90,536494.883763,19,527983.855488,60,506056.804657,29,505933.817822,39,491252.142438,24,471329.515308,22,459365.125407,34,457713.66571,120,450333.030864,169,417157.687831,23,416035.379503,59,414514.608832,49,409420.479063,121,397956.930474,28,386595.182371,71,379822.564398,101,chello
4663869.81211,150,4592195.624224,100,2580208.149774,38,2312110.594458,76,2307437.463089,34,2160860.614973,151,1977751.166709,77,1667883.519865,40,1547925.455004,39,1540270.546298,51,1244538.748985,78,1227799.324155,48,1221476.765793,49,1190199.596018,152,1036623.067375,44,1022479.4163,99,988436.96548,35,933199.801025,98,923311.865531,102,877282.138698,101,876918.431147,50,852860.183267,88,850690.297594,149,767006.060704,299,719195.044881,75,676904.927137,153,613443.719374,227,612759.233077,33,612241.718813,41,603254.199921,46,601673.576708,37,588101.893125,86,chello
6529191.660975,16,3413726.699055,15,2935186.121689,30,2680985.656742,26,2092008.853176,31,1837609.304929,45,1749401.83693,75,1549297.648447,50,1442783.267369,17,1409365.270388,14,1340174.591928,40,1189740.822595,25,1106335.791248,100,1076634.93067,51,919419.327156,12,911588.677977,18,879517.991358,13,878958.139101,89,839590.06162,29,712953.785589,20,695277.283417,32,647273.637566,19,590438.20071,27,588829.877357,21,558925.102493,11,513226.479073,22,489375.471264,33,474919.432278,24,469735.409148,23,467656.858874,49,432723.889974,74,414090.918243,41,AG
5177080.708758,26,5146901.765536,25,2846898.907057,47,2663460.200984,23,2616275.396983,29,1991900.483133,44,1548000.515013,24,1473036.163495,50,1399788.856401,30,1377022.880326,45,1334637.686162,27,1196983.657826,22,1161069.544392,49,1125252.948558,54,1099881.453905,33,983197.045732,51,935537.004805,31,930179.413,28,776822.529408,52,743405.156974,40,742527.591723,43,664080.830117,39,655349.87618,75,569772.234287,46,567618.570186,21,554239.353551,48,521605.180886,41,499773.880905,34,489705.066252,76,476991.288573,35,468597.59546,42,466615.957716,32,tuba
0.0,11,0.0,12,0.0,13,0.0,14,0.0,15,0.0,16,0.0,17,0.0,18,0.0,19,0.0,20,0.0,21,0.0,22,0.0,23,0.0,24,0.0,25,0.0,26,0.0,27,0.0,28,0.0,29,0.0,30,0.0,31,0.0,32,0.0,33,0.0,34,0.0,35,0.0,36,0.0,37,0.0,38,0.0,39,0.0,40,0.0,41,0.0,42,flute
9301793.123051,36,1602912.312316,27,1543175.315535,71,843994.417637,18,822002.405093,34,810478.666729,37,794583.778336,45,742019.338145,19,737133.869198,79,731756.278318,35,723373.019704,53,622705.507183,143,605353.352849,80,577839.134155,106,572788.09752,140,569729.586309,176,532083.540278,72,523434.488333,70,517764.153946,33,497229.57343,142,469242.24211,54,467326.726849,89,465553.266957,139,458972.098213,39,439776.682971,175,436096.322101,44,434548.973197,40,422785.203865,38,403407.139153,32,385384.533421,41,367989.089788,141,363102.771416,87,flute
5271254.553556,67,4652341.897437,60,2888385.994534,59,2392953.763744,66,2174776.210393,68,2098726.605374,132,2059264.138443,133,1879220.54938,61,1783413.934577,134,1269408.167121,79,1263852.077869,178,1174760.819247,65,1120033.68634,69,1066248.982836,119,972512.071497,70,963180.04623,177,899660.57792,141,886417.890838,71,830441.570005,158,825682.089407,62,803111.380974,64,778132.625313,63,751305.651804,58,720639.29129,179,703565.161645,120,693277.983496,176,681844.793144,198,638943.274329,118,585185.795454,57,566952.158123,135,515919.794205,140,459102.625808,199,flute
5067469.825992,63,4030858.274923,54,3635818.00668,53,3534163.62197,64,2641090.582741,65,2623925.946525,62,2449757.484757,36,1560141.292888,52,1389396.753508,56,1093760.262117,60,1089749.001282,55,1070085.117524,57,1020183.655169,59,1013717.473582,27,930091.343827,66,849306.915212,71,808262.93776,51,720930.802938,68,499298.689577,61,484899.397061,38,470502.163957,50,470007.559868,35,459915.326234,43,435262.445315,44,425448.38649,18,412556.431069,37,411627.218188,42,397246.02713,49,363624.14182,67,349967.83526,126,348301.078588,19,348280.338974,39,piano
6422409.221408,34,4672331.27134,38,4266638.995835,100,1990319.298674,133,1413344.721923,33,1402687.953199,67,1220321.111216,11,885728.197233,199,809305.194354,37,804051.142511,101,797088.056572,32,768712.49282,35,682469.768968,31,657269.155498,75,616695.701076,40,610729.43584,39,598653.470288,76,584557.47261,134,582551.447583,98,552685.267748,111,535164.247107,102,509393.356858,23,503270.018329,16,472872.881717,99,456498.084263,113,424385.930714,30,416341.361414,15,405911.053953,45,402601.804866,68,399471.081328,12,397430.033398,41,396105.020162,231,chello
5068240.910513,23,4073128.866541,11,3615183.443966,12,3020667.991111,16,2448829.603977,21,2319558.403091,34,2216439.658087,22,1899212.153807,15,1279933.360949,24,1102762.502287,56,1089520.638341,26,1057909.026043,17,1046230.021894,13,880119.17072,20,863859.521206,89,837742.081552,33,793347.825676,67,789519.853542,35,714548.938044,25,704848.720515,100,689058.484586,113,683621.656014,75,604366.704588,18,570337.10582,101,552313.935583,36,548231.452115,111,536000.353311,55,534596.97372,155,510821.149374,114,508451.877067,32,498274.307003,156,497232.643669,112,AG
7463762.092754,38,3997634.972847,37,2945862.973686,76,2753815.554814,75,2083375.735055,60,1524390.015585,59,1508056.694047,39,1503143.841507,36,1081704.426172,113,987971.51467,74,893108.368776,35,887905.97671,61,869978.038215,51,856140.664584,40,797298.679173,50,699079.425226,41,698242.415145,58,677690.810299,34,599171.424113,42,585146.60916,62,530450.523032,33,446981.043423,112,436429.972665,32,428498.596389,73,425060.772875,43,422544.623065,49,410651.957752,63,409475.723682,44,389868.269716,77,380897.244063,57,369521.904105,64,359361.817314,72,flute
4707247.487683,38,3383985.313593,75,3297226.573527,158,3276368.711694,150,3155345.366515,79,2861693.425953,157,2115517.105229,76,2038782.202103,236,1390416.032518,149,1358063.732417,113,1217698.272613,39,1182189.986052,156,1153137.180712,151,1055340.546172,78,1042351.357578,77,986182.183041,112,959477.318632,187,958077.517749,74,943630.607397,159,875170.784481,80,772032.360296,37,725927.690884,155,588427.092033,40,584945.521314,152,507537.318421,160,506289.70196,188,501333.039305,161,498976.319589,235,498362.181478,148,478709.443547,154,469718.297534,73,423467.280612,153,flute
7739296.304865,71,3434552.751011,140,3194847.391285,70,2839073.178558,141,1568526.121979,142,1431628.387959,72,1128796.198462,139,1072952.136439,210,1020465.520733,69,824114.777044,73,686173.376435,67,608590.842975,143,607112.135023,66,586433.233385,68,576207.070467,74,492016.156548,138,425436.199573,75,410470.420747,144,401641.789526,158,386914.224441,65,378113.144693,79,358042.695527,64,350799.507787,78,319112.073614,77,309671.217809,76,280253.694992,137,276688.793623,60,271039.76551,63,254069.459712,146,253075.538266,80,247463.85959,136,232666.570941,59,flute
8341665.428564,34,3184435.418757,27,1739002.223612,40,1473502.865946,14,1396940.824882,53,1385695.001129,100,1191658.849733,33,1108891.199418,35,892136.945602,80,888760.206678,28,880996.948753,67,843305.644004,133,776521.66974,54,729069.523791,37,719033.958356,29,668730.652091,39,666682.838226,106,658608.926317,79,587676.849958,38,571454.377583,68,567960.876246,166,561425.691541,26,524428.82857,94,518911.064716,167,502963.609566,99,500293.966779,36,483363.09559,31,469479.442404,134,467192.442471,30,419737.372537,55,396322.081227,119,393985.618793,160,flute
6500662.475719,24,5841890.463132,25,2897860.606458,48,2232620.925953,26,1924456.633796,23,1177053.636942,22,1082682.517502,28,1037652.19707,27,1023676.450454,30,815825.968867,29,812437.729133,21,697702.438026,47,656132.877984,20,615418.078387,53,536901.643683,19,511288.373969,49,442654.222104,50,442643.755529,18,418635.364579,54,392791.360313,17,348441.142008,16,320851.553017,15,300666.439143,51,290506.480102,32,285402.233226,55,282812.456558,14,282175.239722,13,274551.531766,60,266568.551264,33,243391.593672,12,242278.43903,11,234892.955641,35,tuba
4938281.215843,16,3708583.612725,45,3487640.373371,54,2550400.244647,27,2474158.261352,15,2366477.420616,28,1849357.968597,80,1748149.530048,31,1677881.768611,68,1347526.514576,30,1325642.904446,67,1310414.342663,38,1304968.872064,46,1154596.884587,23,1131292.968701,17,975277.953025,81,973582.878905,14,966998.64811,60,942214.013782,18,902797.343511,90,901074.52306,24,845291.234842,44,831428.966911,26,744184.720024,25,721548.84817,13,703538.31682,32,699250.877393,34,658001.430546,21,642786.259084,107,631021.973415,22,569047.370284,20,568491.441537,43,AG
4893575.298279,27,4794874.915032,14,3185069.171315,80,2873667.812834,79,2855369.585567,53,1809925.116453,106,1650916.418247,40,1643805.73898,54,1318724.035338,28,1294316.890211,132,1009459.176573,16,1004063.437784,34,967415.573624,78,926995.828557,81,917534.641974,52,785638.273132,211,771890.311772,51,766817.905671,119,719318.37896,26,711629.587391,31,708859.726233,23,688430.322277,75,686755.673183,25,607135.452292,55,604814.895566,105,599820.349446,158,598108.592269,82,582008.727635,77,533381.660015,29,524879.305917,185,511819.526668,24,508076.642637,60,AG
6441454.74675,25,6241198.888534,24,2202554.074445,48,2023360.125575,23,1723104.395731,71,1716639.118137,26,1158335.037022,22,1119630.200016,27,857659.015736,21,851201.532337,28,725995.660194,72,693098.964704,20,578169.483259,29,572464.769462,19,515251.629036,13,486520.671054,18,464206.745802,30,428531.403165,47,425359.875102,17,408537.320749,15,407202.171617,31,405720.817295,16,388101.79228,14,380062.640177,119,336045.28383,32,325407.775125,70,296156.974637,33,263241.457918,34,260075.093477,118,235968.16509,35,214268.504574,36,212670.280804,11,tuba
6304374.016352,28,6065214.607214,27,2178880.846788,35,1277840.469166,54,1271823.907671,29,1128867.47773,106,1124923.833909,33,1112468.039914,80,1091004.153471,212,1073200.954663,26,994416.308666,34,930758.986158,30,867577.848749,32,866660.646696,133,852650.568737,186,842893.523583,132,803459.375376,25,693732.545299,31,688253.359039,55,669447.175691,81,641291.575869,107,593303.838459,24,541781.234496,79,529170.898421,23,478708.068806,264,449770.342882,213,438575.114612,56,433320.61023,265,420263.500251,61,410865.382362,101,407811.675975,88,386144.67009,102,chello
5779905.424189,43,5029140.560908,22,3399217.874523,42,2583566.428353,54,1868810.604598,53,1500519.929246,21,1402037.178952,44,1355327.551382,63,1340672.096825,41,1190992.435634,64,1142117.927487,84,964433.024024,40,955758.686223,32,906899.531774,55,785676.919031,23,775757.282724,45,696059.591928,39,602097.53613,20,598577.932931,56,579244.773674,85,551549.678701,38,540352.998984,46,518214.868173,57,516619.492428,19,515182.048896,33,509589.220857,65,491087.643241,62,457690.436622,37,429449.271161,24,405064.899417,36,383569.34196,35,383064.768278,66,piano
6184582.5079,48,5545693.053095,24,4273818.663441,25,1744148.686774,23,1670197.473058,26,1622274.88242,71,1046266.061467,22,978449.317182,47,953916.173827,27,741070.379431,21,720678.120695,28,716784.677859,95,591542.172297,20,565473.776143,29,554022.677419,72,478814.806767,19,449201.125612,30,407921.014536,18,355201.200732,17,353938.884163,31,353849.921365,49,316403.382511,16,315975.205866,32,299694.448344,70,285274.763534,15,273461.369503,33,258835.883568,14,242363.763453,34,240975.984742,13,240256.909426,50,239405.489108,69,237203.733121,51,tuba
4963673.406577,53,4660652.931249,54,3957383.434583,71,2737918.649943,48,2389924.695228,64,1868109.550819,47,1826140.851571,24,1763291.549728,70,1278619.630011,69,1171389.284042,65,1048428.366906,63,1038104.524084,141,999501.433475,55,986356.738779,50,962413.761508,68,919250.288762,52,882508.749089,25,879617.690329,32,695465.654182,236,651952.817316,62,647575.444343,72,566809.603557,66,556825.7855,49,536584.458875,23,523701.783622,33,479104.927797,74,475089.742528,31,462094.166189,67,448480.429352,57,442556.786472,75,434821.906165,237,420465.975657,45,piano
6214888.7958,27,5782641.096548,14,3002288.980003,28,2888852.45115,100,1948541.795575,34,1510416.492607,29,891112.402631,53,808913.085211,21,785271.101237,30,763544.559963,26,750077.86579,25,634374.893919,22,628547.892679,67,556558.399213,13,553704.646317,15,508445.637372,54,495130.363976,99,467536.494819,23,413738.383891,79,403095.199609,31,380635.088199,36,377428.910829,106,373095.166319,37,341202.269627,101,329955.90881,20,322007.035501,102,310912.274967,98,307623.394947,52,296528.131695,80,292667.223251,12,287755.968217,38,287095.391567,35,AG
6987348.478453,71,2934581.385355,19,2890945.029127,85,2481577.424486,84,2328615.285492,18,1382173.96125,73,1338379.119459,80,1053338.080311,22,988863.276352,16,959287.867456,69,892543.532916,49,787365.271016,11,780882.27465,70,765450.727501,12,765079.31633,26,739123.529282,75,734547.054965,14,720999.785956,57,714760.83975,66,672698.424557,17,618996.616632,83,607521.555917,20,565201.67038,28,530698.835361,72,515504.82614,13,506415.700329,141,497740.947448,95,496202.414006,168,493759.038774,81,463444.80876,74,459917.87359,63,458427.793608,68,piano
70174167.028828,38,8828943.319925,39,7093943.643826,796,5126351.773594,112,5091169.606101,1128,4429049.33237,722,3795106.18549,870,3694103.360031,113,3427170.431294,1564,3220502.857407,1054,3083566.229904,59,3031914.930043,75,2970248.102217,296,2964952.911791,850,2938748.440058,370,2937308.878214,1150,2929430.178054,1439,2897925.481172,275,2833266.234637,37,2818608.433752,1492,2799660.497192,76,2757219.913858,40,2746764.809969,1527,2740515.395169,1440,2681179.166586,1203,2674318.203609,1539,2661322.205141,1470,2624030.997774,1112,2609230.330114,1540,2600034.840307,1223,2589374.255029,1274,2580053.236059,148,flute
6412069.520105,71,4544355.229285,60,3326058.74079,70,2195386.381343,140,2125894.48537,141,1749481.916669,72,1698981.476004,142,1590426.291733,59,1541156.524295,61,946921.263295,177,821986.496894,58,818434.368211,69,796665.976862,178,790175.780147,210,646498.026032,139,577936.874357,57,574353.236876,73,568842.965363,143,551206.714533,62,539648.60855,74,500215.362723,120,497114.934648,119,493152.865309,88,482874.408951,118,473813.495835,179,456491.507735,75,424998.086356,176,421664.69571,68,411342.986881,67,409982.576049,47,386893.443937,53,381035.830647,56,flute
7628207.059297,63,3751940.884505,64,2290792.527434,65,1571163.893071,66,1555132.186745,62,1502093.004184,61,1162539.905775,84,1147393.307875,83,1098930.460359,85,1063751.787091,119,1033010.304865,82,941631.263684,54,911752.049925,86,874148.943545,19,809377.568292,60,765364.966992,59,755947.392311,57,739371.33084,67,703195.193464,81,691294.343988,18,671782.439874,118,653590.395227,87,628537.784013,20,556802.774473,68,552334.360268,71,550848.275711,88,548414.29258,37,531934.830048,126,529359.829232,70,525736.058016,58,516448.495347,36,505367.313426,17,piano
4632101.064345,75,4342108.181493,76,3951054.338904,118,3404809.111657,119,2055218.387327,150,1990324.782306,67,1799205.371307,117,1567760.813343,66,1496748.175753,68,1473077.754222,120,1421819.80283,77,1247848.171078,74,1049483.311783,151,937498.366626,116,885297.890209,65,788147.110161,121,737868.617821,113,736662.369167,225,735575.618883,114,734645.663103,149,711010.338059,115,697273.96393,78,681182.527036,73,680532.608847,69,607240.43805,122,590193.791376,64,492002.006114,299,489699.020951,112,467558.008355,134,453974.469917,123,449450.990411,135,445501.400108,72,flute
6923502.855596,36,4912860.661094,35,2965919.819477,37,2447609.294097,38,1886204.906996,106,1310695.019212,40,1114629.681034,34,985320.280014,32,834581.317122,105,813886.288108,107,788434.762189,33,787821.760812,42,571707.077438,39,533336.622741,30,530127.24475,103,513530.966834,71,490214.130882,45,477779.667949,176,472396.947424,41,460493.293912,110,449408.076191,102,423096.285497,43,411374.656048,53,409417.771353,98,383557.593363,70,370625.725052,178,369893.591067,109,366153.353117,46,355249.745626,26,354272.540619,133,353546.69972,101,349742.950922,29,flute
8096908.302544,36,3545908.947998,14,2257972.010965,71,1498721.170734,40,1232242.549111,20,1124967.319944,16,1088536.686218,11,1067038.20289,93,924446.603382,32,855621.283434,63,828348.79373,12,819543.840419,72,724290.908512,15,716755.896945,30,662386.56043,60,648221.429746,22,646494.500061,70,644675.515037,80,618346.909324,48,548740.528657,53,500981.999649,75,480465.915933,19,464620.658799,79,448489.06315,69,402842.42916,73,400134.8033,67,375319.598219,134,366659.238616,64,356248.602451,41,343089.503473,39,333973.915143,99,327863.784846,100,piano
4162464.979138,63,2689802.807953,29,2409263.835077,57,2314453.010094,64,2309281.585691,60,2296438.138027,56,2221661.425119,53,2206408.328469,58,2188413.154277,54,1917943.947292,55,1720283.302216,15,1526532.195764,84,1459867.705159,85,1375813.519916,59,1183987.227186,43,1179824.063597,65,1153967.384243,22,1135715.858843,21,1085979.205811,28,1074659.91727,24,1021941.226096,25,1009429.251467,42,958558.36969,48,937188.221081,83,812803.468293,30,783594.158268,86,777552.324176,66,775499.307777,45,752929.011779,14,752907.363267,31,740750.193718,126,736326.093832,37,piano
4975803.541323,71,4072716.700395,106,3257275.620281,70,2393868.447566,54,2236015.211198,60,2211223.405687,53,1912494.499544,59,1800478.135009,55,1649731.410988,61,1649287.994038,27,1479416.336439,58,1334842.464397,105,1313680.567637,69,1240456.432743,62,1162047.86871,72,1081655.673713,66,1073294.117929,67,1037690.31017,65,973110.193094,40,970926.720216,73,882988.604725,107,827787.919118,80,769637.996464,74,769429.10788,94,746686.873029,64,732402.418961,68,628332.266427,104,613272.841939,39,564580.17077,57,553290.881094,76,521025.263515,109,515668.199771,126,piano
0.0,11,0.0,12,0.0,13,0.0,14,0.0,15,0.0,16,0.0,17,0.0,18,0.0,19,0.0,20,0.0,21,0.0,22,0.0,23,0.0,24,0.0,25,0.0,26,0.0,27,0.0,28,0.0,29,0.0,30,0.0,31,0.0,32,0.0,33,0.0,34,0.0,35,0.0,36,0.0,37,0.0,38,0.0,39,0.0,40,0.0,41,0.0,42,flute
4896238.927572,39,3815985.778417,38,3157776.828016,76,2755265.834011,40,2675124.328297,37,2613161.728902,77,1566672.627611,41,1539839.691797,150,1504923.599822,78,1312665.493176,153,1243647.547661,151,1229246.128185,152,1218137.660159,33,1183673.9383,36,1098790.855782,35,1023320.735346,34,988953.290427,42,952668.389356,115,836242.913424,32,757917.052943,43,756393.617834,100,744595.769694,112,726167.240303,101,713266.360759,113,698317.010886,31,680257.904894,154,663634.922642,190,606843.090228,44,592515.503088,167,576173.016064,79,573880.715466,226,568225.537828,262,chello
8111749.367369,12,3090399.813241,34,2195503.79334,67,1943127.531563,23,1646242.883758,40,1312133.075239,45,1297072.127174,26,1166027.452074,123,1108854.920097,60,1020493.601283,56,1003867.153188,78,966086.016979,51,943349.880336,75,753366.002042,68,705352.284378,25,698249.979367,80,613669.909269,150,604832.044674,100,597043.838963,79,594886.367004,89,560916.040033,16,507594.040277,134,497684.618703,24,483264.234574,21,423373.36392,112,405595.006551,41,398234.361807,15,395423.662883,66,377933.948456,20,372444.425559,14,368743.855923,35,343677.069784,39,AG
9745700.524231,133,2402963.416957,134,1215912.701463,132,688191.511996,141,665578.782825,135,586357.04371,131,415893.161437,397,348449.129978,265,300806.590931,119,285680.759916,130,264110.582412,136,251537.842546,140,225677.534319,398,199249.129837,118,167829.539236,117,133106.539239,396,126236.87899,137,110984.164885,266,103712.151576,116,80024.60047,115,77075.477645,129,74373.478432,128,73607.352786,113,69666.053198,529,69419.511455,126,67333.774471,143,67095.615392,139,65507.882208,145,65480.89657,399,64944.69876,144,60953.637185,395,59885.585658,114,flute
6148432.740283,21,4433488.487953,20,3212484.706902,19,2944722.471196,14,2607098.894109,27,2462516.850574,40,2398240.762565,99,1621463.318968,22,850852.057196,18,748161.666708,23,695728.858222,25,631622.13192,26,608958.757858,28,550795.385128,98,523388.706264,15,518221.439032,24,511912.272685,118,480089.400069,13,475926.605035,197,444234.059905,12,387657.156559,60,378832.438034,41,360548.643521,16,335766.402938,100,317608.979905,34,297855.277504,79,288294.525773,198,243296.916557,119,236478.75988,138,235843.589656,29,233698.126375,217,220266.93845,177,AG
4325549.843982,43,3251558.263346,54,2790047.018883,42,2563039.370536,53,2399362.064719,84,1497837.979816,22,1321611.48981,21,1308447.767349,32,1288397.07684,85,1211464.967353,44,1123291.833996,41,1060437.335221,63,1058392.486101,64,1049019.001519,55,820730.495632,52,738285.780834,83,704742.485463,40,649958.302113,45,646074.146749,56,614106.707911,11,598835.584417,39,555374.437017,12,538215.650791,65,510811.258046,57,489603.700481,82,483165.458896,46,471684.690324,38,466583.598565,51,440235.373914,20,435423.716352,86,435172.841253,33,418610.834411,58,piano
6604957.556466,34,3635854.876227,60,3063955.395333,67,2505192.951082,35,2132850.116286,30,1915748.581962,68,1826585.91002,31,1791638.68713,59,1532057.956556,33,1492906.780915,32,894622.814211,100,857902.417125,200,840592.243926,199,775164.667812,29,714516.391939,166,658441.621251,91,653423.699224,101,627865.20288,58,577270.409403,36,570082.229549,167,534755.589638,61,494654.94463,64,487834.344021,62,455247.132139,28,452046.163077,37,438929.947413,69,438618.122133,66,435196.88247,57,420837.379158,266,386080.938996,38,373839.015755,27,372290.234653,65,chello
5736351.330732,26,4165962.747572,50,2863981.507968,75,2804555.13853,51,2347124.124794,40,1748067.832931,60,1572291.154372,100,1474625.943699,25,1307382.705547,27,1189778.367747,21,1115114.461531,79,1054927.985967,80,1044981.588105,49,924763.687909,20,900867.08399,52,879633.472047,125,820871.917243,24,805509.429887,48,700288.583462,23,660354.549729,99,658482.125772,124,651536.354052,28,634465.46783,39,598758.959168,53,576163.606108,76,569642.85777,16,504706.393101,18,479980.930102,19,473318.763713,29,457711.00737,31,429182.52782,34,425400.547993,22,AG
5166168.112657,29,4148447.466013,28,2445038.490366,59,1984455.855909,56,1942078.829365,88,1937747.790311,33,1843997.91658,61,1807794.931337,62,1542098.253201,85,1540334.084849,30,1379107.149603,112,1326434.938071,87,1232632.953829,54,1199036.170064,27,1151258.03049,57,1087958.057775,26,1050593.199157,32,911642.84542,101,854584.18485,99,800712.323539,67,779468.168904,34,777253.674627,93,770347.084021,86,725363.338041,66,677587.376009,60,664272.881326,96,657594.485793,80,650815.39099,84,631298.463331,11,620544.683197,98,594400.049684,140,563317.915984,133,chello
5539785.46406,27,3663142.716735,28,3092847.768421,53,2547566.66408,54,2523308.010166,21,2189688.69524,105,2076856.600676,22,1997501.090575,19,1893306.538844,23,1625464.249433,106,1539736.955682,20,1252871.813531,36,1103873.149505,80,1006385.593754,79,994234.859331,29,987481.307913,210,952566.229857,18,791545.093735,211,779712.267474,11,749530.57499,24,665957.60571,16,665233.756584,15,657931.579042,45,557397.553936,131,546613.199133,51,542843.475704,50,512674.409751,13,504835.733274,17,495720.226028,30,481755.96263,31,481122.247276,32,444361.443112,34,AG
5582040.71062,72,3321291.429488,126,3233184.353562,251,2576915.798813,73,2123664.921508,250,2075630.526229,71,1731762.261496,64,1716896.968462,125,1528764.044112,63,1426757.881426,65,1326304.717369,62,1258341.706776,143,1099621.523133,61,1067178.728589,253,981705.812032,60,971448.672824,70,927828.218655,69,880069.38387,375,872133.131786,254,858701.296002,66,856504.857615,68,782067.261475,249,772440.676317,252,764213.216409,144,737455.84168,74,702056.197583,59,653115.626167,139,631556.899573,67,604007.913463,127,597210.329286,58,559107.452206,141,556840.290852,376,chello
6931652.437769,141,4862970.665494,142,3158186.906363,140,2481758.305787,132,1853320.250784,133,1267033.292691,131,1235456.822513,158,1121362.354225,143,967046.252864,144,868948.057932,130,654804.385639,139,630707.384599,129,623412.369119,145,589979.013687,159,583261.99653,146,545487.760983,138,493941.46583,128,456864.437666,134,446122.770152,127,408296.211452,147,402792.149509,160,382560.49514,126,382433.302858,148,364389.995486,149,358993.380878,157,357974.018806,161,327970.992076,124,320748.751813,150,301911.394159,125,295905.7192,151,285265.600513,421,279121.074033,162,flute
6603477.649279,54,5375987.062672,53,3384961.261146,67,2047391.427791,52,2041265.065929,55,1309334.953302,27,1207352.81462,71,1173857.726596,56,1111269.470467,51,924709.717073,50,749425.424184,49,740988.287123,57,604606.51946,58,591040.141835,48,586241.802335,106,494991.925135,59,429109.825994,46,414798.484697,47,411325.726305,68,401986.473002,45,396574.946512,41,393308.67983,28,361091.792104,42,336301.082885,72,332796.985189,44,322670.083791,61,291888.573453,43,291266.164568,60,283130.355748,62,253567.707104,29,252334.422621,73,243097.831031,80,piano
5852104.924653,57,3352896.49846,85,2974498.939828,84,2301703.846842,56,2206987.549553,63,2206059.826046,64,2164080.716621,53,1651041.189097,54,1604988.724612,86,1492626.767075,58,1336019.146373,52,1209589.442387,26,1149909.941483,126,1074200.842476,87,980315.313518,17,940247.750063,55,818091.905347,59,807051.390147,50,780011.559017,66,741387.493819,88,699663.962905,48,678392.774173,168,666220.658267,51,664267.65999,14,656940.596324,67,647547.995761,20,637394.75463,42,636558.993535,25,619544.226513,62,615224.563266,70,614379.40737,24,590896.77511,89,piano
8330694.414919,13,1022621.465361,22,801541.492792,15,755420.688964,20,736636.730696,25,699802.752833,11,619773.128626,44,614619.506891,57,576004.723011,56,551487.628163,28,551486.282687,31,546324.866312,58,528595.576968,16,485747.202067,30,480942.608875,54,476124.847898,19,431633.872527,48,431421.684551,51,382440.588697,17,359771.844293,18,337383.437808,38,334324.835299,46,322645.338304,33,313484.744685,32,304915.38486,21,299223.915743,40,289372.696075,41,263499.173325,37,263113.859819,14,262904.048411,47,257687.247419,49,249677.163918,23,tuba
5185966.994981,53,4984544.196127,60,3848691.561231,54,3018441.873303,63,2835227.248841,64,1958231.674732,55,1922757.008721,52,1602321.495428,62,1383343.258578,65,1013956.287973,51,900493.749552,56,840514.397287,50,766969.851532,67,741203.389694,59,638774.230302,49,604252.139152,57,548021.538619,58,540219.156346,48,532237.890693,66,466775.753586,80,461540.369667,46,459660.316907,44,450769.666509,69,435493.830075,40,409688.249882,47,387803.30983,38,383594.818943,61,316280.810685,71,315824.855177,35,303518.170812,119,295124.375346,37,281343.342705,42,piano
0.0,11,0.0,12,0.0,13,0.0,14,0.0,15,0.0,16,0.0,17,0.0,18,0.0,19,0.0,20,0.0,21,0.0,22,0.0,23,0.0,24,0.0,25,0.0,26,0.0,27,0.0,28,0.0,29,0.0,30,0.0,31,0.0,32,0.0,33,0.0,34,0.0,35,0.0,36,0.0,37,0.0,38,0.0,39,0.0,40,0.0,41,0.0,42,flute
6065963.550986,80,4600169.350241,18,3231563.366472,19,2594103.909535,79,1652751.805499,27,1624973.86063,71,1569351.703766,17,1533773.79335,53,1330420.89393,81,1296645.329078,54,1262768.153334,78,1004500.620815,21,917072.683405,82,850517.918891,15,845976.990952,36,827945.879572,20,795451.391889,25,739809.993717,16,697062.427777,55,689600.030471,22,669135.077316,84,644072.263607,77,603637.395878,23,587687.634067,83,563513.32749,56,527165.581441,30,516008.626744,37,466444.87908,106,450734.454451,76,447001.835015,14,413108.711048,26,409834.539796,52,piano
3721387.68511,106,3080918.825196,53,2969662.785309,55,2963581.152939,54,2565864.994053,160,2328687.573614,59,2121010.708073,210,1849033.379846,105,1522779.30114,161,1482119.170147,369,1468577.103693,56,1465182.341843,157,1358510.073156,367,1298012.130578,211,1265369.994518,52,1219201.243529,209,1169068.94587,371,1149214.207568,366,1143612.039314,212,1129081.151174,158,1124769.699386,266,1109108.020434,314,1061078.334681,372,967209.951379,57,966719.202922,315,961180.423573,159,957025.728705,162,920816.796853,156,916623.921485,214,891476.896403,60,869703.506877,213,853625.51406,58,chello
5127887.364327,23,5091341.30981,14,3119820.022433,67,2838554.589153,45,1867291.32678,27,1765128.830464,41,1665043.953597,18,1651298.965221,68,1460026.949128,28,1174049.55807,13,1136660.021091,22,1128399.511987,24,1042290.455323,80,1022162.476238,66,1011901.933904,46,979132.094916,21,963330.694058,15,891441.56135,17,799082.128108,44,796391.650176,69,736357.19329,34,705912.013868,90,699663.665069,19,661908.964521,26,610942.391053,89,599732.030969,12,571153.449096,16,562518.115457,65,559333.359064,20,539111.882332,29,532391.279965,11,498638.23732,25,AG
5216116.662908,22,4659775.60174,43,3127359.632339,42,2916768.299618,54,2570643.832561,53,1798006.446268,23,1699927.740504,63,1524303.380044,64,1437473.330779,32,1331654.922833,21,1310863.316116,41,1064447.973507,44,1022188.060968,84,991543.239803,55,974177.67547,20,973276.397386,52,916798.668683,40,742588.243689,85,729868.851977,24,723981.992223,65,713769.01989,39,655320.814701,33,640398.104587,31,595799.806431,34,581812.616674,45,579101.797354,38,541656.437802,51,512517.053467,56,507961.808321,19,464733.076477,35,462484.016482,36,449142.017854,26,piano
5902878.157478,106,4868812.474989,105,2762397.908479,158,2683316.690685,157,1910210.808868,159,1812995.675851,104,1490891.881517,27,1350929.115541,53,1344537.89064,40,1131293.004403,107,1076704.720096,52,1024213.77565,156,1002785.840165,79,970475.292069,26,894012.728251,28,888504.69714,103,867942.327151,80,813494.741796,54,813022.603256,160,751659.90837,14,679277.708346,132,606221.675894,101,559994.307532,30,542640.40796,51,519517.214009,210,519189.855909,81,513884.054203,66,496697.925299,55,463698.197052,25,444466.044814,44,435532.274359,185,425698.774559,100,flute
4886297.949983,14,4322274.932024,17,3566876.683549,18,3527946.306605,34,3128297.615773,117,1811780.037421,100,1514393.577271,15,1153265.101275,51,1151055.445418,19,1124735.347189,30,1058854.313338,27,1010965.52333,31,999526.747692,16,966959.685931,80,909907.244569,101,841083.578178,251,806448.104052,119,735445.571431,23,675301.311645,45,652425.125268,20,577780.953453,183,576763.752058,184,573951.60889,250,573320.541855,50,556005.789964,28,538535.506588,29,526903.109873,99,522192.812208,35,515538.535253,234,503897.779594,21,492655.758272,67,451376.721452,11,AG
7982254.110627,20,3266917.869608,21,2473253.763223,38,2436641.510335,19,2307129.146246,39,1446579.39792,37,930347.549797,76,900566.308102,18,870928.882694,58,806696.544344,22,709748.297386,41,609288.83943,17,603079.560514,94,599955.479233,36,531198.490516,151,528697.501336,60,488017.412258,23,466013.196771,35,450915.740688,59,448575.432807,16,440699.924556,75,398700.194226,113,389794.146807,56,386625.09493,93,369573.617158,114,355635.013817,26,351158.312155,24,350968.051238,42,345153.75733,112,325137.584238,25,322132.7398,40,320079.953191,15,chello
5522482.875743,16,4384869.474816,15,3380306.146201,20,2448303.203493,21,2430121.959357,19,2249690.991984,34,2128708.523464,30,1663135.538054,14,1560929.725103,23,1341932.077399,17,1309148.386289,31,1271565.629986,100,1151173.800835,40,940580.752657,13,815180.009696,22,600351.565271,32,597348.972141,60,590666.792304,12,555165.592519,74,547997.270819,99,546978.144895,53,536751.952165,132,534178.274998,18,485643.66937,133,484384.769812,35,484378.272511,29,477157.03198,33,456878.642074,26,422945.149035,36,400620.147398,27,386576.394989,45,385829.996301,39,AG
5860764.552727,23,2723167.301868,16,2028399.69411,75,1794286.855428,11,1705505.315068,15,1694457.745906,21,1650988.608695,22,1589045.30118,20,1586499.376463,45,1517865.754983,31,1414081.634247,30,1287858.845821,111,1283230.137877,19,1175835.904022,12,979658.883128,24,912193.969894,104,891014.260609,44,855464.667291,110,831535.278482,50,724255.081666,14,653440.050418,25,644508.071889,109,611871.687609,18,601045.53343,133,588073.122336,46,573528.632378,13,570013.886129,43,554041.416587,156,538957.658896,112,527446.819365,32,517550.341816,29,510524.784633,88,AG
5934795.36863,105,4008145.921112,27,3383561.551781,106,3281830.150064,103,2338888.436948,53,1649831.116076,40,1477556.875315,92,1303208.310573,102,1246043.13495,104,1068963.324025,79,1067713.43149,132,980795.329321,28,814265.777457,80,751120.299298,26,720180.566125,54,719873.202624,94,695358.354396,91,673426.322194,52,671577.200378,97,653072.436227,98,645386.490344,14,591144.258722,185,563992.673983,81,550925.838305,30,549919.279144,66,546464.771328,31,534179.554191,186,525743.15181,29,514408.785943,12,484001.421683,96,467407.530814,133,454894.06442,95,flute
6194927.737129,15,4168131.651427,43,3763378.394639,29,2579620.486712,42,1687481.025204,28,1401613.364222,64,1230168.224396,44,1207807.157429,71,1195364.871274,56,1142049.644321,14,1016243.332316,41,960552.36753,23,955359.194247,57,916564.641008,63,795557.184332,30,764199.570136,22,745436.268388,21,708698.501016,16,702937.338293,40,699134.78251,84,680455.299813,27,641479.636607,13,638756.788156,45,634289.520339,26,603307.281031,25,495914.784269,55,495901.217427,39,482404.744205,46,481921.74066,11,476052.652605,24,467047.162813,17,464224.429621,31,piano
8426201.834587,118,2893993.250783,117,1747958.315777,40,1699189.913191,235,1538339.923633,116,1427358.842296,34,1270754.39677,119,928868.203504,133,863919.323686,111,701215.656738,115,693998.424549,113,672126.144987,107,668942.353806,132,621208.550909,112,620968.815753,105,604702.309961,106,603227.213033,124,601209.001384,236,589658.031527,114,587267.776569,123,582516.714784,122,581175.96052,121,566597.354785,109,554717.339237,352,546339.582183,127,544609.492368,126,539727.027066,41,504513.109936,134,477234.817302,33,476964.426775,125,471617.820119,108,447147.062274,128,flute
0.0,11,0.0,12,0.0,13,0.0,14,0.0,15,0.0,16,0.0,17,0.0,18,0.0,19,0.0,20,0.0,21,0.0,22,0.0,23,0.0,24,0.0,25,0.0,26,0.0,27,0.0,28,0.0,29,0.0,30,0.0,31,0.0,32,0.0,33,0.0,34,0.0,35,0.0,36,0.0,37,0.0,38,0.0,39,0.0,40,0.0,41,0.0,42,flute
4662374.090187,32,3610877.554521,64,3441111.734854,33,2969013.713779,63,2453581.52754,94,2394250.434178,158,1963999.75298,157,1932884.279946,156,1730894.72647,96,1631380.318677,62,1317242.813849,65,1270519.524859,95,1198139.324973,159,1082900.439175,188,1038214.997875,126,1028818.802461,31,988533.479311,155,941986.396342,221,918661.791196,61,889609.476763,93,875623.37341,190,801762.199004,66,782444.675688,34,715404.951389,218,639946.533358,30,610833.928199,127,607244.426415,23,562311.149848,60,557721.288142,35,545072.538239,154,545056.740026,92,530291.258256,21,chello
5863520.607132,45,4281410.314471,50,3503425.490523,89,2697533.449196,100,2649097.6776,51,2344016.326203,177,1412655.43692,199,1381723.251901,49,1358921.995781,149,1223115.853252,221,1120917.1794,248,1094139.288909,133,1057709.421768,52,967998.196537,198,794794.59682,176,699690.831625,53,688043.001454,57,683842.760727,48,683223.953363,99,565899.197696,44,505594.571695,197,483199.67515,54,454498.34535,47,427089.092198,98,419915.671248,90,396763.253647,200,379692.111446,55,369545.70219,220,331663.007179,58,304964.831276,43,302696.230327,175,298856.24939,201,flute
5148867.433864,28,4709137.760321,54,4449850.995505,27,3289883.850145,31,2133795.897308,60,1906108.578234,61,1625262.048547,26,1325854.265476,55,1162918.619928,25,1001355.35548,81,996672.127775,32,959276.745462,29,874938.909104,24,868449.704688,53,716576.113789,33,578239.128653,34,506345.514822,62,502708.293007,30,502203.755743,22,494138.48342,52,475521.73456,35,475394.725229,23,447321.768174,107,417286.305326,80,416685.979624,21,414185.902723,90,382107.555333,20,379974.651092,36,340843.332469,50,335329.386168,37,332603.215611,19,331974.01979,63,tuba
7213870.357956,31,2999008.488708,54,2626246.422047,30,2298583.761645,53,1879927.662728,25,1834960.22552,26,1705358.624998,27,1252352.240368,50,1230939.462271,45,1212682.221399,61,947812.111413,52,897905.033655,32,865674.936701,55,863845.757684,60,861054.001758,20,852115.751655,21,833285.355042,29,808925.992458,28,806958.432536,22,795148.290495,58,792658.242192,33,775653.450415,47,743186.922274,81,731861.695704,19,690008.970724,35,669633.830327,56,652541.426406,46,565983.156462,59,545314.973362,18,544154.072933,41,524782.274662,23,524026.764929,79,tuba
4429278.061532,17,4185636.025314,32,3415382.5911,25,3188875.351172,16,2801548.476358,23,2384090.813261,48,2043136.054681,22,1994061.151017,18,1845171.181482,19,1772974.96354,71,1423205.905579,26,1205217.837805,11,1203010.506977,20,976072.154426,33,887625.632461,95,797770.781779,31,786007.282479,15,781728.924773,47,714626.073057,63,692955.087184,35,634454.898479,13,619937.284543,51,614014.941053,28,611655.503995,27,609027.507523,30,591230.802729,34,536115.543542,53,522854.523628,21,515694.505359,79,510603.678241,64,507414.715463,43,494139.563223,49,piano
5565726.78323,100,4242392.477627,13,3283274.928156,26,3220859.375995,133,2366378.928283,14,1744187.82016,34,1545556.350603,21,1358408.634069,25,1299264.096105,132,1291079.604777,40,1171301.406726,99,1159234.419453,30,1144256.204929,98,1121108.45585,15,988393.538551,31,921514.187202,19,919954.723159,12,878695.586726,67,869818.468461,101,862947.296055,11,735002.150236,27,733924.548909,16,721680.189957,24,680912.747651,102,646717.519423,103,588933.038258,97,552704.129883,131,528051.34828,20,519442.697691,17,470563.180514,23,452528.205518,119,434924.88938,96,AG
5757811.201326,27,5116049.844613,26,4165284.10974,28,3270961.631148,54,1864248.134751,55,1595809.281811,80,1384999.919793,25,1115408.990397,81,933566.658038,29,815898.049143,50,760693.298361,52,726106.573658,30,678127.696154,107,594025.304498,32,565324.822178,24,519756.392397,23,505747.340503,57,490612.862001,53,468448.089322,58,439888.876848,79,433518.524009,106,430232.244673,22,390084.354627,51,346464.146786,20,326028.104171,31,321845.089726,40,301083.556666,33,293386.791282,21,286742.995665,18,276630.025686,19,273307.221296,48,259263.547315,78,tuba
5215738.21967,23,5109496.396129,18,3458216.859887,27,2695857.682741,36,2413832.745808,19,1783710.963639,20,1548857.73412,53,1474850.35724,17,1356475.357066,34,1290329.074291,133,1146842.438741,21,1112961.048531,100,1108468.194311,28,917263.457604,22,849538.75567,16,822623.465538,67,771974.357745,54,765978.449309,26,765350.774634,106,671746.680619,79,618085.302669,35,585961.938266,25,564014.544903,80,556561.326712,15,514070.787466,211,497569.488926,29,469338.378495,104,463586.180996,52,430733.987343,71,417107.883882,13,412167.651784,14,401251.282295,210,AG
6582388.917903,60,4940815.118065,38,3258966.30986,149,2244559.18362,178,2232229.893452,75,1798205.682301,112,1513576.44915,59,1266407.322128,177,1172057.810586,61,1058885.059249,179,934371.989649,119,720299.605311,150,601069.124612,180,578087.954122,57,530019.98338,58,523114.332763,176,506068.555471,62,467106.925472,158,455848.450992,148,422124.839365,40,415037.511278,168,343452.891783,113,333379.588204,181,332270.69642,39,330356.201329,175,306316.351057,63,301262.170933,56,272826.66715,118,262958.205899,174,256155.704966,182,245752.498332,76,244022.831023,64,flute
5880129.875372,89,5089012.199914,176,3494482.924657,177,2004564.941603,178,1917664.709706,175,1698430.722689,79,1390783.326101,265,1327346.645892,88,1263863.137163,158,1233205.859115,264,1217229.732423,179,1166963.269218,94,1119838.946973,90,1013728.393415,174,964379.418638,263,878611.171396,157,707347.46891,180,699224.577675,87,676658.926945,173,549631.864519,172,533491.843342,181,499283.81975,86,498275.500907,266,482979.751227,183,458090.894643,171,452233.82238,95,445326.616912,182,369517.428723,262,364316.700825,93,356892.426454,170,337061.452163,85,332184.106445,184,flute
7949484.283213,112,5075072.005838,67,2222842.477701,133,1642773.412336,132,1206473.775703,111,930069.670074,66,924198.473934,113,816828.46048,68,752989.209695,134,609095.599461,131,524842.886437,75,492455.882831,198,420591.055485,69,418110.641903,135,404493.226838,65,366937.18186,119,349316.67432,130,328125.878292,149,287857.311642,136,283941.522666,64,273971.320631,70,256141.71886,129,255590.836052,110,245167.742419,334,226774.583885,199,226127.49662,63,218464.260789,223,208001.72177,137,190449.768099,128,187381.951663,71,182825.318488,138,178467.404627,62,flute
4862349.934605,46,4290418.672386,16,3669328.185351,30,2794811.251109,45,2706932.875691,61,1774094.621441,15,1547535.22703,17,1530293.905691,29,1518299.303599,44,1360789.386117,91,1173248.844421,34,1103507.155362,77,1064890.490745,75,1062817.154711,59,967002.671673,18,955527.957086,14,947435.910581,47,910015.251461,32,861373.822344,60,856669.772915,28,796736.253369,42,708127.71935,20,693905.979919,31,688678.784333,19,664670.108967,26,642019.198715,33,616666.112107,74,598081.57018,105,579440.393469,58,562171.875725,120,545218.185436,43,544390.63431,48,tuba
8426591.444858,26,3244238.937616,27,1956537.813863,77,1296273.411931,111,1233974.885332,25,1079882.175273,28,967809.914677,102,962765.664551,127,915572.555852,178,892855.261749,152,872875.224712,153,832964.490876,40,827886.677967,151,778599.120531,112,756691.041799,76,686352.871364,89,630293.344249,52,630047.29314,128,513474.366727,22,500373.691157,23,492236.610933,45,491112.061625,78,469009.491247,103,445067.0715,67,442061.864734,29,425662.21138,31,402708.067098,32,402571.096815,75,385790.254637,110,364531.920607,113,364316.611269,51,358515.697669,150,chello
6638683.850578,26,3119597.117024,25,2800613.975417,50,2465056.71731,75,2260700.770073,40,2237959.045408,21,1791302.003476,16,1665938.425291,30,1637751.802534,27,1322875.666801,51,1250811.63466,24,1028189.007255,28,997709.577135,45,989609.293203,15,943288.233962,29,922710.91685,20,919411.575363,23,876980.764458,22,846863.703966,100,761111.069335,31,662338.572968,49,576235.786885,52,570908.637083,104,528774.609374,79,490501.249831,11,475442.280107,118,475034.791556,14,460542.517996,99,436245.617011,149,423115.005578,17,403620.679721,138,380776.097506,46,AG
4499776.431249,38,4273374.681159,177,3113947.017242,75,3111884.984577,178,2957638.388217,176,2636079.615023,150,2138250.686753,149,1709415.206411,266,1678844.319649,112,1581887.218558,76,1315284.069083,265,1219733.329515,90,1171065.743522,39,1118899.147604,88,1037768.035567,151,999535.473838,175,957881.435953,113,914468.497885,264,890261.026213,267,886167.072463,179,619602.856064,89,609055.331741,174,566021.624232,148,533554.75593,111,518034.930964,74,457845.875229,77,455312.967486,186,441605.904487,152,422965.536436,180,403412.541085,172,380921.680804,173,375124.000585,153,flute
0.0,11,0.0,12,0.0,13,0.0,14,0.0,15,0.0,16,0.0,17,0.0,18,0.0,19,0.0,20,0.0,21,0.0,22,0.0,23,0.0,24,0.0,25,0.0,26,0.0,27,0.0,28,0.0,29,0.0,30,0.0,31,0.0,32,0.0,33,0.0,34,0.0,35,0.0,36,0.0,37,0.0,38,0.0,39,0.0,40,0.0,41,0.0,42,flute
6931690.205104,27,5322585.296349,23,3224533.92736,100,1534797.554075,53,1451352.105644,26,1442844.801022,28,1170381.086597,132,985187.301923,24,924827.667999,34,796562.421813,54,676469.603218,133,668134.26498,25,635426.781169,199,589604.490783,106,580279.343832,211,563894.726642,210,555568.535954,89,541941.576416,158,499104.282205,29,488403.151744,99,485586.258122,22,485041.491519,79,481117.140282,80,447851.775424,111,444164.343537,101,382298.233761,52,354739.001341,18,350914.184042,263,319688.936038,184,316509.397828,55,299477.074179,30,284290.853443,177,AG
4659385.618097,16,4095363.691708,54,3381221.604497,45,2659417.404606,27,2568398.381729,28,2117658.093891,80,1738637.160898,15,1719801.865357,31,1664043.025238,67,1491454.231903,38,1471548.332343,68,1421703.848867,60,1276776.138265,46,1244288.826776,30,1232998.0147,34,1102317.999835,81,924630.34731,26,887622.311644,32,875093.41331,90,829451.559029,17,806380.167738,14,738610.010665,44,725669.857114,18,696044.406406,33,686781.583005,66,655374.562884,89,632832.041314,23,619898.401782,13,611093.480575,107,605273.460985,56,603455.940969,39,597903.102794,76,AG
5634967.094622,89,4490802.316195,176,3427733.2068,177,3239468.393568,178,3078767.780932,88,2213032.235718,264,1524046.223036,87,1178235.939818,79,1051584.651962,157,983763.723381,158,978791.630662,179,769482.14443,265,744375.397381,86,726424.757635,266,666393.261967,90,617497.540115,91,607080.305408,92,579443.340778,180,550711.726898,263,542640.932772,181,520511.72624,85,509432.258979,175,448751.290895,159,446511.04413,80,410019.347048,84,388522.982785,78,381807.305812,267,366590.950667,173,364315.913726,82,353894.493427,156,351280.222521,93,350244.800039,183,flute
5621327.43248,20,3362681.287865,60,2792676.103622,21,2702335.680256,38,2623626.47637,37,2498881.146395,39,2278566.16951,75,2104530.093559,59,1657471.34922,57,1333792.443842,40,1271465.969686,61,1167713.451787,22,1028108.835572,36,1018566.34423,76,966197.76625,18,957619.618936,17,853518.168098,19,780030.72502,56,776581.066728,134,750480.999896,94,687864.466519,118,663186.377362,16,609536.798865,77,602364.720244,79,586863.817311,23,584093.296065,44,560478.560426,74,540623.791045,119,529599.144934,35,506494.686149,24,501138.870005,15,498817.889103,42,chello
6476220.834838,112,5999489.313339,67,3064269.635041,111,2807587.01284,133,1529896.656475,113,1050541.037424,110,891772.760083,114,703994.916838,109,621372.867018,115,536840.804653,108,518396.360099,60,516089.008132,199,463061.398654,116,452547.073706,100,406324.706178,107,404761.958184,66,390906.59338,99,381029.045083,68,377756.548178,117,361496.537376,333,336127.76466,106,311966.565543,118,290518.358769,134,267896.472794,105,255187.728747,65,254096.285474,69,242190.104665,119,230677.918678,97,225325.453143,104,223399.155673,120,211995.005334,98,202555.751459,121,flute
6469899.028638,67,5373818.072747,50,3053821.547916,133,2191928.100716,100,2029660.111188,51,2019774.264183,198,1382261.661701,99,1226504.60397,149,1146212.68033,49,1115084.551968,199,761850.747024,52,631635.320693,48,601716.80995,248,506341.48529,98,491461.603326,57,486450.01114,53,458634.555493,101,438127.506277,47,428046.457108,197,380335.310302,54,366589.493448,102,333183.57046,247,327810.958849,168,301080.180071,55,300827.909824,46,275667.954208,97,273757.447915,66,265277.851068,132,256171.07135,45,248449.226724,297,244159.829681,56,239245.521673,60,flute
5846655.570344,53,3585094.45246,52,2348421.475989,54,2297566.315047,27,2142604.553697,268,1940866.829035,155,1758880.090609,90,1717102.064429,160,1618939.999658,108,1594275.904089,105,1359415.272767,106,1290217.411933,159,1239678.608629,107,1220372.589527,156,1012747.302973,104,969118.755474,51,885509.570466,28,869960.387283,94,861157.506155,55,778773.15507,89,752052.898278,158,718391.886203,103,706609.12145,154,706035.389992,318,704374.954036,180,667086.742133,87,587964.575576,37,587274.582164,80,585140.680319,36,582292.084743,58,578251.548263,319,540404.489565,161,flute
6276346.354617,157,5076718.261326,158,2873124.380744,178,2701250.104496,177,2044621.582321,179,1819600.950093,156,1758722.619606,159,1629404.067956,176,1232573.668147,155,994189.638351,160,815144.502111,175,808646.076813,154,704482.283977,180,647662.980178,161,609612.812204,153,581600.963329,181,545635.396056,182,502010.904244,152,437664.343138,162,430384.602419,140,409856.587522,174,405893.277763,151,393239.600076,183,383860.003036,141,360853.343733,149,359950.723055,150,359142.533581,184,345860.318079,185,331295.947271,163,313848.361549,186,305044.683723,148,295271.756798,147,flute
5406921.886182,81,4646736.074508,161,3397687.346329,160,2621015.025453,240,2233256.129072,241,2232950.789963,46,1813054.082206,91,1394201.230044,320,1389477.019963,159,1146485.931267,162,1052402.604052,82,1003547.655283,90,977491.781632,239,904493.798193,321,896966.857532,158,864238.769149,242,818526.136904,135,759517.637314,163,692709.291882,89,664588.020525,164,634370.736566,157,632668.639245,319,631406.483766,165,615261.96213,83,560577.38895,92,530091.748887,400,524832.835294,238,485024.369355,156,481403.350992,166,475432.749619,84,457370.788162,47,437338.069508,88,chello
5516502.084251,20,4929994.085302,38,3203915.993757,19,3057470.671527,57,2614882.419335,39,2325890.463904,18,1652519.656166,21,1470704.187132,37,1287811.405778,35,1148869.190893,40,972035.992857,36,956405.991286,22,913104.467858,76,773927.976071,17,728407.617561,41,712339.116781,27,679122.763232,23,642696.238391,56,630331.339814,51,571763.850158,16,508552.493112,43,495692.755675,25,483615.399193,34,467010.765217,24,466031.793433,42,421107.73807,44,405172.889492,94,403324.382385,15,384836.522225,46,354300.67024,49,352410.343837,45,348636.758093,55,tuba
7398885.068789,27,4494029.617305,12,3377254.168698,23,2024493.160901,34,1727224.864398,28,1340202.369169,100,1330572.073795,26,1190763.63868,25,914412.82519,24,820768.769562,67,790541.006439,53,722916.153153,29,650201.020582,132,576565.051446,80,535546.324989,106,530947.94324,79,528257.243805,133,423306.445511,30,364698.557323,54,324352.635218,31,313608.389367,17,265670.109547,35,233695.727708,32,222275.451366,52,207446.037071,105,203207.910563,36,199514.599977,81,184914.408189,14,182002.174828,11,181820.138219,22,170963.04249,15,170014.032143,51,AG
5472065.485566,21,4559208.125422,20,2923171.187969,19,1983764.434734,40,1676959.560475,34,1656650.626449,33,1308259.567228,28,1288660.393544,99,1206108.2754,39,1193751.839312,35,1167151.135725,22,1163712.450389,42,1151871.860709,31,1148825.854307,133,1116312.461816,18,1051492.879422,41,1000780.54603,27,948062.370419,17,929415.453006,67,881927.652428,38,845435.078113,44,746255.987493,98,729688.26212,45,724479.560104,16,701500.735926,14,679029.098323,13,659126.654295,26,643979.712454,46,642804.579582,132,589820.658986,15,579858.869723,30,572980.483146,43,AG
0.0,11,0.0,12,0.0,13,0.0,14,0.0,15,0.0,16,0.0,17,0.0,18,0.0,19,0.0,20,0.0,21,0.0,22,0.0,23,0.0,24,0.0,25,0.0,26,0.0,27,0.0,28,0.0,29,0.0,30,0.0,31,0.0,32,0.0,33,0.0,34,0.0,35,0.0,36,0.0,37,0.0,38,0.0,39,0.0,40,0.0,41,0.0,42,flute
5670935.091245,20,5662308.957456,19,3181799.820721,40,2298219.939334,21,1691094.398642,16,1603849.9348,38,1560634.206406,18,1434225.892951,113,1405028.582297,112,1385991.339401,17,993694.039942,79,974365.824603,39,899961.277878,57,816805.084738,22,799242.00048,11,728187.011353,56,671252.821173,45,646258.921838,118,604486.446396,60,583435.655183,23,574812.494915,15,537346.487856,37,483508.23586,138,453763.941395,119,443589.064194,41,390950.67918,36,390562.114228,25,349413.951625,94,334971.073691,75,321896.22883,115,311320.276045,110,311244.030552,24,AG
4947415.07697,32,3954855.714469,41,3301326.797024,40,3071380.205035,80,2585502.859634,119,2484452.51191,120,2459668.982887,238,1601015.678395,94,1407671.20809,63,1120964.022112,31,1072006.832487,317,969741.024394,278,955048.451792,34,952333.812352,39,949407.853555,60,937838.416464,277,844917.496778,30,832333.84828,64,824951.298624,199,771610.584001,118,769192.288705,42,707021.844466,38,696467.593412,121,609963.015966,62,608402.884179,59,603757.031097,33,564796.171857,93,532571.824239,37,526847.251603,43,523324.190957,65,500698.225492,61,479231.400579,276,chello
4379816.128286,12,3608905.66671,89,3384638.205159,40,3104669.571158,90,3073245.489921,13,2712223.392273,75,2249742.686522,60,1779877.556593,46,1330740.587227,50,1326253.3992,80,1296955.431731,41,1236068.771911,88,1179113.043389,91,978602.279655,79,929332.831533,43,891058.074214,51,857080.794505,56,822686.717248,11,807607.670048,42,792630.884086,14,768928.737765,45,747956.478218,15,726310.272083,26,631694.628946,25,586661.581809,92,578864.426747,76,574541.448879,81,564786.063703,84,557727.119548,74,549527.420643,20,548518.314724,34,545962.498267,48,AG
5211564.597651,27,3292148.693404,79,3240391.977406,80,3088094.11056,21,2611704.169837,28,2246967.866356,40,1994637.459982,20,1882852.921774,41,1871080.501195,99,1790021.400085,53,1313623.664201,119,1298562.75724,54,1116471.868555,29,967281.147652,26,933863.231459,106,917473.561942,132,867973.485398,78,825894.675077,118,764987.211879,39,754461.161428,158,733295.195212,105,676659.939545,24,666187.927302,25,654705.734213,277,596163.860622,81,568966.560724,211,522792.825591,15,512575.475801,159,505567.70419,237,505102.180517,42,472850.466635,210,443109.680228,138,AG
6366601.36109,41,4669987.637758,106,2924060.29781,105,2637398.854442,40,1865396.847967,39,1840994.321893,42,1784075.7808,107,1645260.675496,34,1643333.406716,104,1046422.052198,43,1016166.729467,38,899714.755441,102,867796.704342,37,725522.313687,36,696521.031347,44,694230.104024,35,682715.224595,108,544493.359892,46,527852.326689,80,499014.884926,45,448306.172544,47,419520.620528,79,410606.792675,48,410163.095735,27,408802.95689,100,405637.900091,52,401420.106995,49,356053.7223,50,340220.595672,109,324492.983587,51,287675.778476,33,282644.657933,67,flute
5207877.544555,11,5144997.436706,26,2709858.151153,75,2498096.308031,25,2476489.59766,50,1866532.430577,21,1804463.979768,20,1739407.628095,40,1610698.597836,16,1249650.095308,27,1192648.604481,12,1110609.220928,19,968154.557005,51,864856.937456,17,839949.442725,24,828378.822001,18,827713.27795,31,766150.132821,28,720029.587506,100,642764.094188,13,635854.582481,23,616198.387566,124,591798.545639,30,556261.982537,32,533003.682274,22,502802.407822,49,480306.778886,45,473697.690687,79,466034.650844,14,462960.52485,15,461166.300677,99,448695.421682,29,AG
7590569.28547,39,4455265.947787,77,2713195.065503,78,1681276.713185,76,1506176.643408,153,1341228.45081,40,1329103.93599,38,1300926.891482,34,1160123.891486,154,1044098.770376,152,801154.694699,151,724478.75017,115,618677.119899,188,607754.551449,190,587760.81368,79,553454.083338,75,462134.717771,192,462018.431317,191,458188.910135,80,424317.586487,74,422422.655776,155,394623.149345,35,384850.159742,156,371557.005947,189,351896.527484,33,333593.448206,167,322469.555072,101,310430.433446,81,309018.771284,73,307685.758829,116,297753.33059,117,277047.023722,112,chello
6621163.533584,40,3412802.010223,60,3282514.442123,21,1808303.102375,22,1677012.401419,79,1660853.912803,41,1652041.955571,50,1508611.782166,20,1370204.326647,80,1367106.558945,51,1362679.041657,16,1294849.09425,49,1275896.174537,23,1246763.955256,38,1106179.658243,39,891513.938527,42,847646.551076,100,806368.76908,99,752033.207096,24,739742.922818,52,729719.819543,61,722645.872438,19,687819.901535,158,655387.250162,101,630545.360585,14,623190.212148,15,612148.082752,43,586772.45731,78,555138.066811,13,537947.641441,59,534042.43181,46,524756.330168,17,AG
6282617.098485,27,3354896.402796,53,3079245.165303,45,2082985.986419,62,2071447.562115,44,2016748.291707,28,1897332.826584,54,1557837.698649,71,1191248.303202,36,1151801.764392,26,1090144.950547,55,1085466.027216,46,1018643.487564,52,850312.277686,19,761926.611995,11,737453.863142,51,736467.441949,29,673202.000173,25,664935.36156,47,638221.589838,43,624945.696566,50,591046.004349,48,568988.034575,56,548209.421962,70,514308.521715,49,486147.065225,20,475359.633068,35,455151.105426,24,449193.798044,12,440150.858036,30,384729.722675,57,382233.548655,21,tuba
4806985.735317,16,4182919.683659,23,2688251.772297,15,2464833.933298,45,2393781.271698,44,2143073.193565,17,1810643.82011,46,1594386.456555,30,1585152.725536,67,1485275.753889,47,1447452.318131,43,1384721.044134,22,1349650.590124,31,1241692.19625,42,1170523.374787,18,1140088.687802,24,1107394.394801,89,1075527.442465,21,1073337.878961,65,1042802.607931,14,986730.441208,66,962759.461263,48,939832.60863,68,911894.220645,29,885948.573361,12,875268.212649,19,852333.614251,20,810686.421071,64,789742.624169,69,758697.064119,60,749868.60588,75,710282.913047,13,AG
5129298.961716,63,3351532.958006,56,3255044.641417,57,2970002.525083,84,2365560.700329,29,2174868.45967,64,2161822.034345,42,2094485.325622,43,1747916.847038,58,1683973.14146,62,1515115.54141,22,1512493.157221,126,1266009.629142,112,1199529.19289,140,1169207.379519,71,960201.767724,55,907651.618638,41,904674.969463,65,897088.136314,59,856061.518938,28,824795.490224,61,809677.696249,60,632369.688374,66,619514.032301,44,609964.569501,40,603201.974503,113,544433.364673,27,542862.538702,30,526044.249069,83,473500.823322,21,472803.967525,26,464228.066159,80,piano
5741248.721547,40,3755548.150359,60,3252837.455446,21,2225078.014598,34,2137435.173615,17,2054709.042199,18,1887370.039071,20,1709723.260245,79,1578785.652008,54,1566004.490191,41,1509467.237825,27,1393070.229628,22,1390855.6203,39,1229853.530369,80,1027982.400798,99,978316.281307,14,889505.550361,19,822409.316531,23,780355.701493,28,763650.790354,26,760699.55222,16,758634.471729,42,701585.339161,81,645862.185569,53,634135.820431,38,633849.223329,15,626046.666893,36,618742.01965,67,564529.57723,24,562367.209507,78,552758.110694,25,521558.222279,35,AG
8169675.902399,75,3981147.965741,149,2866209.010488,148,1540414.254502,74,1428691.175813,150,1408102.259794,76,1001469.063964,67,875515.998997,222,807285.836481,147,711867.534342,223,689801.095883,73,651107.518881,151,528494.614005,77,500184.131465,60,454117.096661,146,403874.747695,152,390947.201903,72,369053.64506,78,315429.333271,224,304263.015968,145,289101.890763,144,286869.273257,153,277003.474737,79,269618.233702,80,259751.314295,71,259190.817861,154,256698.14261,132,211856.062117,69,210804.607704,70,210045.69344,296,209093.399994,68,203133.6704,225,flute
4351951.243585,42,3662791.11481,41,3344399.807353,40,2800619.547265,72,2511775.290966,39,1822526.234457,55,1555603.035598,106,1551190.985111,71,1541974.25881,36,1485534.875009,75,1288509.19082,73,1280840.068769,43,1218788.834488,176,1197134.840062,38,1190660.310744,14,1149712.785077,177,1101216.570832,30,1058098.058841,35,1055095.057362,74,1036918.458469,109,1031814.607075,108,997760.672617,246,935821.134189,76,822772.351374,54,809782.8334,107,804271.520541,247,744566.385283,105,724496.335994,175,720025.244356,44,667165.182228,245,639993.400988,211,621775.325856,316,chello
4504186.524337,54,3532508.537766,21,3518817.35301,40,2915957.678625,53,2821821.830075,50,2088002.482747,60,1911895.431848,26,1881124.864199,106,1762066.485735,20,1523224.035992,159,1507572.034593,55,1242933.640838,75,1140489.322432,51,1117795.50622,41,1042943.15231,11,1013548.543105,22,1008503.057001,49,960356.971897,56,959691.558712,79,955218.53779,100,877347.861444,80,832230.544712,52,688284.726005,25,685579.25977,107,666960.458322,16,652626.255348,48,635727.775756,39,604213.113877,99,592517.336032,15,583370.977244,57,581023.706403,23,577116.485431,42,AG
5248121.021877,32,4595296.592726,33,4088025.275614,17,3287220.206077,16,2400713.552268,48,1948005.740984,34,1749433.134019,64,1587343.642072,18,1497475.434368,50,981347.026422,15,949688.966226,31,908030.170043,30,768430.554213,46,743872.781379,37,729855.934213,80,729802.904324,47,647300.312313,65,631545.525346,49,591783.060943,67,549035.279621,45,544667.599987,28,476593.518111,29,470220.152045,26,465320.371103,43,451384.544335,20,400487.70208,14,398680.735606,27,394794.744029,51,391973.984495,38,386286.048757,41,381327.84509,23,375054.899761,42,tuba
6136888.193143,142,5071327.798372,141,3998203.41958,36,2464684.507337,27,1663560.440186,139,1438260.898209,28,1185542.65175,26,1050270.527634,45,822451.08792,143,813867.89687,37,777232.850087,79,641944.681033,29,619959.953798,106,617641.585365,34,609109.088344,144,598010.842074,140,568617.406572,105,566828.71643,137,550689.411136,38,501879.207556,133,486134.843361,52,455320.005812,35,451006.804584,145,447503.74911,138,444015.115658,54,438240.612837,39,436712.892985,53,416884.201353,30,411381.705747,18,389072.376501,25,383642.676316,32,368718.399012,282,flute
5520134.404133,23,4257517.633268,111,3784214.742784,26,3513690.646179,45,2413330.326222,75,1735536.841799,50,1607704.776681,25,1352760.243346,133,1258567.754105,16,1216670.836192,155,1202763.641518,89,1195968.371131,27,932126.075476,100,912446.497495,30,808010.832547,51,723300.39025,67,709894.953341,24,697052.363988,149,628996.756686,221,578328.077675,15,568170.11514,243,537699.815746,31,535466.92707,29,530023.133428,20,510524.037374,28,494412.031811,110,480516.886631,332,447642.171457,21,438355.246054,99,432482.288814,112,421099.465362,22,361702.566684,49,AG
7495444.233626,95,5321020.737427,94,1979985.200817,235,1355574.992231,96,1155644.318219,47,1148356.584545,141,1075217.098567,236,1028275.572039,93,934406.237032,234,934253.575794,48,893625.678009,97,812482.376848,92,648242.006034,187,624996.089529,98,540336.826338,91,532273.545914,49,446958.914981,376,445220.128135,99,416125.185639,186,413464.410962,142,413221.352905,90,402641.195548,237,395008.83694,375,369091.829869,100,358104.269375,54,354354.127345,232,335439.479283,46,315420.154869,101,311378.309247,89,286911.704774,88,279799.298788,140,279552.439556,374,chello
5480889.172733,95,4889359.189096,36,2861505.654206,18,2527264.704252,94,2340351.306853,53,1616017.881744,71,1424758.031748,96,1328059.975337,19,1218240.977521,93,1203335.0825,54,1073062.453674,91,1063862.73952,17,1000795.761916,24,901031.716348,92,820338.029819,51,796434.729955,97,796251.965432,52,765147.829197,21,740402.015611,27,728965.363943,23,718539.953743,84,689675.525098,26,686772.099964,28,673272.697012,189,665638.461133,90,645769.413493,98,626582.165761,34,617846.214385,106,616882.469551,14,608700.914553,33,602461.842977,37,589357.715386,55,piano
7065185.39453,54,5660271.096958,53,1961037.2477,55,1795025.645084,52,1667314.101155,48,1599781.054985,50,1078752.918451,56,964743.759509,17,930808.64328,51,813654.17271,106,767329.768764,16,755827.301563,25,668381.936408,32,663425.321819,47,644526.622558,26,635967.593303,59,603868.527801,63,485043.103367,62,472509.364158,58,467065.973502,24,465175.49538,60,395046.989584,28,388170.22101,57,340580.946058,22,335144.709473,61,275500.931921,31,243315.123665,33,229385.308057,107,226114.572086,43,218307.774732,142,212132.903111,14,209878.333792,49,piano
8792652.271195,59,4785929.02068,60,1914215.477111,58,1622644.585077,61,1255112.223903,177,1110627.038641,57,845656.487362,176,792750.408643,56,776800.689948,63,755390.529241,62,695369.167422,118,682666.389414,119,580992.947817,64,556791.2849,55,508655.838637,178,481822.439757,54,443506.776178,65,374416.064547,66,361100.320242,53,346533.155117,52,334042.460658,175,305408.364357,51,296101.425856,120,277509.501553,50,272555.501449,67,262962.971688,117,262919.325695,49,249269.4497,48,240767.908532,68,232716.083164,47,220779.628932,179,219346.548649,69,flute
5774689.761051,60,4378101.282137,50,4174964.066128,178,2725950.604866,51,2705968.549445,100,1329925.514185,52,1287847.625393,59,1246426.276986,199,1235670.005808,149,1164428.129761,49,877338.708001,248,875254.729519,53,806684.690841,101,788081.185177,198,713296.058794,119,710018.311759,200,706900.539354,61,694604.270131,54,676021.381503,48,641717.150502,99,581064.42464,58,568563.046323,55,567206.333949,67,562357.72329,56,560793.591603,57,543303.999678,66,502826.136438,177,496478.161387,68,496321.778911,179,456898.19165,47,437493.42799,150,420428.762177,201,flute
5325562.386273,16,3344633.333697,30,3113351.993015,31,2286336.492218,11,1870982.041744,23,1805630.125631,104,1616464.43457,89,1594616.452385,15,1551546.085407,17,1446791.70197,45,1362257.29021,25,1347097.154981,193,1285759.862636,90,1279126.376576,119,1273546.298157,105,1236463.924142,26,1119164.219259,152,1057146.179402,113,980361.348728,12,931610.887855,18,888263.620663,24,835860.901022,32,822547.915865,29,808679.428218,46,762497.755946,14,759037.99034,253,700521.32015,13,681367.079442,75,670304.643104,192,663836.910849,178,633124.696861,238,603431.301072,196,AG
4973112.80413,158,4816772.717492,159,3677983.277699,157,2930433.871583,238,2895026.549327,237,2532726.335424,80,1894884.159906,236,1743664.724524,156,1432941.341042,160,1107896.224938,79,985335.700286,155,973682.53836,161,753593.682142,154,722035.7777,162,612463.061593,163,595370.636468,235,534100.982849,153,533714.415858,81,525428.951331,152,517509.133452,164,482972.378588,316,482211.624201,239,454346.872363,151,417104.996295,78,414791.665611,150,389615.605475,166,376732.07119,165,329403.883407,167,320972.374827,148,319243.21645,149,304182.226989,176,280105.803243,34,flute
4981023.95857,54,4750851.36018,53,4319114.053211,36,3995323.105848,63,1830645.949628,55,1670447.46547,64,1647535.563833,52,1046447.577987,56,1031008.419017,51,1013342.796454,57,935420.333056,62,851785.82792,58,800241.369889,126,784990.959359,65,649503.392904,19,634733.04551,50,612598.455357,27,597885.296958,61,596613.53073,59,564406.230804,49,561033.959161,66,517553.763899,106,507507.527558,71,501404.424964,60,497032.323907,67,486713.402927,18,432232.505601,69,417023.505019,37,412982.477941,68,409147.788266,46,407668.229468,45,400177.27994,42,piano
8284175.580188,119,4004823.121347,120,2519137.477588,118,1564473.794796,121,1314566.192935,116,1247969.409113,34,1029472.201513,40,839234.332475,115,792675.056476,237,667597.090197,235,521826.533166,128,499778.915377,126,463596.594561,354,436691.079977,100,434822.900422,41,433864.513438,117,428534.954974,474,428310.553489,125,402721.067169,35,374086.023713,106,363200.143394,123,339016.667504,113,336301.575323,472,323688.836556,236,309198.426371,129,299534.008115,122,298068.514111,42,297922.17166,355,294335.93787,37,289038.842517,107,280115.951064,36,279109.564415,473,flute
7822633.543846,26,4354624.081387,25,1939614.372302,50,1858567.453773,27,1762932.62704,24,1377359.372479,75,1154048.468572,28,1076579.772881,23,1041907.507213,51,821995.332515,74,821596.446106,29,796483.674841,22,634638.386882,21,627986.494181,52,627873.635285,76,611384.327874,30,523657.85034,20,503862.401854,31,477402.138143,100,451261.02999,99,446687.715357,19,431259.435437,53,420901.287324,32,419742.091216,49,398781.856305,73,391781.411895,18,350530.821582,17,347132.962106,33,317003.940603,16,311815.271568,77,299721.998626,34,289236.76845,15,tuba
6853444.793194,32,5389754.249424,63,2403692.567751,156,1950345.586491,94,1764189.406417,155,1521179.904685,24,1299877.249992,372,981773.588128,62,811406.222647,64,805485.239573,125,767156.217646,31,754900.762382,157,754576.495973,248,611016.149714,93,590042.59862,154,583132.868266,25,569058.085878,186,517710.781855,403,478304.34134,61,464900.405325,249,458695.000999,434,458389.58878,217,454775.712258,23,454760.358299,310,448622.336735,33,422631.171943,218,412781.43517,65,406031.198692,124,397758.930897,158,394388.39959,341,367262.506348,95,357185.720396,60,chello
9053003.012147,40,3481381.212744,41,1558919.868428,42,1542434.355142,34,805461.253511,43,777738.308081,119,698144.356137,35,640530.218865,79,582725.480464,33,535791.684959,44,414457.150241,27,321797.335151,14,314135.016068,32,314054.815382,37,300867.509621,48,297298.505633,31,289844.59705,158,286270.193802,100,285279.203036,118,285262.564987,39,284409.885005,56,281819.358268,28,272856.353254,45,260183.417245,30,252766.03314,29,249493.788164,46,242557.304704,80,241072.665307,198,231846.585855,47,209719.42488,81,195035.441845,38,192282.775839,57,flute
7334891.348444,36,3209571.556673,45,2954760.547167,141,2463963.817689,106,1948451.959285,140,1459677.078811,71,1336947.360663,142,1296982.828984,177,1123480.544548,105,1000213.873139,175,995202.874374,35,944754.132897,210,908838.433692,47,898396.755382,46,792284.730644,40,753122.24213,89,673130.846537,158,668540.853258,34,645975.680678,70,645582.386042,139,633743.542327,48,619801.274275,44,574367.73403,211,512090.772659,107,495753.805054,143,464161.818719,41,423920.745954,88,423217.785356,37,404388.765942,33,381360.23993,221,375110.56236,178,374378.898773,209,flute
5330397.977222,57,3248964.800016,84,2674990.391699,56,2653607.932355,53,2545482.623406,63,2044344.106605,85,2023542.49868,54,1811566.080132,58,1766926.354932,24,1612612.592147,64,1180555.237789,23,1159417.263652,168,1124158.798017,52,1112256.208454,51,1089756.679524,126,1037215.863322,17,986718.142405,25,962352.281552,86,951487.624779,18,938724.471805,59,918138.023934,60,918000.224668,62,875728.617958,32,868758.074025,83,769793.455582,47,735088.763445,65,705753.07613,82,696167.56592,12,696003.666096,87,652622.677097,19,631742.250187,15,596650.426219,89,piano
4865677.394377,15,4738370.481023,43,4459861.539509,29,2749446.821939,42,2012340.908943,71,1732210.601286,28,1431974.796158,56,1408056.72473,84,1337313.378503,44,1332282.019778,22,1285781.422106,57,1271060.366085,126,1026432.756702,41,912965.126457,30,896084.09401,16,807650.061706,45,773649.810981,14,769263.614363,27,749954.934331,85,664982.353886,46,581691.73014,55,564482.207348,26,560578.40609,17,539863.392481,20,538760.459437,40,506462.389218,18,494344.50699,47,484779.926881,49,482621.757881,65,475064.397278,48,465749.186734,31,457255.399691,83,piano
6106438.875538,34,3533384.802958,68,3105256.956558,101,2282032.634577,30,2225618.273969,31,2173548.101716,60,2059215.230566,69,1583686.699118,35,1582649.277797,33,1364972.789331,32,1360946.153916,67,1255060.976088,66,1207839.032467,134,1126445.04343,135,1076759.40449,102,928088.29832,100,761027.495787,99,724709.907165,202,715805.051124,70,709619.652913,200,666948.25396,65,658273.004324,133,619534.738191,136,593147.358227,169,571474.984681,199,561661.695385,36,543121.524572,29,529154.828283,71,514342.749812,235,510569.418937,59,498358.971508,64,478805.791292,132,chello
5403615.31077,48,5279249.73638,24,4264859.311801,25,2556987.632524,72,2056869.067401,71,1742300.666136,23,1719339.680229,26,1242629.18517,47,1017782.737295,22,1004502.006848,49,988080.796566,27,758759.459516,28,724668.584557,70,696289.335331,46,643733.760112,73,627856.954537,21,618498.734015,13,552545.191721,45,536002.736607,29,521617.464755,20,521146.086049,30,493919.889597,19,480126.589892,95,435816.009466,31,431967.938234,44,425504.215972,119,408909.667739,74,404662.776537,50,401064.2632,69,399296.77211,32,384148.330858,118,371133.464402,17,tuba
4520222.581926,12,3808613.054487,40,3374940.995266,54,3366457.390693,23,2824257.017163,60,2513058.517763,80,2418162.770832,27,1792712.790371,28,1785229.956091,34,1759126.578406,21,1229885.976794,20,1217628.31898,41,1108705.402621,26,1016054.658019,53,902126.566495,39,901553.986756,107,834428.301122,78,799499.98127,67,735306.944159,51,729137.719492,25,647438.819199,79,641056.367276,29,626770.374419,106,614678.819129,24,600607.321118,22,573476.56777,45,563910.832244,42,550570.294682,16,540756.841111,30,533925.065255,38,533580.325776,52,530933.079006,99,AG
8972311.593838,36,1744245.264184,54,1682974.310666,105,1482534.126982,27,1448230.372776,35,1315463.624414,53,1059901.887273,18,944532.994853,71,939319.271928,52,887233.710142,19,690000.620452,34,651716.525479,158,566239.568713,157,561059.549025,107,543063.304948,79,518559.515271,37,515830.75942,51,505965.567629,45,490583.630055,80,483425.211133,55,480310.646412,176,477003.840452,56,476961.266596,50,470946.30985,159,443124.392038,104,431776.056684,106,431487.473983,156,410526.690249,62,389460.015593,88,386938.787055,44,342211.952314,28,335706.871918,20,flute
5147794.791008,27,4440972.801113,18,4323051.024006,23,2692140.874046,36,2594052.994836,19,1981726.96837,53,1611371.011823,133,1299757.260198,28,1244647.976011,34,1177664.290869,12,1146400.723364,17,1110830.760846,54,993311.671302,20,968454.241152,26,951423.276637,67,923816.718836,25,826646.990843,105,721916.239324,24,720385.959883,100,657656.701393,16,647603.43035,22,622487.350989,79,561491.418347,80,550387.220728,29,529429.719769,21,481421.257285,55,472675.618791,15,456793.689741,52,427529.468798,71,425568.230429,37,393942.777367,14,364936.787068,106,AG
6006948.870931,59,4929860.279544,60,4219329.408148,36,1963971.978844,35,1409722.89263,236,1368913.500904,61,991282.115502,70,952220.057884,37,947018.789313,176,932911.1891,62,914823.9542,71,913223.423137,104,909413.32141,105,896652.454832,58,853424.894098,118,824918.679856,235,714669.479006,177,684617.178096,72,663565.423881,234,651939.629522,237,649188.115898,63,635721.722514,179,591552.056887,175,572155.64978,178,571903.977859,64,536976.532853,233,527581.183945,34,516675.195079,57,450435.100929,239,423739.421183,56,422524.959613,65,415207.492559,33,chello
8155736.738673,11,2291166.990298,21,2250736.339889,16,1656468.799099,31,1578426.631455,15,1453297.519686,40,1190654.623543,30,1069972.457136,13,958112.823802,20,904642.812693,118,863926.675981,22,854521.537942,29,824567.67046,26,769036.918918,23,741589.372077,17,707459.029728,119,693564.191265,25,639512.235545,41,633609.833265,44,586771.188148,24,581307.264545,79,577124.194623,45,555474.206993,12,536695.547382,90,506331.4201,46,503059.239631,104,466722.549072,60,434885.596905,157,430890.41705,120,427136.796788,18,425171.693735,51,420765.666876,43,AG
5049929.427323,18,3729307.882712,34,2773375.339763,20,2620588.750095,17,2215416.808234,11,1554747.538773,67,1503928.387612,19,1248864.407127,35,1247482.590543,84,1241055.407021,68,1215393.746966,30,1171097.508167,21,1088319.260218,117,994927.306778,101,979050.468595,51,900948.210452,118,900443.843445,31,878369.557659,27,874110.923632,16,789423.832315,28,756898.360397,36,749632.546522,39,729231.072075,12,707307.398787,100,677743.065671,41,601271.736736,22,569963.994358,50,546218.446742,151,544812.436781,37,540206.082322,33,461856.101432,85,457397.155685,38,chello
4486636.732448,26,4459440.860268,51,3186724.782138,50,3040319.155481,23,2591145.183208,45,2314578.849231,44,2303281.288466,25,2297159.003458,47,1624959.827619,27,1559030.912131,49,1318488.316954,48,1226413.005623,40,1171254.739739,52,1167744.552427,75,1106671.635214,24,878827.94178,43,872967.86026,30,861432.229693,28,825680.952052,41,783007.852964,31,781357.488032,22,720003.370452,29,660865.179875,32,649907.351923,53,628202.685968,42,563978.230449,76,559293.319058,34,528975.32574,71,518410.808559,21,498864.784565,72,496351.336919,38,485035.028323,37,tuba
4956468.265524,31,4462186.5971,30,4044233.608247,60,3374484.764563,119,2013583.991851,89,1867948.46113,34,1841180.906892,33,1718492.837747,90,1509549.080895,149,1368195.819409,32,1288541.953836,178,1211346.853966,207,1089395.109475,208,934206.498526,120,893431.836824,29,842305.712325,59,823060.222256,148,796857.380668,141,757431.486432,35,678151.584626,28,521118.470763,88,510951.734753,61,504313.44611,179,503327.828751,142,487213.799323,27,475402.799834,36,436363.077594,150,417877.228125,133,379403.288181,26,373256.863038,71,351787.035241,209,323438.0863,91,flute
7974304.386241,45,3572674.641832,44,3139530.5427,60,1808756.623757,89,1379443.360914,177,1260949.92404,133,1259739.660238,59,992892.332159,88,913496.056162,132,844431.966943,79,771251.399263,176,712573.491318,61,669072.730812,58,606354.108589,43,575793.054196,157,520233.742209,221,496665.286633,46,485907.439151,67,453704.479184,42,451133.536163,220,443325.423028,90,433680.08287,62,424401.207157,78,403488.037849,48,365647.3855,158,365431.433832,179,361501.214517,134,354926.561344,159,350524.65472,119,336740.500101,57,329259.483247,156,324420.299913,47,flute
6759179.301052,119,3351701.123454,118,3285184.252169,120,2761017.075482,134,2629437.233593,121,1543635.524829,27,1498629.91761,117,1258698.274571,18,982230.850005,132,938014.667466,123,920682.098333,116,786290.206086,45,761173.203845,125,738498.333595,106,732372.135097,115,729956.45852,133,704860.011293,36,669259.619993,122,665842.810539,124,650524.71793,129,641868.667275,28,585345.807603,26,580765.088105,136,569582.525265,110,567250.683053,135,561518.678862,107,559789.862751,127,546384.402162,126,506632.24868,19,504123.098464,130,479749.535416,114,461504.686062,131,flute
6092459.690992,21,5079203.133431,20,3147374.151595,14,2442176.059008,22,1785112.336357,99,1604464.369162,28,1442399.686701,19,1321444.783396,40,1260523.772336,98,1187253.573744,27,1049956.85337,100,928184.224139,54,903829.157127,41,823246.016023,105,796996.813281,23,750401.61889,39,705049.266007,53,662168.301098,11,653592.633735,24,644506.511812,17,626115.912391,106,563115.19508,104,537493.252462,138,500483.757118,12,435294.906194,102,428014.904288,25,427312.295948,18,420497.07567,52,397905.004882,15,392264.292228,55,384172.709979,13,368080.336281,30,AG
6285977.144052,23,5321234.262204,12,3305891.737845,34,2420812.427614,16,1822346.178316,56,1541985.776757,15,1453422.418349,11,1361796.911342,14,1065687.840909,67,1021577.460798,89,884339.645489,75,835148.365279,21,818107.922256,17,792396.298604,26,778287.744188,122,698267.827232,20,556902.288468,24,548885.773025,25,431138.206763,156,428405.011633,111,417714.88166,281,364279.255083,28,358264.039983,18,351698.495078,30,347607.910219,13,340930.695631,38,322681.186188,27,308182.595231,280,291555.688396,166,281941.35644,33,275330.04554,29,253275.705386,32,AG
4652394.507317,36,3397563.213627,18,3184141.582613,45,2433040.246101,105,2249004.544817,19,2062640.899963,44,1675283.929037,53,1554585.821604,54,1334467.446984,62,1047920.492576,17,997155.773395,104,987067.797829,89,945981.405484,27,884997.248682,20,882205.016219,106,845238.421719,11,789466.437501,43,737092.694812,46,671764.932856,21,655229.491299,124,653538.707566,15,608549.431781,158,599624.393165,12,548584.469627,56,543520.563474,35,543103.643085,42,528256.384921,55,525198.177449,14,524945.193041,107,501636.808681,47,498764.019975,13,498011.847458,159,flute
6638846.269999,61,3498664.943168,27,3187899.991637,31,2302551.005871,62,2151521.65034,212,1810039.414824,35,1570959.642232,152,1553686.227841,28,1289468.286296,121,1245055.609183,151,1045748.28998,122,1029608.651843,60,1014933.976108,242,937552.992468,29,935209.682851,91,830185.285634,80,807764.216716,54,793003.346391,33,766294.189435,34,708175.388874,92,707722.382049,63,588529.973446,153,570773.87357,26,533275.201153,272,524243.691713,186,508033.905935,243,501396.853678,87,498899.646593,36,496830.147714,106,490982.239624,211,487671.775641,64,424628.331952,53,chello
1652103.80641,12,1570952.480303,11,1533817.144311,23,1399310.951787,18,1293867.160914,45,1267677.990484,14,1256582.7652,47,1247610.886664,13,1180215.151346,17,1178133.69994,111,1160435.01165,48,1052193.025312,49,910744.956537,27,819771.373602,34,808853.641231,106,799669.33418,100,776035.491304,99,763408.301117,191,705261.719098,30,680342.638779,43,678733.401711,96,674831.193717,20,673266.938121,46,662225.587148,19,647435.676757,113,646785.966126,44,642853.341684,95,637000.183713,141,628154.336654,39,626340.624958,63,614700.909947,94,611864.881016,101,tuba
5973549.347694,15,4987312.851306,22,3177933.857957,43,2961725.448469,21,2072483.722859,42,1729401.203154,29,1345108.086084,71,1253348.035599,23,1248166.276849,14,1211730.507221,16,1075305.996949,41,1015952.637209,44,923237.770085,20,797028.558081,63,769948.719444,40,644876.924589,18,634335.295823,13,619421.583166,19,594787.170621,28,591956.567975,64,578921.609249,17,573739.827848,24,543506.910522,45,539847.232019,84,531962.913196,25,495481.244408,39,453728.751787,30,429111.054852,38,424737.002292,31,416082.864272,11,395978.266771,37,372175.793182,36,piano
7000855.35878,16,3049497.653061,15,2786269.637084,30,2157267.73562,45,2038154.094474,31,1838587.904391,17,1590009.7896,14,1524986.154934,67,1252910.562814,38,1120694.076689,75,1108009.94682,89,1010343.004097,13,995147.238642,74,962745.499403,18,908764.645686,37,877312.988868,32,857698.46389,39,825189.522899,29,791165.864078,60,781074.282369,76,759417.704091,12,741677.61634,19,718183.820409,73,641024.729926,44,631162.204911,11,563736.186616,46,544710.716195,36,543465.2926,33,542357.091149,23,472399.343026,35,471500.032619,20,468511.164957,113,AG
4809742.805442,40,4288155.890836,80,3808007.970044,16,3068562.227725,41,2135457.34489,15,2015258.172533,45,2005268.362763,119,1545919.391313,39,1531863.592401,79,1444410.213255,23,1216430.917894,42,1073531.318029,30,967022.8083,38,937299.649094,198,926719.812116,31,902094.245773,17,885387.767288,81,870732.50913,78,851490.29361,14,823781.848975,159,799094.934889,43,744676.551275,89,682536.584181,44,626306.839174,37,619251.249806,36,609633.41394,50,536529.003028,13,531481.854454,120,525333.675933,104,500170.652389,77,476650.112656,82,464695.518622,18,AG
8834971.54795,27,3080709.569288,28,2424885.009533,26,1321306.739545,54,1238276.023769,29,1135000.105841,25,740625.625535,80,706686.395392,30,690874.67817,75,680169.36528,24,559972.160368,53,512168.809379,31,443460.640287,50,419854.184727,132,381064.843821,76,355452.552682,55,353989.982969,158,352517.343614,33,351424.841489,22,331685.30367,32,306835.198722,111,305046.794854,67,293383.3267,81,284734.191695,106,282722.602398,34,281604.32779,21,271828.553624,17,270563.077991,77,256547.994846,20,244285.711237,23,239708.708511,101,231322.010011,79,chello
5200401.887214,45,5164248.750039,60,3422986.86376,44,2934602.843987,59,1983102.066155,46,1601530.182042,177,1556331.860104,61,1472037.053519,178,1267157.123303,58,1067708.503953,89,986593.036063,133,913674.341232,71,906677.606465,141,902588.170049,47,894487.240127,176,816527.225319,88,790654.291055,57,780754.948591,43,771268.698434,48,750836.135711,179,749059.501473,62,741855.575852,132,740521.866827,119,674933.070754,140,622626.210982,42,582609.635249,49,575936.724524,56,510689.095502,52,497770.440248,50,495297.12878,55,484728.817503,51,483845.872535,72,flute
6015935.782853,26,3050380.456042,25,2216890.88546,21,2210522.113989,50,2204120.538841,40,2190297.479911,75,2120901.524991,30,1921705.237023,51,1541336.416963,20,1521785.802407,16,1363037.785511,22,1279907.750912,19,1229678.18211,29,1222154.298872,15,1053453.542136,23,992230.546612,28,941195.292083,45,914664.883583,100,807027.183101,31,786835.843188,74,732552.302607,24,690329.495528,52,689900.08157,99,647368.222993,27,591084.596134,118,554527.499775,41,550894.587111,104,528129.163443,18,507619.670849,14,491427.110122,79,460477.350046,76,459414.983322,89,AG
5827654.468013,13,5188687.975297,26,3332034.985812,14,1859287.68592,34,1789436.280881,40,1611275.640733,12,1427382.754782,27,1401742.33352,100,1265131.117374,15,1088569.938623,30,1084677.862434,21,1027317.708341,25,975778.941863,31,967805.59971,20,922724.122739,28,908734.699405,11,880654.306859,29,780984.116486,16,768335.052786,67,689473.371106,60,688139.72639,32,611166.121986,33,568226.695889,41,508710.829486,17,498499.548355,23,490779.623291,51,425254.628757,61,420380.300529,42,411298.316057,99,399677.634388,38,382345.196602,101,361499.970131,119,AG
7274506.945434,27,3736179.422233,53,2411974.99903,23,2375922.80674,28,2029463.96228,54,1585961.327346,105,1529877.909427,36,1407184.593646,79,1156580.60994,26,1086967.136852,29,951836.211525,25,917591.863565,80,899417.829523,52,862435.738796,211,851783.014681,18,823460.663373,106,784066.553212,19,769354.655694,21,675403.250617,210,654126.006971,55,620968.466345,30,579894.312642,132,554315.574009,31,510983.218559,51,483968.11091,131,452114.798127,20,444091.119858,45,427998.416201,50,411467.926477,56,403275.967774,34,399036.480191,32,364441.456987,22,AG
5904318.22365,63,4047756.350463,27,3619724.977558,125,2803216.732609,62,2380597.543584,64,1861284.507488,124,1500818.502948,40,1458701.230553,61,1250714.574987,187,1241123.780552,123,1157055.668152,126,906682.125637,374,881104.280908,60,783834.088342,122,723351.56838,372,718999.428337,186,714161.593268,369,641035.055358,59,629677.577098,370,627372.691627,65,599542.684972,246,589981.868401,368,562144.442164,375,545085.284766,121,537385.155154,247,536954.284926,66,521414.797786,67,498425.765378,41,482865.487331,72,469016.088375,188,454438.406675,245,449462.736035,79,chello
4235244.198427,63,4154864.155121,94,3200957.829558,155,2636780.625255,32,2621145.403017,93,2140355.854258,62,2035548.185199,156,1938416.010328,95,1749625.991302,217,1560324.074972,31,1493411.788112,60,1489486.752906,157,1411269.047089,96,1409350.523534,64,1227845.792575,159,1050330.193795,23,970650.276017,33,959568.659292,45,947453.281693,218,886597.731507,124,827422.166757,126,761081.593647,35,735318.296325,89,725316.36414,127,706149.697604,188,596756.546487,30,588800.779885,160,580630.97632,252,573296.010878,219,544707.853385,216,503912.940354,158,494730.364215,125,chello
6332710.234354,67,6103715.279157,112,3308966.165389,111,2364192.920516,133,1733918.386726,113,1311434.65948,110,744276.573358,109,730466.911521,114,726493.117558,132,627215.744306,66,553217.495692,60,522529.040736,108,520091.66967,115,437768.83184,107,400774.514218,199,392235.032,116,389540.415205,101,357133.919409,333,350338.572171,117,346545.908767,106,323894.162281,105,312332.714109,68,297810.011516,65,290326.522795,118,286497.58733,104,260686.953389,102,259781.140868,103,235503.757753,265,233913.157389,99,225023.703029,100,218494.050871,135,193574.2379,70,flute
3345784.961522,36,2639224.194807,35,2536305.085418,72,2464837.395844,39,2041042.949198,75,1891958.749551,40,1789727.676539,27,1645717.24381,34,1447302.78741,14,1373800.309576,106,1323929.136122,245,1282340.708283,41,1235860.683934,38,1227234.924426,23,1225010.890679,243,1222864.525248,74,1199797.64173,73,1166121.874969,21,1141529.361673,30,1107299.750623,76,1066218.258997,244,1023854.639462,20,1013712.287719,22,997840.594309,70,971402.209435,78,939044.078598,24,922937.583044,105,900488.113192,71,865694.338155,109,861761.912518,383,816445.108615,60,804007.503144,140,chello
5877458.797807,31,3196965.596548,45,3171055.064513,30,2895306.525736,61,2833701.991265,46,2275380.909717,16,2083144.005388,32,1388584.991675,60,1226360.584428,44,1196246.899491,29,1178945.54157,91,1091893.651554,34,1028219.727716,33,1015632.260424,47,960109.892133,15,884318.767502,106,851679.879057,62,845117.435906,28,786935.002781,59,758071.057649,121,743235.560305,90,676747.563908,43,628434.207723,50,620021.541357,77,600863.254516,17,562382.521513,76,562252.319931,36,553181.48456,35,546708.598893,27,541999.128493,14,538044.747531,74,522159.28047,26,tuba
8186759.384893,36,3701160.86765,106,3208927.818112,105,1181078.181762,35,1108134.536721,103,1073322.658469,37,1016945.063192,102,920469.981862,45,826327.846928,34,668556.666442,104,634803.507596,101,597696.734509,315,504128.335379,71,500422.377946,107,493455.049164,316,465749.84895,32,465586.924599,207,441559.867466,133,417291.74389,33,406827.83713,100,404118.067814,206,369825.458442,39,357121.920146,142,354084.635188,99,353660.247196,210,329467.262032,525,322412.622648,109,318835.388446,205,303632.67396,208,298684.605652,108,292706.687804,40,286444.587876,176,flute
6235190.357149,71,5461673.716633,60,3308438.526371,106,2063473.641405,70,1888051.274324,53,1870658.681424,27,1245245.087334,72,1144381.151648,59,933183.655304,61,899020.0034,54,862762.180859,94,783663.149002,95,754410.380539,69,752340.730999,73,707064.178192,67,635072.654588,80,611513.118803,68,544212.985169,57,534629.639054,62,530589.093397,74,529538.989372,58,494192.052424,56,488931.849677,63,481730.683356,28,459509.184355,38,434650.730485,52,382503.674214,96,372323.025972,79,323254.164423,29,304629.131491,40,294446.179344,26,291603.122576,93,piano
6288720.86215,15,4961541.842019,29,4945435.675814,43,1734658.195229,44,1586067.776936,45,1478589.150516,42,1038437.547216,57,998398.628683,23,978264.609161,28,711209.164978,30,653028.096895,40,648775.479615,14,569776.765383,27,554672.87976,41,461533.87609,46,438011.558085,16,396692.29039,26,396043.789875,60,366361.689587,58,328607.172816,67,325942.906592,13,323786.887688,56,306153.218535,31,300282.948483,47,289766.778437,38,275539.20257,70,252565.266392,71,248557.166279,22,241803.095926,12,225727.954189,32,223802.498069,66,219209.096491,50,tuba
7465264.071194,106,3807099.345588,80,2356625.89299,84,2170254.608361,53,1969818.216653,107,1865838.642436,54,1782909.333005,79,1041370.828829,81,976076.620966,30,894113.15394,105,756566.424157,78,744052.19638,82,732764.350096,126,728534.540147,55,675192.748815,71,613003.341445,31,601349.348972,43,587453.660299,52,544409.431308,83,508880.296735,159,484262.840254,77,480883.694541,42,471068.821305,56,454430.753557,51,452317.001082,75,413915.472451,85,376111.116727,40,375619.2164,104,375142.887088,29,368883.867504,112,366033.415637,41,355505.302492,16,piano
3858698.516519,89,3786390.67702,88,3558119.949192,157,2841317.601506,178,2823613.366174,158,2753702.893453,177,2164691.933508,79,1993874.619657,236,1604975.910625,80,1599929.917354,265,1549523.523682,175,1431386.000174,179,1407067.040419,87,1320321.227134,264,1092233.494357,156,1025156.95522,174,1004392.101512,159,969689.404945,235,947581.138307,91,880588.027319,78,811585.356951,266,688848.943315,94,674441.750302,160,624827.279508,77,618441.184749,263,590297.830506,155,567668.567983,176,526967.194445,81,522938.518632,181,516479.97787,237,513288.809339,173,495501.426679,234,flute
4881669.059465,64,4699454.007657,63,2950925.906893,65,2366011.203606,66,2112831.88569,67,1972063.430137,71,1878570.311473,62,1837145.952837,36,1666569.682081,61,1363983.907326,26,1348601.975833,59,1346141.714281,60,1206770.150938,126,1142416.880675,53,1010374.743617,58,979900.340869,68,965334.076611,57,905190.575696,45,803472.090839,79,789599.180653,189,733445.801402,56,729903.320329,52,726361.136505,87,723627.824788,69,702623.58923,90,696546.785205,14,680392.020825,13,632969.855754,25,563280.276924,74,560238.767603,73,541924.412433,89,536536.545809,72,piano
9100037.972291,38,2831563.923992,39,2514288.796858,75,2186062.225061,76,1387974.417576,59,1061964.59523,40,1053134.24331,60,777560.61152,74,730574.498871,37,630196.621,77,606458.695158,41,524768.778189,50,465236.481749,36,443669.780466,42,427340.914723,73,380615.857543,35,368347.672522,78,330928.039423,43,311537.555613,61,300402.315308,58,286576.53245,149,279844.709618,148,279193.568159,34,277414.774863,44,258206.690032,79,240637.353225,80,240087.96179,72,236166.577531,100,231592.806774,33,230198.388568,113,224759.56355,45,217936.155841,112,flute
19935317.986673,39,13042845.879828,38,12396338.460201,37,8621303.234662,40,7151688.092329,75,5460656.744967,36,4956424.687673,41,4708335.292724,35,4667532.839917,1279,4391056.750533,225,4294610.690162,870,4259255.117384,1502,4127745.166837,833,4012774.351382,112,3801713.367352,151,3635177.08186,1004,3623238.732136,1131,3536653.249868,1169,3513310.005022,1057,3501255.344317,44,3482998.51553,869,3476566.637621,909,3474470.940959,965,3411186.133044,1038,3406510.11804,1112,3361191.186359,1282,3361038.862601,983,3360250.915726,59,3330388.243773,1597,3324833.354701,111,3284190.559973,60,3274551.781167,1186,flute
7220673.498761,63,3361376.23366,64,3355996.572304,54,2434377.119595,53,2365755.085921,62,2196447.796,36,1398204.855162,65,1293442.580356,61,1075899.132752,55,1035207.456644,27,995636.572345,60,879278.318094,56,762422.756374,66,693610.752704,67,671455.075507,52,598046.399878,59,538462.556255,126,518135.867013,42,506069.950536,58,492350.675341,70,436213.036709,43,433141.521959,57,407470.3492,68,396354.75806,51,335810.27333,69,312668.442467,50,299379.158544,49,279410.728215,19,259548.889563,28,248663.502694,84,247765.207043,18,247425.159435,38,piano
4635904.59859,40,4582789.243076,60,3717047.118761,26,2862501.661241,50,2364785.643667,21,2112611.349264,20,1788314.332704,100,1761637.582095,51,1549629.615978,75,1430881.598574,41,1320683.772868,25,1251111.311294,79,1238103.453902,18,1208992.392352,80,1169224.771303,99,972095.853623,42,887652.462951,49,815650.368878,19,749807.521378,27,711502.050912,48,687544.174233,59,630194.739192,43,590496.157272,47,583070.3878,44,547810.002186,45,538857.857958,52,537143.541204,24,529933.905756,125,529027.74748,39,500280.314127,78,498294.950704,22,485966.728293,46,AG
7527895.537813,23,2726372.968303,45,2296821.934747,16,1897726.994833,75,1389993.911121,30,1332504.094892,111,1316103.95035,31,1108817.002851,15,1064279.27569,29,802770.033504,133,690553.433967,89,674500.165783,50,651832.301794,265,649842.725297,243,639608.203478,104,604832.434661,17,570908.242319,331,562757.18583,18,529210.134799,221,528820.598681,32,520644.349088,12,518380.251655,14,484153.044507,20,471633.518251,22,469140.689827,11,430462.907818,21,427616.823273,13,414395.084103,332,396086.209346,155,395065.781662,24,394220.718626,376,394171.845115,119,AG
5263673.283585,38,3470888.519154,39,2881184.16227,59,2848272.60981,37,2548554.860571,60,2484140.684054,75,2305148.728436,76,1680220.435149,149,1379410.447704,40,1266695.889232,113,1181715.664562,36,1146611.138699,187,1101899.421269,186,1001052.433232,74,952056.313535,61,925112.994963,58,889759.937754,41,887443.325538,35,847891.182349,77,825259.89103,150,818641.576597,185,779256.95871,42,687369.567598,151,686304.938752,148,680689.896153,152,674133.351739,73,668991.504517,34,647641.854495,57,641828.456123,188,607293.623698,33,598552.914533,111,585094.348341,43,flute
4464449.245868,53,4018087.291569,54,3650195.280957,48,3266619.472507,71,2352588.262228,47,2244128.201718,24,1996554.992148,32,1701476.870248,63,1665155.280408,52,1638534.885161,64,1492108.241569,70,1489117.94455,55,1209505.950768,51,1127299.06587,25,1045573.089216,94,1037644.987736,50,1003111.43809,49,996963.944272,141,921859.849313,72,827273.614629,56,798181.473755,65,718351.044917,66,712051.215765,46,692266.362934,69,677900.445473,33,666239.716904,236,624569.596532,67,560624.691816,95,519293.194161,23,518109.070195,29,513081.211934,26,488987.111762,68,piano
6038915.076839,112,5558014.484701,67,3166286.396846,113,2364160.288993,132,2345059.988976,133,1572533.523185,66,1379871.039728,75,1163415.407539,114,1132806.786721,134,989236.879878,111,897050.909242,68,808258.196973,110,740285.392795,198,678778.227205,115,657358.677268,65,638966.842441,119,558829.897761,76,491743.584844,116,481967.828624,131,452130.375166,109,433450.557126,64,415513.326076,69,392498.264402,118,389712.542558,117,369114.523833,130,349210.449665,129,348701.40499,108,322338.654724,199,317728.243737,63,292954.338026,77,276863.334735,135,261890.304867,107,flute
2974039.191644,30,2792751.3596,23,2627671.386206,20,2430872.209347,11,2386312.034109,19,2324412.428603,22,2101813.998863,31,1611171.112017,21,1559687.302212,24,1551603.418865,29,1526242.056926,18,1436900.793745,111,1431947.180213,89,1378171.740193,48,1204654.621866,90,898564.41705,133,891659.819696,119,860583.602779,45,829946.003146,118,826591.219641,25,823131.559004,32,788022.944119,17,776727.615232,27,770740.959728,207,767801.918676,60,735069.478895,177,683581.678594,13,674904.549087,47,671789.88216,110,625103.441007,443,611952.871992,14,605617.050936,208,AG
5194212.433256,56,5107100.313776,60,4554813.68502,57,1898640.011864,168,1691610.863508,61,1567038.33151,59,1329310.433476,55,1314067.774592,167,1264908.075514,113,1172856.091162,112,1159502.623146,177,1111491.973606,67,1024419.10579,62,984454.954875,71,877062.10814,54,866623.134866,66,853788.937662,169,852925.943504,178,818093.73249,63,709126.588293,176,671554.411273,64,665251.190674,65,663892.43287,58,559294.875548,53,489128.404268,179,433304.442733,170,415461.436255,79,409540.839213,70,399349.041383,175,390993.20641,52,375206.612016,118,357310.90723,78,flute
5246190.080581,94,5020749.780954,36,3523744.126246,95,3008480.250341,84,2382707.675216,43,1882895.022286,42,1831766.042156,93,1228877.061797,96,1197015.520035,92,1053862.748429,41,983766.240079,106,923946.196652,119,912203.155778,91,864676.12209,38,829962.807868,85,805458.981823,27,695488.570746,40,694981.04072,126,675064.405617,44,669138.93976,53,662336.111913,90,615829.845989,98,605375.94914,97,604690.196642,86,580559.521061,54,502837.250073,39,449086.381308,80,421012.409899,35,416111.838404,188,413208.342435,88,413070.385322,99,412400.504037,168,piano
7669802.867724,38,3714847.481124,26,2991761.021974,14,2440848.752466,13,1908618.901294,39,1407455.93481,75,1346366.726094,88,1267417.230394,37,1101240.769642,40,861272.251067,76,811528.157077,27,612181.821633,25,596913.207426,15,565248.487684,87,557454.97045,36,556675.062094,12,445566.00495,16,388789.217527,35,386344.355116,51,377194.243589,18,374517.391571,77,327304.222679,74,322857.673707,11,321907.845952,32,320212.183654,29,320142.41023,17,314986.998136,50,313082.989599,34,308989.880611,89,308685.715079,86,308373.228948,41,289687.5945,33,chello
4196011.286383,18,3322253.128001,16,3234318.566235,19,3191082.516026,32,2792036.210489,17,2580381.780375,20,1934502.807231,31,1658224.682977,51,1623327.275223,37,1537841.027801,36,1447936.01039,64,1387704.238036,15,1269138.337169,44,1267652.765447,21,1225308.674949,35,1184528.444102,79,1172454.279969,63,1074698.499526,34,1057552.446351,33,1054662.547652,13,960288.600925,26,923143.451635,22,899858.117411,23,897906.433425,14,885897.537883,50,823451.920319,29,809412.390632,46,769607.343916,45,737574.882877,49,663289.795551,12,633445.59015,41,605744.939493,30,tuba
6324688.689947,16,3550862.472668,30,3343958.540541,26,2416441.477204,15,2137738.567557,45,1962882.834594,31,1847136.217159,50,1661015.225682,40,1451874.076818,17,1270255.413026,29,1180307.217776,27,1168959.67751,100,1166678.235522,75,1144638.714658,89,1062869.604155,51,1017019.676623,28,915750.639233,18,839718.65858,14,827556.41552,25,816693.596482,60,648817.055121,74,643117.130444,32,629026.757717,20,543220.058451,21,492562.351884,19,475496.234546,41,469444.150789,12,433049.278855,49,408822.799599,52,404971.316483,13,403999.578751,46,395710.038913,125,AG
5377792.887093,21,4081573.036607,41,4079069.277497,20,2596756.052497,31,2283589.260883,11,1847263.181409,42,1654111.128307,14,1640763.009543,12,1401503.173007,13,1087803.141259,15,962444.978917,91,848654.927836,18,834908.233758,43,810411.200654,32,800464.857996,50,779055.706888,86,773060.607723,30,747453.905469,85,723437.79671,66,714999.412851,40,713923.736459,47,711757.221381,46,648961.462302,35,635258.593091,33,611655.768111,39,588084.719565,23,584295.7863,19,566708.603152,34,555276.829314,67,519435.848672,59,468745.934454,60,465049.806212,61,chello
0.0,11,0.0,12,0.0,13,0.0,14,0.0,15,0.0,16,0.0,17,0.0,18,0.0,19,0.0,20,0.0,21,0.0,22,0.0,23,0.0,24,0.0,25,0.0,26,0.0,27,0.0,28,0.0,29,0.0,30,0.0,31,0.0,32,0.0,33,0.0,34,0.0,35,0.0,36,0.0,37,0.0,38,0.0,39,0.0,40,0.0,41,0.0,42,flute
6828100.804257,177,5199754.642653,89,2489454.733037,176,1699276.34099,264,1670357.444898,175,1550938.983684,88,1416628.058154,178,1279774.286633,79,1241532.149266,90,1093625.476673,87,1092124.22301,265,963710.02678,179,840762.342073,174,817457.010144,173,657415.778125,172,590970.400353,263,560139.119626,180,541587.96299,181,522879.642358,47,517313.551589,91,468293.503402,183,417560.229086,171,416589.962939,86,414963.053455,80,377703.952009,182,365940.680345,81,356537.248097,170,343502.982176,85,335007.657723,159,331892.168659,83,321475.548779,84,317774.283458,92,flute
6454171.523029,22,3993180.438832,21,3345041.330408,43,2460159.76494,32,2035033.268277,23,1985882.489402,42,1251811.446355,20,1211064.624354,11,1170946.020993,44,1139815.959436,24,1065299.041517,84,1041805.945345,41,1014759.692874,17,932936.054137,18,926351.689365,25,854794.757883,54,824675.862499,16,807199.683603,12,796676.307545,53,713779.177146,45,707268.627965,19,669820.303007,33,666313.219095,40,653632.255993,13,612045.659596,15,581299.21602,30,572980.189209,27,568358.413381,31,524341.464168,85,523718.743632,28,497445.036815,63,467808.030061,46,piano
5574042.192433,45,5200623.235984,67,2874768.23627,90,2395211.357853,89,2372713.31196,134,2166417.012781,133,1998119.753452,178,1843367.206691,132,1655660.637414,46,1020610.04251,44,973405.383738,88,936241.572677,68,875901.307911,66,775765.184702,91,762238.085215,131,654071.987591,47,638795.457785,222,617018.432618,135,529077.939022,87,506345.021389,43,498963.716071,69,487793.111103,92,482927.41351,198,446745.870871,130,434031.975951,136,426944.096574,48,401846.060606,86,376045.063452,93,373066.806902,42,362050.620464,65,342127.33284,129,334430.048342,70,flute
6030739.490595,75,2583744.694347,119,2528674.251829,74,2474612.474616,112,2364841.875049,120,2210907.398281,149,2024695.580469,150,1965260.160478,76,1845093.076686,67,1683261.606186,111,1544589.67063,118,1420135.174468,68,1234060.393267,148,1071027.594541,134,1021752.561077,121,1009981.706057,147,1007863.97583,77,927351.760172,113,918908.367547,110,869109.835636,66,827151.335297,133,817868.977019,73,801738.112951,117,697375.449596,122,623448.390364,109,597317.795482,69,549851.141688,222,520844.027668,223,517851.375091,124,510253.863315,72,510169.708709,123,506232.359702,101,flute
5648692.428922,60,4814991.97239,38,4453672.597654,178,3287303.034552,149,2643281.270833,75,1743596.396112,150,1556303.89437,112,881520.572654,148,850379.626206,119,655818.160496,151,621531.443578,76,464871.803092,147,454226.637468,59,449226.355994,179,415338.139662,113,386630.134141,186,375843.095032,39,361104.20361,152,360967.63717,146,347647.181873,74,342183.910217,37,339915.431845,40,319112.110424,153,312108.752046,57,296425.095264,61,279153.227862,145,269376.346922,77,268911.198757,111,258958.159978,120,255150.436299,187,248163.489335,56,240813.602948,154,flute
6555859.90586,27,3061333.320488,93,2559737.295924,103,2532586.040229,94,1861465.57445,80,1814713.260353,79,1758118.887374,40,1702715.881225,53,1569683.780731,28,1393751.722634,14,1392767.373592,102,1009753.648604,105,1008968.617122,26,1003040.175782,186,1000163.442472,185,999099.791046,106,997158.755368,104,903557.664679,132,903167.001209,95,832957.185676,29,717297.481072,41,716397.26134,278,700425.850067,101,693253.037494,81,689144.2401,54,688686.419456,97,669757.758929,96,662884.45407,25,591131.8842,78,488646.096031,66,468982.45162,52,467881.022312,30,flute
6069974.208099,24,5824306.135086,25,3283983.169511,48,2078242.012593,26,1954217.03712,23,1527412.315866,71,1194361.15288,22,1191836.102846,27,1111146.203034,47,848690.113104,28,848401.412172,21,721829.975635,72,713061.417773,95,674431.346513,29,672490.694008,20,550805.938413,19,540884.390535,30,468219.263005,18,462105.912058,46,451872.274424,31,424367.26628,70,407942.509393,17,396210.224309,32,369848.641339,49,365978.256211,16,348521.050409,33,347116.84084,50,336705.347589,119,329198.671361,15,311879.484522,34,309185.390378,45,304926.519432,14,tuba
5094837.361819,27,5059977.444786,14,2931128.926698,53,2647302.548166,79,2496736.210904,80,2032916.82392,40,1760555.906033,28,1739133.855559,106,1586461.255896,54,1448729.037541,132,1241331.229795,34,944415.28141,26,863532.444928,16,852944.422562,158,839737.216738,78,797094.863235,50,759426.047064,31,722275.639168,15,679997.639305,211,627838.504655,23,624525.021617,119,609007.12686,117,607581.977776,105,602805.207799,52,556493.614807,138,523187.002864,185,517284.005243,45,489325.587189,29,479320.97664,130,472002.579911,131,443615.407473,51,442005.953539,77,AG
6246742.768546,21,3727870.435414,40,3391986.207886,14,3212128.849332,27,2982545.784502,20,2195609.174005,99,1670628.526128,22,1590712.485178,19,1059101.72594,28,988044.809414,23,960975.117239,18,741462.037472,25,731978.770644,17,712137.791286,24,679499.225044,16,647647.888751,197,628641.656827,15,621587.544258,26,595854.1956,34,576427.08277,41,514941.672749,29,503568.316552,60,396639.402243,11,368469.179355,30,354009.440738,13,343046.861542,178,327997.368855,12,307740.738589,119,296409.605801,31,289334.010382,100,283199.267068,42,273314.587234,177,AG
6585464.743029,75,3979069.136363,149,2398271.33072,89,2241962.474031,76,1994527.978306,88,1941336.880638,74,1754568.273933,150,1705883.619596,90,1221295.671385,177,1161578.917874,87,1094223.336143,34,1090284.439175,148,1075349.635208,178,1012596.351913,176,948580.648894,33,872852.175309,179,763191.939557,223,762793.014489,73,720277.618473,77,707940.769142,265,680174.061377,180,676882.880448,266,614803.536867,151,579443.720867,35,571478.205078,175,565434.180475,264,551467.70117,86,500500.524011,267,490517.821586,147,488890.17785,134,480979.071563,72,460277.948707,132,flute
5167946.315236,14,3639312.075871,67,3476734.662673,45,3259841.891977,23,2294254.463536,27,2289735.173705,68,2082027.092314,28,1624681.168264,17,1299120.892575,46,1228598.167469,15,1210686.297578,41,1117735.75554,13,1110958.656746,40,1100601.351014,18,1099028.325154,21,1088525.888061,80,918879.250029,69,838385.263662,54,827537.167901,66,777391.219642,29,765236.093345,16,687053.119772,39,655290.649475,47,640496.063478,89,623552.122783,24,610619.357196,90,600246.346437,30,562020.688816,26,555114.304965,65,539704.75372,22,531856.520362,38,523716.160605,12,AG
4167066.60217,54,3587019.934053,53,2990756.176551,36,2955611.960443,80,2823704.997671,64,2619408.336585,63,2483913.240865,48,2005450.309031,79,1706004.368262,47,1532529.053927,52,1524683.769771,25,1373762.327676,49,1338005.757453,24,1328187.23421,55,1091930.841287,65,1057901.452658,51,1056334.16266,61,966967.603401,50,917955.615565,60,894644.921503,37,836285.495502,19,827578.593636,56,776626.063688,46,742587.865035,78,725215.439629,57,708194.145865,159,684688.285254,16,672651.069654,126,606756.700247,236,554613.436409,66,550703.734379,141,513041.726261,58,piano
9622150.990821,36,1083907.108516,35,1024926.814121,27,996773.483509,18,946155.373161,106,932404.176951,37,858103.039215,53,738415.929974,19,694772.647517,79,687681.91541,45,621702.768511,34,597003.141556,80,494113.700291,176,478515.776504,71,466212.439267,39,384646.686619,17,379506.210511,38,377539.380292,44,369152.377702,54,358023.208115,141,336935.549314,41,318713.672622,32,303068.0896,40,298318.020199,31,295233.981487,132,293057.945284,72,277365.803306,33,269498.117318,42,249103.449714,51,240511.148077,28,234608.910196,62,220256.225801,212,flute
6046659.394849,54,4092953.324015,161,3140105.839389,55,3014569.708488,214,1849401.34138,162,1848418.719479,215,1690358.976799,160,1600704.773003,53,1126889.772632,374,1094160.435961,371,1078067.740346,372,1067543.162265,107,987387.495417,108,982391.596046,375,890683.870326,60,855881.44894,106,782869.88461,370,781307.405172,319,722894.14092,216,685241.078175,105,642750.867051,212,618765.950863,56,596075.338077,268,595503.592409,369,582497.559753,266,574008.372978,213,572071.438466,318,556932.595834,321,538011.494045,52,527966.637051,267,510502.265461,481,504917.773607,373,chello
7620507.853275,106,3418168.93184,105,3353181.99967,107,1995480.064721,108,1551942.026929,104,979361.367711,109,977652.974395,36,938178.025321,54,888533.517513,90,861257.778551,318,848743.208206,268,830530.38512,52,820211.657753,317,799937.50139,316,799027.02901,103,778088.772898,55,776500.456314,27,751825.37882,53,737613.103472,525,645058.963579,315,640263.042838,158,616694.651489,91,589350.977803,526,532576.28513,102,505656.215499,28,476477.102775,89,408000.646298,159,402611.0019,97,382426.962166,110,361399.299704,26,360260.764325,527,329879.023873,37,flute
7950502.824431,12,2777354.931908,34,2168981.644476,67,2142597.827425,23,1898002.566281,51,1612280.134669,40,1457054.837053,50,1329794.250968,45,1233519.365389,26,1120740.943897,78,1019157.587696,123,966540.935331,100,946538.753996,56,942680.258423,75,810465.851993,60,785187.84605,80,696520.833887,52,674886.118194,68,588118.520147,25,471485.814066,89,454646.170529,49,452203.643936,24,436206.825474,39,428330.216252,150,427070.511837,21,421759.397883,134,407562.147178,66,376720.734669,15,374691.569884,41,371595.405892,16,368657.053275,112,353478.537809,35,AG
5374133.26859,80,5071901.534203,18,4418916.036906,19,2054114.284339,79,1936880.04624,17,1721446.874199,20,1518937.274588,16,1212551.714837,36,1199035.813234,54,1132963.939546,71,1129635.636179,53,919344.0017,78,898146.774724,27,862241.44533,22,857382.940832,15,774061.423506,81,708497.369297,77,697360.218112,21,638232.099884,29,604710.152504,106,601330.764204,13,599014.968694,24,562020.554997,14,555062.82872,82,437025.048587,76,432660.15137,52,403351.528064,57,382502.795594,23,381469.927355,28,359252.42515,73,351146.749373,85,345945.324356,75,piano
6053109.997909,100,4543457.518093,13,3550408.46885,26,2442720.866189,133,2328760.686669,14,2124255.41698,34,1327708.095258,12,1325728.31853,25,1283931.057604,30,1277252.442228,21,1230733.455513,67,994428.005566,31,875439.919453,15,850889.488116,24,765892.055627,11,713404.52758,20,670590.557172,22,622761.417104,132,608267.720204,23,574366.841611,99,555291.546865,60,477814.221707,101,438895.718502,27,392289.586643,16,389396.702142,134,365904.977467,32,354815.154857,33,322751.19539,89,313298.039438,97,307712.045111,199,291432.293945,19,279489.350983,102,AG
3304146.834052,43,2749012.238492,54,2316019.946643,42,2070028.50802,53,1708972.29139,84,1361514.131601,22,1336646.614941,21,1195519.177579,32,1036846.2812,85,939042.83241,44,914215.806161,41,902754.191882,55,864971.325024,63,669047.983564,52,612909.982806,64,605417.294723,56,553120.338707,11,542089.699505,40,500272.509752,45,494830.322462,57,485519.50452,83,474292.173899,39,441946.000215,86,432052.447793,20,406492.092852,33,382051.4009,59,353958.841128,38,353607.190278,58,348055.836885,62,332097.240427,51,324063.878163,19,312548.185889,37,piano
0.0,11,0.0,12,0.0,13,0.0,14,0.0,15,0.0,16,0.0,17,0.0,18,0.0,19,0.0,20,0.0,21,0.0,22,0.0,23,0.0,24,0.0,25,0.0,26,0.0,27,0.0,28,0.0,29,0.0,30,0.0,31,0.0,32,0.0,33,0.0,34,0.0,35,0.0,36,0.0,37,0.0,38,0.0,39,0.0,40,0.0,41,0.0,42,flute
6737112.02841,67,4578499.864225,50,3000141.175648,133,2578618.132029,51,2520907.430181,100,1398619.222587,149,1200079.690842,198,1191119.502025,99,1169143.220564,49,1164321.427751,248,961373.288635,52,839603.877774,199,783709.296349,48,711190.894308,101,636754.428388,57,613707.371033,53,554088.254243,66,546480.302884,98,481150.924681,47,472434.557431,68,447261.585476,247,406975.293594,54,396770.312908,46,351218.307722,102,333961.121278,97,326697.236399,103,315800.951152,58,314577.251978,65,311697.551964,45,305584.604035,55,294124.358369,200,290888.338764,69,flute
5846971.188446,106,5121455.369902,105,2473142.981909,27,1777868.741881,53,1759776.569787,107,1590109.577305,119,1460735.818946,34,1449056.029441,118,1285583.491652,79,1215410.215009,28,1192694.406108,104,1184623.741509,80,1178589.665731,54,1114910.808316,132,1009122.591369,114,1000971.530758,26,947023.253724,52,872888.193206,117,837192.168047,115,832576.51488,116,773820.193597,133,723178.08888,29,625921.543899,185,615257.633556,108,581091.488852,120,576512.263166,40,559360.331197,103,559139.079249,41,557517.584525,155,544404.627193,112,514428.561648,100,491240.749121,113,flute
0.0,11,0.0,12,0.0,13,0.0,14,0.0,15,0.0,16,0.0,17,0.0,18,0.0,19,0.0,20,0.0,21,0.0,22,0.0,23,0.0,24,0.0,25,0.0,26,0.0,27,0.0,28,0.0,29,0.0,30,0.0,31,0.0,32,0.0,33,0.0,34,0.0,35,0.0,36,0.0,37,0.0,38,0.0,39,0.0,40,0.0,41,0.0,42,flute
6557260.108655,38,4615597.919337,75,3543068.979059,149,2367362.031131,150,2094187.646432,59,1302647.928553,112,1299984.941472,39,1241162.879863,76,1082030.098185,113,1027983.960967,60,791874.593389,186,779179.969133,151,768936.121193,148,705708.765292,100,668345.171066,187,626704.423331,77,623002.875794,51,601303.952086,188,583569.675035,185,529833.230508,111,493457.770894,147,491806.918962,101,475093.079114,152,472145.919425,61,430957.219789,40,422667.745113,50,417334.597149,298,378206.721167,176,362936.954937,114,353922.367544,153,348082.975573,118,341236.020305,37,flute
5303494.101173,32,3915511.744238,40,3741140.751925,80,3629007.216711,119,2519561.089891,237,2173948.871562,238,1721672.748369,41,1398331.337662,63,1227025.299811,277,1225276.922077,236,1223617.925055,120,1163580.145537,79,974495.276165,31,884307.034928,316,827293.548562,39,738793.741584,33,660606.466979,239,652097.146598,118,641174.877133,317,585908.03852,94,573955.010715,34,558419.068504,198,543824.050687,81,516811.878065,78,507456.459082,30,470648.700092,159,453445.421547,35,453375.840215,42,440366.12086,38,432976.187653,235,416882.586509,37,395380.533952,240,chello
7477311.73602,140,5446391.241426,141,2643478.411603,142,1457840.562407,143,1167536.030897,139,1068962.808678,138,983763.229849,144,748954.793055,133,721668.47637,145,614323.314581,137,585073.33106,132,572782.645391,146,500710.744715,147,489795.336277,136,446502.136136,158,445250.835072,131,411836.3806,148,368748.75827,130,366838.578076,159,346901.96791,149,329130.878505,150,315248.269198,135,313790.985294,129,289006.00037,151,276481.375072,420,271250.239349,128,270449.929035,160,249883.936984,152,240300.000681,127,231624.024226,126,228704.48627,419,226459.336676,153,flute
5503139.780466,43,3954807.606084,22,3187639.002486,42,3157774.109813,54,2366298.086894,53,2245240.390182,63,2064808.660645,21,1710084.811935,64,1383227.343782,44,1366709.243382,23,1259360.906279,32,1201922.915899,41,1039214.055516,55,938774.677435,84,839581.342438,40,830939.731167,52,750230.411164,85,706444.317259,45,676318.72093,39,640900.44763,65,627244.2268,20,612317.186158,56,581882.857698,46,574123.998739,51,570725.344294,25,558431.005979,62,545003.594987,24,525529.111347,19,481795.881011,31,474021.462608,38,469704.983519,61,448420.795952,50,piano
6578739.602197,27,4587146.636851,26,2460091.477754,28,2120800.892715,29,1698122.46773,101,1349833.116092,23,1237579.985824,25,1212191.426253,31,1173260.340279,112,1142310.680586,22,1059739.684163,76,1058968.740353,111,1024409.441349,30,927089.911838,24,910948.615495,75,816338.907426,51,782923.434308,150,749435.650323,151,747576.191838,52,737990.450457,53,729906.019071,45,715706.176332,33,689443.92948,100,681166.616584,77,651348.91002,35,616260.023756,78,549583.398031,46,542324.608179,34,540789.635048,19,525846.255789,55,515661.81124,32,502789.459925,37,chello
6725169.10395,40,3929634.866264,60,2339640.088771,21,2186963.270629,50,1783525.985152,41,1753563.252775,80,1653033.621968,51,1633428.515261,100,1620238.366925,16,1592068.047895,11,1530330.483033,79,1140538.605831,39,1015577.245637,42,929700.765146,20,904198.545621,38,875857.494519,99,736785.71559,49,734214.001456,30,669581.893759,43,636093.681845,15,628914.497109,17,624505.564372,31,589518.171042,22,571691.645757,52,548179.700202,44,543923.724166,48,515722.721255,37,500207.224123,19,494824.451657,46,480404.612059,81,468736.566971,158,465573.202666,78,AG
4942596.255463,26,4387852.727682,50,3117795.574391,51,2782081.999513,75,2586174.125176,100,2223418.675328,40,2154379.812689,25,1760195.079559,60,1606279.032768,21,1214382.473245,80,1138450.04679,52,1120312.293045,49,1014244.783869,79,995080.279181,27,893041.801593,20,891986.596919,125,812085.328748,23,767291.367295,16,754755.887926,22,733988.637163,18,714150.910587,41,669682.091019,124,655304.257604,24,598373.400219,53,587126.941517,99,561281.019402,48,521550.457553,81,494865.620692,54,489623.18785,76,464511.502115,28,464231.92472,47,422370.221775,19,AG
5676739.706171,158,4325304.113312,38,3417124.04981,75,2356911.811406,157,2190129.962276,150,1883487.525057,76,1880749.466734,149,1848470.191288,80,1697388.423342,79,1536303.929896,236,1499446.996214,237,1230508.802947,113,1219346.106734,112,1204031.744922,159,1072482.751598,39,952771.957546,151,945868.810002,238,789765.844544,77,693033.940488,78,664322.050249,187,563022.58701,235,546804.08877,148,491256.758169,152,471101.547428,81,462869.342567,239,426720.950709,40,416885.046248,156,381112.075504,186,371704.888993,160,358861.281898,74,333442.778213,234,321789.912007,153,flute
5081815.68698,36,4029661.238242,176,3943680.923923,106,2808520.687328,71,2434424.854722,35,1951288.173626,246,1929724.737248,316,1695291.843355,211,1663487.576582,175,1331278.228233,105,1132673.152111,245,1097351.095463,37,1031286.071659,72,986726.221952,315,912776.709308,210,891386.427694,40,845349.397722,141,816847.884259,351,799353.739413,34,793323.952964,54,783680.738296,38,741982.116833,70,728390.732217,174,657957.296343,104,591996.202293,39,581139.956461,14,540841.365028,107,534518.078769,386,527373.953395,247,481181.393595,108,452824.468992,177,451713.471523,314,chello
7198682.021785,34,5477425.298745,67,2014908.867393,35,1722425.283286,30,1582705.830234,199,1539685.431102,31,1526434.062721,166,1222388.337884,100,1133755.636882,33,669582.348372,68,651209.784537,133,648339.000465,36,608114.448159,265,569392.426542,29,505457.943914,61,482418.900457,200,442390.526868,37,437395.239594,198,400642.751413,59,390743.093077,28,323323.196189,27,310672.437135,298,304331.173119,365,290959.396298,38,265419.98599,397,237923.251419,39,237747.434275,364,234279.376387,26,231107.620591,165,226610.857431,266,219621.6456,60,213916.319714,90,chello
7988294.109114,13,1152911.162379,25,1087529.394097,12,1083588.939209,15,1078544.804521,14,988768.485049,37,970973.643305,16,779089.288489,24,757929.603974,18,751895.535151,23,649596.327781,11,591461.011248,33,432545.260011,26,407215.068911,22,371004.374675,30,368506.444239,21,345795.2251,39,337976.713313,32,327032.588562,34,326963.503273,44,323063.944786,49,321415.860921,31,301305.295076,38,292295.967011,17,288805.043172,29,279136.717314,28,247572.536077,19,228165.002409,27,222140.873908,36,205329.740879,40,199626.206424,45,185581.311178,20,tuba
6385006.461793,84,4437967.886795,63,2978256.027006,126,2777688.13953,19,2102570.450948,18,1765836.463084,64,1266904.025017,125,1235478.200251,62,1105139.440964,83,1025756.670183,85,1001197.896371,127,938771.524922,65,841477.97937,20,779621.77605,124,775212.177063,17,722152.199839,67,709671.647888,36,693700.458123,53,685440.092801,128,683683.672052,60,676995.661549,15,644500.397894,86,622002.877113,16,614808.493951,61,557022.025615,11,521201.536906,129,517664.671236,54,499178.563128,130,466262.593259,89,431115.948791,118,431083.502702,66,413514.663944,117,piano
5820275.968786,15,4097835.428068,43,4032615.770212,29,2679011.492172,42,1827114.600223,71,1781252.861066,22,1464845.259311,28,1238718.574951,56,1208611.258664,57,1149689.567878,14,1146328.578905,41,1141054.165533,64,1117575.068446,63,1007232.677172,44,952805.332331,30,914497.022057,16,738854.813394,84,710932.535031,40,648553.686548,12,641806.639938,31,628895.256437,126,623495.06525,45,598003.814307,11,571288.579903,27,545380.119586,17,538082.162102,39,534507.952764,55,502802.367428,46,501596.687838,25,478525.599952,85,478045.887286,18,463940.262465,65,piano
7106056.178853,141,4852369.239177,142,3320418.605391,140,2298945.577503,132,1882011.929207,133,1152763.573705,143,1075494.195761,131,1011257.146497,119,916150.046385,144,715643.907215,130,657513.786059,139,605433.387032,138,603496.1917,145,553744.169056,134,532190.13631,129,525818.23446,146,440407.746652,128,434143.03125,147,398033.782189,148,390800.175943,118,390368.676324,137,359351.458907,127,354494.365731,135,349247.80925,149,333524.46948,126,313741.014253,136,301079.329863,150,288543.914513,120,284214.434341,421,282460.179312,125,268773.704549,281,266289.480109,282,flute
6127585.803244,12,4414079.374729,23,2846474.831336,16,2620012.510716,34,1976783.069689,14,1957860.697537,15,1759504.665495,21,1680206.567633,56,1599550.199775,22,1154742.575696,25,1044616.165896,33,1023411.766672,75,940442.280612,89,825510.575915,67,822993.405253,32,784847.887002,26,774288.578593,20,755673.053187,11,738170.312414,31,676495.218759,24,622573.922952,35,554508.088251,18,538834.343922,17,531701.803625,123,504007.85711,27,498350.190994,28,481955.851895,19,469069.679361,50,390370.895133,122,382342.140703,111,336054.302022,76,320862.139715,29,AG
6138689.004295,27,3020935.054209,100,2539449.059918,22,2489724.865544,23,2411536.658348,16,2318648.476554,17,2182666.700571,15,1814944.244382,14,1576907.44396,18,1514300.783377,24,1401412.083011,13,1387402.824739,21,1330359.421596,26,1317278.392555,28,1085594.146173,53,1051499.94173,25,977713.490855,132,843652.712261,19,811165.567404,31,732518.41407,12,714825.492001,30,706795.839193,32,606778.790799,34,543514.545747,54,540363.984294,106,535769.717541,211,521703.544269,20,474355.143014,29,439660.163247,89,416782.960738,133,414493.719421,79,407894.468854,33,AG
5718374.465947,71,4338815.929866,60,3183928.691144,141,2753009.876512,59,2585848.533186,140,2427308.853756,70,1642588.548449,72,1637399.619473,61,1241288.494029,178,1164187.034915,139,1051915.531253,119,1016870.906371,177,942731.316612,69,883243.780872,73,806767.929946,142,759597.282714,58,742413.316864,67,704546.924282,138,683653.8291,120,661365.644991,179,653414.374907,62,631268.482182,118,627722.264056,74,595891.156731,57,533142.350687,211,459753.180796,75,458124.714162,63,456553.908707,56,431467.044435,137,428077.192989,68,411221.831723,78,407206.083835,143,flute
6191555.378475,15,3786290.271835,29,3391395.62122,43,2468983.070302,64,2154090.546368,42,1763156.435846,71,1616371.618195,63,1524427.865928,22,1520165.058457,14,1137772.362816,28,1116155.448863,26,1059917.837373,84,1034475.171783,30,1005231.934351,23,972571.618717,21,867392.926221,44,862932.06636,41,826717.357863,16,812234.320125,56,790105.926515,126,739971.481977,85,673111.156479,24,656709.383565,25,546647.847864,40,543008.942415,13,524679.531472,31,507134.57702,17,499659.97186,45,478458.945667,18,467737.695051,20,463429.450307,12,462785.934232,190,piano
