4902564.247996,27,3409193.218336,28,2429784.456544,26,2186550.828215,23,1792197.84593,21,1739818.043437,89,1708054.832007,88,1583743.439869,132,1574934.97207,52,1572436.530433,30,1394017.533128,124,1368541.640116,50,1294213.199729,25,1170770.719754,29,1157034.297365,177,1147878.977902,22,1111937.857219,67,1085104.768257,24,1054328.854951,53,1028412.538068,176,1017871.643135,11,923201.940777,59,885986.521126,79,833458.651868,110,814793.905435,154,813879.585332,40,766109.929186,44,762748.909787,111,748771.827848,60,718855.462539,51,699897.968934,31,690166.78542,20,chello
3194663.41335,16,2943293.252289,21,2801841.639289,60,2715192.775612,14,2522424.244792,41,2293064.145046,45,2271176.770125,40,2064172.949208,39,1960164.880925,19,1927347.688023,18,1911345.797277,22,1891701.177643,20,1827672.395697,30,1615567.086595,26,1476800.657735,38,1348963.243849,13,1326231.451,12,1232055.818155,27,1201209.611812,23,1061139.212218,37,982587.681514,15,920114.264306,59,908045.662958,25,851843.631488,17,847812.12311,42,835325.809401,11,820668.644161,28,772157.36141,24,730323.059512,79,650836.251736,58,649815.202433,43,626360.758992,158,chello
3848030.027538,30,3112998.518837,21,2985608.792541,23,2889444.813364,45,2856844.143421,19,2185448.344688,31,1921022.164447,67,1900782.224163,22,1871227.918561,133,1840542.307732,221,1637347.300358,11,1489638.75498,89,1450147.851059,40,1403461.004962,220,1295079.666944,111,1260206.209594,17,1100830.830465,155,1100419.943188,29,1030263.226958,24,983656.085961,44,934656.521894,20,896832.858817,33,895994.203796,32,816988.678094,27,803392.228404,14,797230.332975,90,792064.438577,18,729555.196033,177,698435.501631,26,692585.892747,59,683110.83287,41,660321.393097,50,chello
4394042.737129,211,3409182.001929,107,3317135.123259,106,2990445.813591,108,2286395.629607,105,2077414.600099,212,1394076.626229,109,1382618.668036,100,1378879.382909,267,1265473.64564,315,1243899.946834,200,1198820.443939,104,1164494.930453,210,1133002.755588,133,1116557.098008,205,1072449.047801,314,1048904.46902,317,954362.646966,316,947088.736129,209,944066.983614,400,938450.767845,119,925864.822453,266,857716.387079,120,855994.400184,80,853698.904073,118,836216.798774,265,833548.550227,113,828058.116916,268,827900.906462,313,822882.070126,214,785482.895827,114,780922.835403,358,violin
4507216.058666,34,4274444.55895,17,4133368.321202,35,3005630.121805,68,2229629.39632,101,1674253.722266,18,1640246.530976,67,1574557.856078,33,1393921.27289,168,1387611.757426,30,1272838.816002,102,1255683.511691,135,1198931.186024,169,1133812.41194,20,1090240.133371,269,996572.751518,21,942515.793188,36,828790.485734,235,799467.753056,39,790675.936462,202,733167.611851,32,695818.363941,74,669961.639134,302,662141.171067,40,653080.472205,31,647068.129566,69,637722.58672,268,576896.174271,16,518949.31938,236,513990.847127,303,505762.519333,44,502877.388584,66,chello
7240040.846797,16,3999581.959259,30,2805085.482737,15,2301657.657028,17,1619159.836944,89,1599472.954535,60,1445757.422437,27,1345271.364149,18,1276045.793274,59,1202390.522898,31,1139663.001056,19,1123906.746979,74,1025082.173769,33,713560.740203,14,696016.449553,35,567023.364005,45,539559.847415,23,514121.561515,162,503949.717405,67,482530.451144,75,475715.40128,13,442363.662392,90,429735.09008,34,423270.114764,20,416002.283703,103,411551.697788,58,406946.156567,206,375575.835914,36,333711.477635,32,331792.54443,53,331284.65839,191,327243.811477,43,chello
5061035.262205,30,3129715.871789,40,2645016.297372,59,2457016.360872,11,2431729.084353,39,2281576.693189,79,1790159.725071,137,1774336.480788,156,1498358.034019,19,1471010.766605,31,1352140.329899,18,1241489.608553,78,1212643.071353,20,1184237.622433,89,1102004.596297,88,1042360.395034,12,1019485.261007,33,957685.880056,29,850727.017576,176,820123.683196,136,745476.242682,186,741044.440686,90,739706.756703,157,721204.681043,234,685380.889421,14,679958.620272,22,658457.676837,138,655996.094605,23,613100.759,43,603488.076174,49,563087.031528,21,548722.273562,35,chello
3127591.244184,59,2952794.699019,15,2948063.570203,60,2228594.055562,23,1958206.673941,45,1810323.979881,31,1640879.85926,16,1621652.787932,74,1613070.341412,220,1504944.440378,221,1492462.76934,132,1445568.406292,198,1388526.793358,133,1358810.295082,30,1267089.198503,214,1255120.807734,199,1231540.604376,215,1188589.48758,90,1026613.471651,46,1019650.53974,29,1017758.853707,75,1003039.381673,67,985426.563541,218,979679.012654,197,941628.883058,192,940410.710828,32,901699.064824,50,899176.179424,33,897467.124487,88,890364.263756,216,882211.300558,44,841369.534452,51,chello
6790396.056286,20,3511842.04751,60,3099083.334078,40,2606109.499947,30,1975755.923292,41,1693289.928915,21,1424802.054711,38,1174873.136146,39,1161095.058306,42,1077923.786095,57,1061840.325328,158,885314.486828,124,837140.870132,37,774259.796063,15,741364.160338,61,716353.915114,43,681159.595697,19,635538.372491,22,633743.660506,44,629681.563227,49,614835.551282,80,613457.646278,31,600676.576576,27,594178.78092,59,591952.355331,26,542029.059065,58,540482.210749,81,520822.960663,53,512506.343281,137,511779.660109,157,507011.394694,28,496774.152527,45,chello
7083888.620917,51,5019645.631605,50,1879965.382474,52,1869344.922567,57,1600964.638962,199,1478317.333594,112,1411799.180003,100,1304406.028665,149,1292297.765018,113,1041817.116553,150,1039119.5051,54,903123.779202,49,793641.155575,101,653821.293253,55,611649.976528,53,610081.796474,110,560148.839385,109,558192.206337,197,507031.577533,56,491812.162273,348,467267.636213,111,448041.098329,99,429613.253168,298,411923.379916,201,392540.714025,168,391373.516305,196,386373.385896,148,360218.40529,96,354731.815084,114,353936.942492,108,327392.620799,225,313409.741198,200,violin
4235110.449352,55,3472461.970606,57,3250176.69579,91,3102299.675713,92,2958931.963518,90,2407209.806857,58,2017145.951454,56,1635009.640097,54,1501483.207654,113,1449763.555588,93,1254845.268747,108,1202912.630146,88,1126695.008862,114,1081633.754604,172,1016412.699418,229,934075.191614,87,894025.80081,89,876685.039087,80,866301.018002,228,776804.72421,83,776524.098977,268,772538.465614,269,772495.411068,270,699148.924324,181,696115.846696,110,692781.008557,227,680833.862283,59,674943.288117,284,622326.837413,188,612132.362602,53,608290.844863,81,599950.756285,75,violin
6023578.431272,48,4070394.498671,39,2811625.461344,47,2586689.914929,38,2297377.556834,49,1965202.488835,94,1534491.767216,141,1394367.068999,43,1322576.055979,188,1277666.186745,95,1217984.092017,142,1215133.38872,37,1165362.772583,76,1038379.35372,189,1026646.277504,46,973227.093385,40,961823.010352,93,873626.044768,41,804106.750808,186,744683.341114,226,736259.296056,45,713691.780555,236,661009.470621,50,635195.550772,42,589850.406841,96,586875.972596,140,507863.949212,187,504736.303965,128,484731.487868,51,478428.669821,213,462455.091143,75,447645.283895,376,violin
3300616.271885,201,3012917.680125,35,2646196.250214,202,2558460.87295,32,2286689.483615,68,2146217.892769,33,2065828.387748,23,1874519.59547,168,1836406.730931,235,1800716.474677,30,1791570.005253,22,1691716.066187,60,1612591.644045,34,1573333.087682,31,1544870.058399,90,1534782.124968,101,1494045.445605,91,1268121.749914,59,1227635.864347,45,1015642.158721,335,878772.058387,67,840769.935203,48,830823.536506,302,797823.105672,92,767274.033231,200,739128.986612,199,725710.01346,88,682501.385578,64,680108.603464,93,662071.678542,208,660131.857299,89,657483.462527,24,chello
3861668.953679,146,3727897.484645,304,2727008.294894,145,2433271.220496,305,2328758.137803,151,2113134.198883,289,1744290.585252,288,1711477.218781,147,1678244.054607,456,1536530.711018,149,1418079.09726,153,1417679.276398,144,1253891.829439,303,1213223.738814,302,1165403.224975,122,1130631.851448,287,1078571.69718,292,1034068.012752,130,1021783.484285,258,1019818.893942,143,1004064.989804,434,932786.553399,293,923930.980252,121,923031.310925,386,893084.949183,150,834375.912049,306,765835.433482,256,765822.822177,255,759463.518805,301,732046.96029,129,716759.62083,128,713164.915576,432,violin
6242616.448255,96,3727574.806615,95,2850593.639729,76,2596168.323206,94,1643295.641898,227,1575321.997304,89,1473240.22322,88,1356026.611766,54,1351763.263129,93,1149435.346112,87,1103459.828951,97,1043534.645195,92,936808.732769,90,926770.036045,192,922209.744438,188,897107.120278,255,852610.776906,128,835756.897907,99,795700.35722,98,734554.673056,287,713576.854143,189,680503.307113,100,676262.354277,83,654669.811252,187,623259.708163,77,619012.160257,151,618548.204401,383,601860.84256,288,589907.520766,193,589854.857236,378,584221.53717,80,574042.22277,81,violin
4555897.532916,62,3961753.66674,61,3436843.814496,63,2985128.29554,64,2916277.895177,60,2014301.330583,186,1790925.020664,189,1548980.94933,187,1409886.715328,253,1409121.327358,59,1330320.968938,65,1287056.347364,188,1130348.170326,185,1117003.237147,190,1009265.728425,127,1008293.817169,125,953267.205319,119,906636.248457,316,897744.020062,184,896127.015562,182,822829.224965,121,817628.627189,128,801154.546721,183,752155.378449,191,724127.419194,124,723132.958342,181,684666.638777,315,647156.373331,58,602839.656881,66,553811.747981,192,552154.052384,252,519767.691021,314,violin
6996050.491542,113,4478053.425021,112,2808274.574219,225,2359158.444232,114,1891785.861257,115,1835083.913404,111,1751648.928836,226,902864.199852,107,880247.000314,110,793087.035572,224,733859.38774,120,688719.160879,94,681475.75031,213,681131.232015,227,638844.053077,337,580221.739682,116,579654.882896,121,558392.584471,214,497663.925479,338,485939.766661,119,448288.232548,109,424500.614161,108,399292.70698,211,359671.066816,102,352290.362758,339,348157.079317,95,343387.625768,89,341359.443574,223,337698.050026,117,318943.862294,203,307149.336158,122,298657.741866,93,violin
4357234.056681,27,3747873.202875,45,3502183.160367,28,2132232.764567,23,1929120.087335,176,1922674.037081,88,1912200.959089,177,1582334.370993,30,1500400.141401,11,1466275.113508,26,1334669.273837,132,1192616.274248,89,1132503.853647,133,1044790.218563,105,1035681.768618,67,1019235.556441,24,963063.094197,43,918961.165278,111,914114.394401,29,881400.571652,53,864503.342704,31,851305.498186,100,807407.806241,110,798547.901182,66,796910.364001,51,787983.044616,199,766411.720595,21,763053.194238,17,760404.069117,154,709021.332805,91,707122.180765,16,706926.261,50,chello
4193864.45492,20,4043457.016266,21,3397478.05181,16,2643673.828313,41,2396979.429548,40,2260837.526605,60,1924701.216312,15,1817343.1146,27,1784982.781717,37,1652142.369254,19,1634690.113579,38,1442897.206059,17,1366816.429392,59,1066424.206238,22,1037248.308031,30,998025.096398,42,953205.239166,34,868379.904472,25,824094.578801,61,720282.672038,24,714286.653007,159,672216.118663,18,660639.293524,39,660572.783176,32,650183.469949,23,630868.756997,100,615684.986935,58,605202.862432,43,584545.208867,89,583532.982082,158,569015.013707,28,544224.062424,35,chello
2188252.853619,150,2083795.174337,291,1910484.873388,147,1868474.818755,292,1847625.245755,145,1837611.310607,149,1728500.106115,293,1714522.253143,294,1704934.337555,298,1576054.38258,289,1528833.841427,297,1514323.547947,183,1420596.855157,295,1396380.44782,446,1368489.114729,169,1349507.478813,290,1307827.804344,447,1276416.765427,445,1247461.672649,151,1231568.558671,288,1204297.27061,144,1192485.423832,448,1185632.168017,440,1132834.454264,434,1102609.241667,443,1089544.773722,283,1057435.252166,435,1042619.163806,296,1030843.643091,158,991328.388674,284,990329.471428,165,985772.921901,148,violin
4577938.165109,17,3984643.004759,19,3686735.61131,16,3566015.057851,18,2339591.965723,20,1988453.453541,30,1881384.067215,15,1383733.871797,23,1326993.581327,14,1291665.497328,88,1024924.962426,24,930702.469655,21,923005.366237,39,920820.550005,22,913685.408193,13,892227.298063,60,873251.992107,89,839207.556584,11,816354.342804,29,732875.348908,183,719149.10299,31,694500.284834,12,683180.050163,27,637893.311051,44,634330.913547,25,630309.799704,33,610691.540388,57,604567.261231,45,569672.533972,51,562930.848516,68,561123.847776,34,533505.015195,87,chello
5994516.369942,17,3284464.447806,18,2596612.560429,31,2537325.42571,30,2379653.417091,35,2220462.849057,34,2096704.756864,21,1594515.68759,89,1482729.473521,16,1404187.51191,60,1306226.282555,59,1043335.008263,32,1042413.048358,19,983104.58534,68,872987.142056,177,851959.13579,15,850398.255979,100,839741.05044,88,828835.216491,22,810381.009292,101,714103.834103,23,708955.409333,20,707660.084846,36,689707.970024,14,684996.834947,67,617007.962845,206,593425.865282,176,585741.961342,148,575349.165659,41,573985.978661,45,568074.257076,25,563978.016938,118,chello
5030404.561539,30,3733889.773996,60,3140858.319344,23,3128156.968959,31,2473447.675177,45,2034237.62556,59,1913281.111762,74,1725844.34048,29,1443382.601852,15,1381790.940186,67,1269061.883437,133,1160229.513629,104,1108354.862023,58,1012067.585854,61,1005423.140569,221,927549.671367,28,925447.909816,75,893416.782496,24,862276.495184,199,762275.268646,32,737301.834657,16,724610.617561,192,642112.478539,113,616313.124601,89,612565.921349,34,608803.357744,66,588838.752575,44,581087.317479,177,579437.108201,27,562360.941604,43,550784.069518,62,524646.563575,207,chello
3708697.359448,117,3299390.538478,118,2315947.875361,212,2111424.63867,105,2108884.88845,209,2056590.81874,133,1724304.791439,210,1678696.909417,314,1666718.276858,361,1656703.951765,349,1608778.012518,116,1569633.868587,362,1545769.999611,101,1354504.681973,211,1200543.934541,100,1189312.624877,266,1165278.592573,350,1080629.019498,134,1066739.774145,360,1044792.151229,119,1043885.075151,363,1033565.183934,240,1014551.392501,130,997252.965714,109,966010.035331,122,918086.590082,241,905100.024474,267,891377.255649,104,874724.409386,348,811722.709687,213,810050.933779,204,798275.957895,120,violin
7245162.12868,16,4130710.805596,30,3001674.533313,15,2101942.128987,17,1583031.40097,45,1556099.503451,60,1426573.619736,14,1317404.280244,31,1184037.731919,74,1077013.484745,18,1030049.642267,59,1013336.500503,89,923792.480558,13,644936.960083,12,634661.441978,32,541359.560441,20,541091.745761,27,523384.668475,36,481361.225795,177,470145.136612,75,460997.342886,11,450744.153239,29,444900.285031,162,441145.443259,104,434493.664617,61,411915.288004,33,349766.579414,88,348139.510938,19,308098.580713,46,305249.455646,90,269667.805845,58,245199.305846,62,chello
5753450.357853,20,3666220.366578,40,2707321.45241,19,2560225.014803,38,2545142.773091,30,2424332.786293,21,1914433.009148,16,1530194.88164,41,1461258.980547,18,1385661.217574,37,1380084.390667,60,1330467.200103,50,1322744.484598,27,1301944.727164,15,1074527.277317,17,901964.291943,59,808053.752385,33,805239.652664,26,784413.88329,75,753357.01436,31,746914.115502,25,742951.17206,23,730722.985749,53,729603.729912,28,725085.619892,61,648640.024546,49,634779.346667,57,592147.609365,42,503983.617503,22,502200.353164,80,501739.225106,99,487301.886619,32,chello
5620667.943782,40,3694574.64401,30,3082613.884445,20,2493134.940825,60,2019148.239414,79,1893706.086624,21,1710608.14937,39,1704495.446846,11,1662442.306238,59,1599956.007815,89,1439452.786041,19,1437581.885865,157,963618.716703,12,867439.638243,167,866636.860663,38,831853.635494,50,797191.230946,69,772510.464355,61,739809.656654,18,722758.629226,17,680224.886789,15,664832.091908,16,660368.364664,29,635560.485792,13,629939.734103,14,600626.656737,88,567645.025625,31,557452.524987,49,537647.879504,99,526144.179498,35,524973.080128,158,524947.840601,177,chello
4385259.360613,57,3823710.674303,113,3704240.966924,48,3432213.885036,58,2267386.411395,114,1942568.02644,226,1662992.415668,225,1363060.851029,47,1301320.170459,76,1195348.148137,227,1164699.596889,56,1150794.530424,188,1150430.931417,55,1084715.777887,38,1052755.311349,339,1015560.519209,224,1009796.001519,170,952424.511584,142,894876.789052,43,886154.482875,94,873300.646273,141,867670.637748,171,764389.730023,51,744276.453602,37,737860.450379,340,735160.918762,213,721643.948418,185,720502.147056,151,715850.269229,60,702915.025427,59,644574.040649,86,612696.094936,42,violin
4034908.437277,66,3270064.665233,50,2943852.946879,197,2735231.422974,51,2623696.68402,196,2113993.91815,52,2108382.600004,132,2060410.770804,49,2001487.387709,131,1959660.147133,67,1671778.324487,199,1612017.278992,53,1531828.82097,200,1515828.935246,100,1313252.532794,64,1292125.608496,57,1243731.712592,101,1231704.812983,198,1103561.163229,48,937745.708895,149,878824.17912,65,815959.808824,54,757084.819309,133,653907.66791,56,650088.087343,59,645259.451025,151,626232.331529,393,597395.473211,55,590309.26846,201,577715.18821,394,575430.692436,148,574886.52937,113,violin
4530788.257188,55,2995089.177856,96,2749254.808724,191,2449398.165398,192,2321568.58671,94,1954716.5818,56,1822768.349419,286,1807617.944819,287,1756840.135756,91,1668396.205078,57,1553674.740741,381,1365047.832783,93,1354016.195525,228,1290792.051485,114,1260032.728935,97,1249731.941768,382,1232146.10476,186,1230301.405523,92,1133424.910408,95,1062330.225797,111,1040959.887474,113,952357.825312,75,924758.948325,189,889908.631377,108,879229.370191,190,846989.809489,185,783189.709967,383,780855.413607,87,778455.842352,98,756152.182854,110,728146.214312,284,715333.641243,288,violin
5518158.176903,35,4133805.209215,37,2090397.32521,72,2036752.405948,38,2020261.957754,34,1935836.031108,215,1501179.271809,108,1430805.184874,36,1410337.5005,70,1402863.978082,216,1377918.016334,212,1224097.14708,68,1136134.591619,33,1094980.893126,213,1052332.433299,60,1043388.970805,214,1036523.374445,101,999106.499633,180,945886.929506,211,921943.662219,69,916616.574239,107,897040.408754,143,888743.035348,177,867134.008434,45,844301.532457,30,841809.429439,179,829326.944197,22,783542.594798,67,759791.751977,217,754698.836495,23,693234.235222,73,691109.596749,61,chello
6822335.446527,64,3235971.225177,63,3048672.257013,61,2207541.715994,189,1736436.401525,191,1637470.986922,60,1566554.792145,188,1556488.267005,127,1473529.61142,119,1442251.813722,65,1307223.156287,124,1268585.513146,128,1063554.018628,62,1054012.976609,187,991746.700825,121,913222.214362,192,814705.378321,241,782526.559698,186,710879.262952,120,663886.730666,316,637728.692246,314,629678.276577,129,600929.946188,253,562897.104935,125,554901.502933,193,549095.410568,181,535256.439645,185,476841.313979,240,465246.822359,313,457387.723524,126,451253.218332,66,451180.465179,318,violin
4023358.974133,145,4016277.204038,304,3029461.064866,303,2957813.393036,454,2302496.135611,144,2166512.019892,130,2017008.207588,153,1986679.403065,146,1912634.158591,147,1649613.447771,302,1466693.434065,289,1431249.502344,453,1243626.251546,301,1237819.274932,605,1208780.433352,455,1009600.024017,152,985854.166579,257,951125.060323,291,903563.249387,143,894123.484837,604,875407.525708,452,862948.084777,151,819286.780761,122,644488.111751,757,609878.728189,756,605108.97023,148,602191.679635,606,581767.042188,150,579945.484711,288,530328.874679,300,488592.525189,154,480887.547079,292,violin
5429924.038255,96,3951606.495346,97,2852017.848864,94,2819889.147697,98,2646484.954165,194,2521899.956589,195,1970853.897215,95,1606237.234286,76,1371742.421184,93,1220455.913542,196,1162939.772245,227,1097727.683174,192,1044207.691039,92,881775.787534,291,824056.754962,100,795118.01947,87,784629.361968,77,773675.800661,292,749940.078386,99,689136.114929,91,669954.791555,90,662267.556287,101,640992.993008,191,635302.610878,383,618855.715241,102,602088.130606,226,566512.971886,188,563869.36863,64,546606.967671,75,521801.310245,103,502242.20333,88,484374.117709,197,violin
2429140.511879,282,2073443.909896,136,2066288.382344,135,1978627.851965,269,1848202.700752,134,1804572.190347,270,1743002.051959,268,1711042.711171,283,1662219.909013,150,1622393.077234,137,1492719.338082,423,1490965.549374,401,1484378.603073,133,1470366.021772,143,1441698.100693,142,1390277.970921,400,1300492.354638,402,1289703.16742,267,1247084.101068,271,1210871.95599,420,1207442.68161,399,1142754.145537,151,1141664.686444,410,1129828.844725,149,1126031.820693,281,1105210.378724,132,1098934.138955,417,1051210.825535,409,1020244.667871,421,982849.809947,280,982059.896863,403,951077.018006,424,violin
5846105.792039,26,3942247.087909,27,3645880.741792,125,2250501.097893,28,2145921.407879,30,1567112.033325,23,1454637.911676,100,1369000.739935,31,1340161.728856,25,1241813.24632,75,1228066.413997,11,1135908.90146,124,1101221.620959,29,963627.487058,50,883017.285283,149,861251.480284,150,814123.385188,89,793526.699507,174,671927.5638,123,639163.450605,198,604220.304853,40,581838.375779,51,568252.917114,21,561555.039276,248,560442.616949,224,554826.302078,76,516041.852729,67,502640.697204,273,501917.703656,126,493769.549765,59,484432.304937,222,483243.48098,52,chello
5908598.170152,16,4568662.943799,17,3520642.654504,30,2175311.462553,19,1932354.985917,18,1929100.027117,89,1890846.905665,15,1741689.287406,20,1185133.999894,23,1074046.913686,31,1050832.601587,191,1042653.960227,21,993877.416052,59,993738.343963,34,886898.043151,29,854840.483106,40,751161.848903,22,741295.308099,14,738807.161333,74,677071.167686,88,648885.676657,28,585099.132769,60,559570.075682,13,524462.229043,84,514500.639966,32,491574.067173,41,444818.187749,26,428347.217556,27,399470.464135,24,388035.2587,51,385935.94449,45,382944.460571,58,chello
3655616.051915,119,3511091.921583,106,2772663.881274,361,2515800.921292,105,2239800.440689,117,2010403.232092,237,1922098.513978,241,1889526.705995,209,1699540.295623,358,1677343.795503,240,1637400.642678,212,1541043.127167,121,1266320.106337,101,1202912.745638,236,1170468.525067,120,1137321.546443,104,1133995.963403,267,1065692.47376,482,995493.993396,211,969966.255031,210,968096.102406,360,961466.186083,362,937975.369324,118,903458.850677,481,897336.644432,354,879468.761954,239,860848.532602,134,813124.733773,480,785166.468243,208,770682.939957,204,750811.431494,135,721312.364747,357,violin
3258331.257721,225,2481052.882845,252,2430194.016172,114,2111362.2421,253,2096867.954047,251,2060880.768137,240,1879579.950013,94,1844941.245789,112,1804207.702046,239,1697325.622256,122,1656422.195918,113,1643104.279744,126,1580159.810344,121,1432444.843062,125,1303905.10522,224,1298844.753209,127,1268869.752793,254,1267684.108069,242,1229308.649976,248,1219146.126387,108,1201156.52816,109,1191092.677376,478,1039152.181825,228,1039050.297789,213,1016691.137832,250,1005399.186815,247,994087.685657,359,991384.11878,117,897415.611249,124,871757.55687,115,829483.523934,361,814673.376846,255,violin
5435947.735649,23,4019731.779841,16,3591312.774139,60,2530572.318003,29,2355237.016284,15,1748751.383675,59,1656342.069388,30,1512615.311011,74,1370124.533736,67,1282210.379187,24,1198886.873736,89,1049075.04261,31,1035525.392261,17,890318.231742,61,851442.550206,20,838149.177143,14,817963.993277,104,807440.543731,25,745027.766094,28,706311.140669,88,688782.052818,32,685548.526185,66,680178.985119,18,646844.118313,26,599808.027972,13,594703.517281,45,594664.083767,221,585686.724709,33,583321.32108,113,572450.584305,103,549653.566929,199,534132.557031,133,chello
3775180.809831,38,3518922.891881,20,3150761.732742,39,2700814.757724,40,2652441.24764,16,2314830.400488,41,1913386.169581,33,1782699.413817,25,1640808.940016,37,1579599.807337,63,1455588.550971,15,1332185.626406,30,1226103.302661,31,1185214.142598,19,1148018.969091,14,1107459.035525,12,1080636.05671,45,1033183.590193,22,1016319.160977,50,916121.319743,61,909973.731844,34,907112.778546,17,862085.356387,35,848840.475439,23,823924.010056,64,775351.948548,47,758458.478952,42,756061.748041,29,743586.226045,83,739334.264421,28,735385.096455,125,719598.733268,36,chello
4896796.992239,17,3641173.35779,30,2868506.063532,18,2741524.784349,59,2582878.776099,29,2178235.152336,88,1692235.08478,31,1494113.090724,21,1456960.705121,28,1342237.259394,33,1337383.548729,34,1280868.110927,177,1210419.270295,19,1189283.990398,32,1150062.645428,16,1128434.098933,60,1001557.773938,90,891807.046461,39,832128.197458,176,805934.378429,82,733381.135052,40,729936.531013,61,691603.184789,20,687094.250216,57,664036.840813,117,662672.571312,83,662314.689261,89,658895.426735,15,646042.880565,41,630293.691703,235,604545.751167,115,601643.172751,22,chello
7229515.758793,16,3089150.505907,15,2731865.52866,30,2263134.863226,18,2221565.287561,17,1703823.319955,19,1630020.415083,31,1557995.803941,14,1286096.617836,27,1176397.197632,45,1003404.302858,13,917222.736029,20,906584.799075,60,864562.700753,32,761067.437824,74,730155.060436,26,729049.005963,25,713418.365648,29,687298.36271,12,680092.014849,24,659629.502102,22,620409.807854,23,557317.850976,34,554254.385698,21,536335.33479,46,497588.918836,33,488888.317694,59,452212.49358,11,446483.460963,89,412931.957551,88,400407.69999,104,388887.869839,40,chello
4177600.931557,20,3371205.043611,89,3205463.184778,40,3112487.415866,88,2881210.417412,39,2121687.09158,11,1865624.264337,41,1703022.985824,30,1670891.153624,42,1589399.44397,90,1583130.172854,59,1357748.604562,91,1261311.897031,18,1185027.311493,69,1057487.025901,67,1008820.840698,21,925706.218655,31,898367.007697,29,773594.545926,22,733519.429671,58,707232.824644,12,697453.457736,38,685725.77498,26,673358.373734,23,649086.997839,19,639886.785828,68,610944.058139,60,606583.526896,24,602498.071166,176,601608.585305,16,583734.944396,187,581953.858347,97,chello
4182158.959875,63,3871959.716905,64,2962544.020431,188,2485955.780649,132,2433803.16232,66,1959682.85258,196,1838702.620359,189,1744582.902249,198,1655254.675679,187,1653252.984622,50,1650243.1673,65,1643751.523762,67,1449324.033445,52,1371994.412757,131,1239904.087566,126,1175071.500746,125,1129690.565934,61,1056511.687902,313,1008214.76231,49,979523.007523,251,926296.154692,51,923818.768454,57,896673.326338,100,884091.883129,195,840727.516833,190,832621.60542,312,803381.685224,250,756540.232351,68,744051.480158,252,733135.065009,69,703188.74873,200,700287.779675,133,violin
4480930.012344,195,4316764.23445,96,3679442.921253,194,2643035.272134,95,2256455.051445,192,1982022.861907,196,1934420.497895,291,1907252.952156,58,1706311.389985,292,1364334.575337,91,1362494.642972,193,1313705.732269,97,1218378.37697,189,1079616.501062,90,1071354.942704,94,1018367.846145,191,1001507.649974,287,985562.733843,57,918795.474597,289,857497.582199,54,820350.26028,288,790480.880897,98,753518.554614,190,721390.36527,88,700746.153073,87,603535.410525,186,578954.15282,112,550778.452545,293,550458.297878,99,515799.40424,114,504010.291678,83,500841.992022,188,violin
3966681.818764,30,3688804.228741,20,3488844.113517,16,2941502.83467,17,2211419.379392,29,2190193.490241,18,2175943.194624,28,1820452.398731,50,1813224.507371,40,1740121.225128,27,1684605.117318,15,1296016.958407,38,1281220.999693,31,1212696.470931,19,1065098.687369,14,1031459.768578,59,1001278.908047,74,995413.958057,75,927595.941954,60,909458.532654,25,880969.230937,61,846959.743441,58,807315.825994,45,751163.275836,22,714867.124096,21,674252.847354,34,633284.092395,51,624429.598307,56,615450.60699,23,607239.213017,57,601196.353146,32,596954.662455,44,chello
6805077.794403,37,3374686.520452,35,2437447.294417,34,2345538.563481,71,1792592.797748,70,1499337.574095,31,1447689.477225,107,1443745.696882,36,1403123.716006,72,1300685.27377,106,1074893.506258,33,990445.443761,32,987709.274367,108,980249.291902,38,931834.360522,30,914875.386858,23,912218.444952,45,869790.213527,177,819374.77852,60,796127.942986,214,788829.465775,105,762417.571596,209,722915.003086,73,689800.098047,90,680131.035382,208,670889.990475,143,662881.72115,175,638780.171896,69,610946.102928,101,569958.510794,140,548296.778662,142,530567.391479,211,chello
7942260.289644,57,2772685.767941,58,2362856.909067,114,1776286.848851,113,1389984.783514,226,1314811.126677,94,1074787.743309,60,1047533.864281,39,1023015.687742,54,979645.961636,56,896113.818561,67,864544.64758,68,821986.34323,115,803461.01126,59,778895.475745,38,732779.412254,189,727263.972703,112,695051.200471,340,694454.699977,142,681875.962798,66,656264.446934,188,653933.850741,55,651540.992582,227,631937.249237,339,622844.329109,86,587788.238008,69,579285.953039,53,562158.279992,170,544074.69735,45,529872.120234,61,522448.621139,283,510168.966142,76,violin
6512539.035711,64,2948868.260296,60,2907544.164301,62,2579147.710328,190,2144736.709141,63,1884578.373945,127,1703482.640375,189,1689545.811482,188,1542002.695546,65,1233484.015856,66,1147705.841704,186,1082661.812138,61,1079391.511744,191,1028085.588893,316,997558.786405,187,971376.907428,59,969822.967318,67,905477.004829,314,812875.720336,317,797697.00605,124,715172.367037,58,710859.961907,68,624629.02041,128,573572.448874,69,565584.662703,119,560389.556314,57,544430.729674,56,542538.95224,181,523730.02266,313,504868.150158,55,479148.276048,70,478140.68263,123,violin
7392678.595041,96,4434870.396163,95,3677894.984573,94,2099720.578964,97,1316590.994234,93,967069.008406,188,888133.968065,194,874730.358714,192,826053.404075,191,623708.173194,98,600135.002083,187,588110.650917,92,571964.427154,99,524236.195068,91,520858.222422,383,496544.329333,90,493127.214806,286,487120.618073,76,459627.942495,378,458529.591651,287,443151.499981,193,414539.70085,100,405749.326679,88,393949.708083,380,393104.435066,195,360260.370348,377,359750.137302,89,359344.96004,281,348065.844881,291,345060.623948,101,334996.149868,227,316406.894388,196,violin
6459345.029038,170,4732524.389216,171,2275174.930443,151,1924689.569143,169,1864616.84128,303,1711824.426704,152,1413652.098828,173,1383221.587603,145,1347444.516379,129,1275521.912563,340,1199484.859356,339,1131583.858404,146,953416.952882,168,926166.692937,304,880921.346537,302,791331.654644,175,789062.549154,153,715471.316947,130,713136.636117,144,681907.580647,679,655771.34434,289,629227.768214,174,585643.128599,678,581652.926832,341,571181.758749,128,548367.670403,172,544249.91446,176,473612.659696,143,438058.400981,166,435068.459162,177,408927.843356,680,405086.626466,301,violin
5702403.392619,133,2684417.254026,396,2519804.190792,397,2213703.568306,131,1937216.09597,134,1919217.949903,141,1884705.536111,265,1782348.681637,132,1700952.505201,142,1644987.440238,130,1572181.510173,264,1281793.403084,268,1153951.558703,266,1024629.851771,135,1015542.748536,129,981277.032992,150,948264.85065,273,932222.637033,276,834625.458355,395,813301.215853,282,790229.826573,399,744468.837325,128,738133.665117,283,685846.339117,137,628416.905297,387,617209.745944,136,608225.961549,140,606858.381476,144,605394.622534,138,600937.9376,160,598352.535521,263,598061.220183,151,violin
5969677.22788,16,4229220.826406,30,3481008.498698,15,3345237.99909,17,2157012.180893,31,1301184.497822,20,1236186.92374,33,1213964.115533,19,1197506.670864,191,1170752.901267,14,1105128.154741,60,1008972.20109,59,962764.205881,32,911370.838774,74,833160.310797,21,805757.417831,29,797248.507829,38,718729.899612,192,699577.645178,13,680840.041933,88,625859.391279,89,623252.758149,28,622612.515879,18,525578.89456,133,522307.083192,104,488799.246751,37,478688.342573,177,471662.485174,27,464935.866235,45,464031.383551,23,460237.419796,12,456868.524589,61,chello
5184977.826594,107,4684911.495377,108,4407471.820663,106,1684303.122787,120,1494423.45237,214,1355448.217403,119,1316758.957662,240,1292686.666697,118,1145603.320777,360,1122079.391837,117,989963.122472,358,970603.176875,215,947954.957351,241,944494.035888,211,944144.845995,359,907364.260951,112,878512.760663,210,798343.430412,209,786304.954661,122,767493.350249,216,755664.203726,200,739717.321478,213,713624.841355,242,681460.414137,114,645715.699629,315,641563.123293,109,641179.513078,532,612729.92657,105,577077.261479,203,569461.432816,239,561271.741554,79,554921.653283,320,violin
3470914.218779,20,3020820.184522,35,2684949.387438,22,2498414.064393,18,2313114.707831,23,1991559.821279,26,1829048.371622,21,1769121.838442,33,1756036.498044,16,1722419.173059,19,1650788.860225,17,1629041.509094,14,1548340.336257,28,1525723.229214,12,1455760.936411,55,1444402.223484,38,1439928.975747,56,1395089.998522,15,1314899.337703,25,1303866.198865,34,1274436.198209,41,1246993.635945,30,1148971.933424,46,1117089.063036,42,1085962.689356,13,1054097.413202,29,1001398.683266,40,966676.143133,31,937259.435318,36,918571.6422,37,864406.03169,39,860817.071372,32,chello
4209118.285339,16,3449712.963816,28,2761779.385081,29,2694487.512557,15,2173751.878029,31,2082565.801059,17,1571737.692691,42,1341598.094882,38,1309255.250106,60,1290104.543778,87,1262963.14193,45,1260596.710011,59,1225941.474891,89,1176747.15169,23,1154114.107814,39,1129226.040646,91,1069271.94478,88,1042554.419572,27,962343.171043,159,903158.170337,160,901642.154085,37,876571.974333,30,876240.496582,32,856645.192303,58,801538.607755,19,738428.569356,24,727650.391832,158,714058.716007,43,712576.157691,61,697787.855295,129,692560.434859,33,691977.968813,168,chello
5906791.533836,16,3533101.095331,60,2837887.560368,15,2645672.471797,18,2516895.367909,30,2486936.419013,59,1941436.591235,89,1782268.479397,17,1371179.422014,177,1206115.733227,148,1203144.792164,27,1159951.389757,19,1101590.364831,236,1035313.637538,206,1024337.638897,14,927172.254763,31,887999.672602,90,873376.033755,45,739795.218478,208,720745.127522,118,637097.469753,32,633538.607705,13,601461.255625,20,595452.896417,88,579776.34311,147,578608.829744,235,573638.395123,207,571286.04105,91,535410.722122,44,506461.65198,58,502090.587121,119,480396.103257,29,chello
6808180.321802,27,2729182.918547,28,2174839.100351,30,2090642.512734,158,2016785.913835,35,1746460.556703,53,1623725.751567,79,1581449.715571,80,1454533.158059,18,1251136.166788,31,1242942.442332,54,1213372.965796,26,1196957.868709,60,1185620.092824,132,1098148.13055,33,952424.610979,89,885016.546751,17,829314.925556,184,782770.372081,106,724242.191506,263,711883.905969,67,673470.443283,34,671336.592564,45,669163.602912,36,658911.038817,24,615823.235612,157,614072.880984,19,602720.530988,211,601702.156869,25,572838.49906,74,548196.382042,210,547414.387863,59,chello
7608693.225757,253,3801416.563296,254,1982939.038822,251,1405211.365283,127,1228280.60988,252,1046185.514342,113,998336.515733,112,983342.60577,125,969461.12681,124,962717.267217,359,944092.704488,126,932710.739797,114,926574.167026,131,893184.612049,255,856038.725972,132,772095.227302,240,759397.644771,225,746716.0742,123,717713.557822,226,706405.852473,130,663704.812123,133,624747.416194,129,593746.580171,250,585379.110186,120,551920.590603,134,549070.594447,108,545001.520834,375,529573.103381,115,525998.135572,223,525931.041506,128,510859.078475,122,507921.384931,246,violin
5091953.118777,40,2812698.274168,11,2807524.630501,89,2171659.687666,59,2038001.267163,23,1795516.376923,88,1791548.780733,79,1718144.853114,30,1549506.372165,21,1513769.94041,20,1478765.512713,137,1440206.62578,45,1346547.506375,138,1314169.194224,38,1144871.421783,24,1143839.320686,128,1096999.986006,69,1060520.901389,60,921759.034867,177,911925.613597,67,885166.62018,39,871473.616963,66,871182.404813,157,870895.55311,31,869696.775298,206,823869.035992,12,804076.987327,108,762376.842856,32,728940.217074,118,699201.582424,61,684877.678819,46,672419.786964,41,chello
4739475.541914,40,4183550.847933,20,3187879.802006,21,2971068.328266,27,2272900.374428,60,2057068.270226,59,1854757.299912,41,1776598.964148,26,1547519.792373,11,1406455.655737,19,1359274.282928,22,1313970.693784,39,1011991.441077,18,855683.28836,17,851882.899886,125,836554.893482,32,810263.724591,79,806332.285953,157,786804.354615,61,750712.109938,53,695889.73112,12,659927.650992,100,642146.125662,30,641448.480881,42,631611.532377,38,619470.108396,67,608658.581871,50,604510.598677,45,593786.842583,25,593749.966352,158,585623.848555,217,585245.780967,29,chello
5185760.124902,36,4511835.025678,37,2095183.492942,35,2072652.169879,45,2066047.432702,107,1908672.992699,60,1753490.044981,23,1734635.727369,22,1646547.322347,38,1528035.801972,33,1458359.205437,31,1390419.514451,71,1219083.10892,34,1191224.183321,106,1091009.783017,67,1087284.150011,108,985274.027695,32,970036.636969,72,913188.119657,142,909529.380146,143,891965.613794,175,846125.036198,42,758443.366047,90,741026.8108,39,738500.087588,40,722772.27927,61,720519.191749,17,689250.186367,70,665428.406976,19,649229.17042,44,606537.082523,16,566920.917539,18,chello
4665424.8549,68,4442713.68344,57,3906340.847945,58,2891868.980867,202,2104675.704874,203,2017289.158276,337,1623377.212946,227,1516782.374938,38,1344024.607301,48,1295250.954966,59,1077271.823219,69,1046313.009487,39,1006391.649791,56,977906.950952,226,943547.597749,60,903951.924342,188,881323.322589,55,856741.159327,201,819585.916113,114,782438.940267,170,771009.851299,67,749980.615098,134,739980.790933,200,715902.937626,95,710228.032622,113,688938.608072,94,673243.483373,338,609518.774814,270,591393.143192,40,568060.830039,142,557442.653155,204,538776.064837,47,violin
4296242.728214,48,4195060.627143,64,2312325.380265,61,2120484.987105,49,1876710.934557,47,1727838.070645,127,1718641.911876,190,1706772.956726,63,1697578.440169,50,1682381.236097,128,1423531.064155,189,1364228.868201,143,1267813.735949,65,1264027.456544,59,1234808.936327,142,1161221.220179,125,1144605.901692,96,1113763.133797,332,1109705.248957,95,1075221.062699,60,1014035.069789,192,1005608.650468,53,968786.275516,188,883517.54103,141,872127.707324,379,763766.68249,51,757123.292431,66,731885.624263,58,680042.626842,54,648427.63855,45,628005.824945,193,625894.6226,67,violin
4315392.992761,95,3025743.846321,96,2858306.848689,188,2857178.778442,195,2695784.16258,94,2326995.930762,287,2279977.339509,192,2228887.515542,98,2162096.560616,190,2116054.322558,194,1857072.3,196,1580829.973208,55,1558742.649088,187,1212743.971518,97,1128317.347308,93,1057410.217245,197,1000933.314548,91,976321.579272,92,967785.804602,193,941611.531412,289,933943.109082,189,878842.253116,381,868320.099747,286,850499.55577,57,714700.679029,284,687854.33193,288,651951.009853,191,622758.282222,388,594306.946719,112,554122.500156,54,543701.596556,198,528826.749434,290,violin
8327077.404933,170,3092227.202157,171,2483042.853584,340,1625364.708993,339,1408939.352275,169,1338003.104214,152,1103576.247468,678,1097099.471591,173,1050097.895068,172,815229.81055,168,782511.814055,509,740163.293939,145,726501.822662,174,672779.063609,175,650813.612898,151,642461.821733,153,581951.934053,341,533801.229564,167,454185.703775,176,441678.98534,146,435904.414603,166,431275.091706,303,399219.973429,679,376626.079652,165,370899.554604,508,365450.105205,289,353845.930817,302,334479.277964,178,319234.476056,177,309403.511391,180,300603.738228,677,297936.709559,179,violin
5743601.021209,16,5065214.534201,30,4229510.719988,15,2020427.337001,17,1779028.792388,59,1748505.50741,60,1701512.011191,19,1426961.89865,38,1380279.832073,18,1224078.941716,14,1141801.171486,20,803190.650943,74,723384.980556,13,706414.689554,31,666287.831886,45,634053.405301,89,593222.384045,61,592833.220542,21,539111.144365,44,531110.52607,88,520528.578044,28,496937.539542,29,453326.445604,11,453184.489406,58,452028.557028,12,366574.854283,75,355018.810586,32,347416.160972,57,325883.143147,62,323170.119716,90,316300.539053,26,316086.775251,33,chello
5203506.656206,96,4599163.253469,95,3161284.080989,94,3051953.016862,97,2601649.900008,199,1987786.352675,100,1775113.940461,197,1385600.655988,200,1383915.904225,99,1207355.952064,98,1165775.294545,198,1164699.017403,93,1079007.049915,192,1000007.52923,191,989911.404793,283,911981.46738,189,855869.075921,195,759495.015971,92,682354.811536,188,662425.490944,196,646235.887766,288,624912.226348,377,604543.828412,398,602567.579239,397,601257.480927,76,559956.012951,91,559512.261332,284,547329.815292,382,538964.845977,201,504356.299957,282,491097.129965,89,479635.685537,194,violin
5009102.029315,133,3677042.403207,132,2528951.09478,124,2062351.948102,247,1898113.482187,246,1627541.455263,369,1430379.068367,134,1425004.900464,141,1311132.777276,131,1263403.513514,125,1211968.00279,123,1186508.023077,253,1148615.177203,492,1121055.522341,261,1096893.05346,370,1096507.053961,263,1016374.362822,265,988683.196085,128,987921.918255,368,983156.376617,126,981556.265927,367,961175.275703,142,919034.369661,127,889044.63113,493,864640.480504,136,845686.665408,266,827838.535176,255,815177.804194,248,765688.119832,129,762673.535397,122,760817.918098,264,720227.204662,262,violin
5134343.71946,61,3451634.308409,62,2971844.119116,63,2594037.74571,188,2591410.431513,60,2350087.679489,64,2237033.892675,187,1428438.720373,251,1401090.494997,189,1365303.921932,250,1345245.783913,51,1221076.679683,126,1207974.23809,197,1093549.373907,50,1076261.106962,65,1036263.980262,57,983444.198322,313,979889.404262,67,910786.842879,241,897352.041249,122,892230.044701,125,877922.715126,66,873994.864234,58,818383.950158,249,812859.940958,240,733381.608257,132,681521.323207,59,670355.803568,124,670148.111999,190,668018.479672,52,609528.026383,121,598792.464867,196,violin
7721930.626313,107,3711216.133163,106,3142265.356145,213,1491947.777254,212,1485581.607323,108,1333268.200566,109,1083109.600816,214,1026352.441972,210,1001358.660853,119,846623.812234,120,750650.010537,237,673562.91935,110,649172.433822,104,623760.848592,532,595004.679636,211,572672.047721,239,562717.630282,100,518188.983934,117,514230.312384,320,490412.979652,111,472921.455563,240,465120.911828,105,441198.507273,133,435527.160798,103,431948.240107,200,425476.391809,121,424998.971235,102,399237.476086,531,389478.512367,241,377220.161521,123,362791.901708,114,355077.728251,101,violin
6935644.331482,38,4584373.777257,39,2551963.745796,37,1587790.675099,20,1415237.719849,40,1392637.194538,19,1305314.167988,35,1292247.857379,94,1277028.747506,34,1266229.025066,36,1079130.176492,27,1013623.905398,16,924986.95567,41,888714.754812,57,857814.030816,22,818783.143812,30,811554.924568,76,758508.350854,75,710215.981291,42,701469.378443,44,692459.35102,23,686899.631679,43,638860.865854,14,634871.520402,15,609534.042415,46,609143.98215,31,526215.44918,93,525140.360681,29,521952.117176,45,512107.930317,95,504630.131209,18,500561.252969,24,chello
5877727.82349,16,4639479.43651,29,3326612.343597,30,2040937.924454,15,1932846.248339,89,1877978.929106,59,1738236.444219,60,1691095.00243,28,1174294.299137,45,1032965.62968,196,991309.883156,14,856663.302925,140,839012.27617,74,779200.18669,33,720143.297806,168,716775.221648,23,667749.604663,31,667267.151431,88,578101.098142,57,565564.82764,18,564913.416511,24,537635.43855,162,535394.839069,58,528331.352654,221,516085.260002,62,504407.26528,13,484297.767965,46,477661.886221,61,465768.930992,206,449805.705687,40,441693.967924,177,439409.978782,36,chello
6000565.557523,16,4790272.980074,30,4324559.654508,17,3014479.230712,15,1817597.380688,31,1111397.02131,60,1069549.530069,14,1013769.854627,18,949957.233746,29,941832.988454,89,881857.274114,21,828582.399628,74,785388.873171,59,736912.260167,32,647646.449362,28,609566.286849,133,592750.765075,13,591023.116638,22,584652.750916,33,580579.248204,19,538710.514749,27,498258.060228,23,490694.704109,20,433640.149214,75,429565.292462,24,416280.727241,25,382645.942439,12,379770.340145,104,361497.533166,192,358917.852479,40,342704.439692,26,331227.431409,177,chello
5105278.255437,133,4576339.723299,253,3126086.403741,132,2232011.053922,254,2033423.062854,131,1928483.341427,127,1730545.853608,134,1704351.635149,267,1606949.530489,252,1459419.478625,113,1356516.616355,114,1251750.494232,126,1225330.345056,266,890858.183283,240,875381.312769,130,856460.834102,135,830548.045148,125,814183.794591,225,805179.890262,251,773929.426938,262,709628.640194,400,658779.557034,263,627734.400834,107,607270.781246,378,606704.476792,379,595651.396589,250,569738.596908,257,562146.111441,109,535978.509698,129,528634.945818,136,510998.743547,391,475656.323742,399,violin
5698446.006058,30,4844795.035107,16,2550047.105585,28,2263213.772813,31,1872814.290925,15,1713244.258771,59,1508214.43305,27,1496867.46051,60,1423776.795651,17,1282107.210158,26,1232711.415247,45,1201612.354401,177,1159867.009154,19,1008821.987159,88,965020.852873,54,908024.624591,89,797604.388079,14,727249.802518,53,721827.431031,18,716856.782712,176,712026.777556,81,669833.8161,61,666522.873427,80,656530.467661,55,603052.602042,160,600489.419789,34,585693.126025,20,568766.201207,133,531887.829352,117,517814.008291,159,465824.768584,212,458248.273339,211,chello
3991255.004324,40,2997111.113521,59,2803206.464744,45,2751108.135518,23,2548303.001833,11,2322301.031829,30,1773147.84873,88,1706978.597499,31,1643749.389504,90,1573135.393661,60,1569589.21061,137,1435755.346642,138,1368929.989716,67,1346933.207844,177,1279960.678476,157,1190265.253733,22,1190146.118817,21,1189163.108131,79,1183456.866882,24,1129865.358765,99,1042427.647748,108,977923.324657,39,975629.836868,58,940994.878798,41,928697.1442,69,914354.828761,42,885535.583462,17,837874.675531,89,824999.0404,78,824742.945876,61,822660.012601,43,814852.099605,186,chello
3893385.783995,27,3042302.310896,39,2967234.19687,40,2897246.023165,21,2749533.873235,89,2594625.424612,88,2168652.859041,220,1925652.290199,60,1582108.448376,20,1490675.517865,41,1373142.825967,19,1348857.830309,22,1294470.054215,221,1234560.967717,59,1171752.982267,11,1152021.172415,132,1123558.70836,155,1097376.922211,46,1095105.69034,219,1089712.710679,25,1080400.948394,154,1071018.182278,28,997946.957543,67,918757.531749,24,903396.689767,111,864405.05348,53,792966.770983,133,778789.638543,26,744960.615351,45,695965.748373,110,659318.650782,99,624838.28809,264,chello
6363806.978857,43,3574179.72953,22,3265432.169759,35,3110797.434742,36,2592788.5668,44,2108705.846429,64,1458389.005792,45,1357673.601801,42,1113001.940032,23,853912.107064,65,850301.797222,212,780266.298074,190,772435.092775,46,761504.052838,191,740690.106655,37,735054.743088,106,676866.460688,34,675897.768559,21,675543.818475,31,661527.436278,41,625234.029312,17,619425.309197,47,468183.148865,169,465316.067608,16,451638.959084,68,435343.954216,127,417035.766363,24,413655.154628,60,400696.577326,49,400232.82052,32,380692.52581,67,373747.786884,30,chello
8406403.179052,48,2602869.463145,95,2313172.541724,189,2126910.931328,49,1659096.512903,142,1367288.593533,96,1216030.030989,190,1104530.297056,330,1024075.262936,331,959780.40778,64,890377.261013,50,697168.365586,191,688573.865077,94,645666.066515,143,595710.697628,47,583726.439997,377,576129.760079,188,552522.448917,51,494271.011852,332,447561.248824,97,441505.908725,283,395571.897189,46,360005.162905,192,338221.283134,63,326393.901435,329,311686.679172,376,303442.476278,60,302061.328599,566,289808.510787,45,283078.965888,98,277636.253743,144,275226.312253,186,violin
5999897.997442,202,4341984.71113,68,3279949.408334,67,1969551.233054,203,1793430.458314,336,1619273.449633,58,1581891.991509,135,1395950.655189,114,1332130.690169,57,1314967.747963,134,1272261.163465,38,1158129.982132,201,1144323.553007,69,990122.124475,39,977581.427662,48,833031.57112,47,730500.383366,338,720393.725004,56,715227.915784,65,691548.360436,123,691182.22241,270,674168.29061,170,671369.211286,95,639326.496232,335,593163.662412,122,582130.899031,200,580664.905385,61,561823.388215,124,552382.255392,136,551536.740281,62,529661.309206,60,502143.56214,121,violin
5164117.397295,26,3340506.391763,125,2958090.368594,27,2380879.864941,30,2360536.998199,17,2237229.030222,35,1796522.211274,124,1686437.66035,75,1541714.568563,18,1464648.528039,100,1442649.144599,174,1426125.615614,149,1406962.734548,50,1315952.062014,34,1164548.829217,28,1083049.079617,51,1064176.084205,273,1005750.489156,52,982664.846193,150,966297.160313,199,927476.552375,101,845207.384483,33,812635.6874,16,779746.110494,60,770223.500063,126,710800.996987,298,694515.548666,31,687076.773593,248,657912.923561,123,617246.633765,32,607132.000428,88,606057.667983,21,chello
6244359.487705,200,3891188.70338,101,3635474.619748,95,3595809.817795,100,1486852.96063,199,1335232.93614,96,1314354.232593,99,1118224.035059,94,1086758.086457,102,1001095.415323,299,953237.645338,398,919594.879831,98,860526.602574,198,843161.166985,194,806970.537303,93,769536.431529,111,768086.542057,110,734873.536669,190,685207.593512,112,671610.022009,399,607098.185265,92,579002.648618,76,545635.46633,109,529829.025096,97,512083.726288,189,508211.990816,298,493599.128201,193,492394.971452,188,487794.635938,113,483044.303561,286,461123.622113,191,450751.128639,397,violin
5975916.388318,195,2992177.117103,94,2883289.029947,190,2384850.083708,99,1934145.18223,98,1878384.7292,196,1653913.365607,193,1652265.611563,194,1510688.485985,95,1481150.988397,55,1440153.927147,191,1181822.039944,292,1078490.122752,188,1069771.724246,93,1063890.682004,197,1047566.290351,189,1023711.706952,289,979860.938861,186,973677.083916,290,972541.012476,92,967595.538065,288,929642.138415,97,877664.456124,294,845432.509175,287,836022.453043,293,782238.336553,390,768812.401,391,751673.49507,101,748482.882339,198,719995.951271,56,691167.424446,100,680366.840567,284,violin
3291580.822947,118,2644683.527046,119,2612497.623999,236,2394423.271546,124,2347109.468195,120,1653191.780532,133,1636528.739065,246,1603724.342739,117,1526609.237785,123,1519714.082463,358,1453339.531628,132,1417911.734813,130,1398278.417794,235,1389244.036783,141,1348502.807112,472,1326765.909021,238,1298893.381676,121,1220557.489586,353,1210774.486,242,1204883.742463,247,1093709.772394,361,1078340.385393,128,1059244.26099,122,1056272.368653,237,970529.003123,359,964448.495707,469,936494.611369,125,912564.229403,471,881917.587256,354,872181.774826,126,808761.52771,470,767062.513586,352,violin
5005483.758661,61,3944756.376271,60,3334149.770357,64,2733625.384644,65,2575776.170329,63,2044176.558384,62,1545222.6135,127,1431933.703331,190,1424542.512277,253,1279663.422427,51,1216425.621491,67,1199591.420459,189,1173760.542618,59,1090065.399697,191,1078515.876841,58,1053288.78901,181,1043080.779622,57,1026099.774834,128,1014977.795226,254,780272.510156,188,766308.143304,197,752962.888798,52,732432.166394,252,731364.494623,419,727647.023211,56,717276.730519,187,714028.262465,66,632882.999324,126,631233.23545,240,621430.877005,68,621185.387018,185,597497.03212,250,violin
7393996.414983,107,2838872.447941,213,2229831.672008,108,2099434.821988,214,2086521.674052,119,1464546.0572,210,1142825.008771,212,1005027.936767,106,930456.061616,133,929310.16727,118,901804.827294,122,847689.979782,111,735259.301092,109,731167.958512,319,649128.166888,110,621767.980789,241,618467.95478,267,573441.120268,236,557897.74903,104,556848.469503,216,531138.927346,102,517291.794359,113,484711.21365,200,479982.966702,315,474819.643391,242,465193.253557,112,455451.574548,238,451046.855083,320,449020.242948,120,447720.915459,117,447111.876406,215,444487.091963,314,violin
6579399.72506,16,4349230.278106,29,2617748.83398,15,2382286.214412,60,1926296.750499,59,1495576.280112,30,1336003.817863,45,1069805.151723,31,1028207.234996,17,1018871.268099,57,1007738.070456,14,978728.900422,28,962387.252541,196,868006.212322,74,671333.221537,18,668769.802143,221,656907.42014,33,654061.057226,206,628396.322227,113,609452.118468,20,606392.919392,90,586552.700119,177,567046.092903,112,565951.926933,168,565039.456854,88,554011.307098,32,552380.456767,23,539278.606901,280,533937.661248,84,533456.696374,58,521594.003663,140,508016.02564,75,chello
6210593.704284,16,5610129.726652,30,3329708.793036,15,1721119.648165,17,1691382.937734,60,1446794.375106,59,1336530.448578,14,1227165.824676,31,1119373.796064,45,1007680.84746,21,973234.519346,18,935350.323728,19,759498.004679,74,715301.680812,13,661365.570075,38,627725.231765,32,595029.577271,23,568904.911516,29,557330.733287,25,522364.22733,22,488099.330866,75,481659.683963,11,473050.887301,12,449287.682216,40,435018.334416,33,415632.596123,61,404949.547946,99,404418.366952,35,390662.974429,36,366268.073859,58,344786.252228,34,332393.169695,26,chello
5795979.395427,39,3835752.115343,20,3707758.114686,40,3155074.462498,38,2389838.762438,21,1660301.051914,59,1525032.492831,19,1466863.807913,60,1226625.425768,22,977919.918914,34,974963.215709,78,938685.655847,58,920739.355076,79,916871.872621,61,886982.765847,33,795606.274762,157,778365.183297,24,703927.038835,18,680492.474116,158,672632.724701,25,661003.063638,26,657819.015716,37,642241.526628,17,640468.39593,14,623795.957986,62,534537.384321,156,526964.108936,56,471065.815107,216,456142.045547,35,452925.552383,75,451968.476515,16,436831.625474,15,chello
6014186.727082,27,3951227.345988,16,3244021.077312,28,2537088.931135,30,1973729.936652,31,1789836.921628,54,1439645.634574,15,1334713.628264,80,1230118.800088,60,1224481.047388,159,1208749.544551,53,1120280.334183,107,1032288.620129,26,902483.273331,17,826294.898671,212,813577.37536,59,794602.821961,18,770899.873427,45,765107.813473,79,734907.706357,185,733995.608058,211,681658.876432,29,681154.069137,158,630488.188158,32,607417.697633,132,599079.966815,89,578278.197258,213,577137.726134,19,543821.749535,106,535322.351153,14,525559.828648,133,520246.229446,75,chello
7785319.504422,172,3550442.510173,171,2362356.578535,170,1839205.336672,174,1768696.372482,169,1645491.846741,173,1495930.921446,340,1316434.822383,167,1246577.090961,339,882429.744298,341,849787.388028,509,820032.147299,510,671773.010052,176,630904.564459,166,604867.26518,152,591279.847018,164,510645.986956,165,496229.854451,508,465992.586445,512,447651.718054,177,444136.078395,302,436492.933683,513,433684.397829,682,430722.69957,168,418326.792444,145,395779.232148,151,357833.504664,178,352730.673641,343,349074.793868,144,337846.228364,162,327989.036352,304,319316.680289,681,violin
5610104.09846,40,3766264.686391,21,3365348.034115,41,3128270.189319,60,2425543.644598,20,2349907.264171,59,1371446.375211,11,1329431.286612,79,1212291.049522,23,1199960.621664,90,1076470.68758,30,989834.941923,80,907672.695738,88,885302.98468,43,819202.69508,31,790142.968005,158,768244.323006,89,747461.593122,44,732227.367314,37,700970.931003,58,700853.960262,87,654324.39522,19,653400.395436,18,597266.790745,29,577762.871244,137,575428.36412,22,522730.327666,91,513753.725558,38,509652.708112,17,478540.883324,24,472886.757895,42,467668.403622,50,chello
3616929.884983,45,2488598.626693,30,2385738.142283,18,2356057.016413,17,2244236.870216,88,2166326.781253,16,2054107.976716,44,2032426.249697,23,2029820.834272,20,1657790.6447,21,1609697.161551,11,1523287.723712,19,1506486.717901,89,1191561.080484,132,1185603.347983,22,1152502.944571,14,1112375.162105,38,1050877.33606,124,1015403.944065,53,980014.879195,125,966185.449844,199,898650.685681,68,887298.60047,27,866755.719206,221,855083.553126,110,840319.833655,41,837727.028358,29,817744.148127,37,810940.012681,13,807414.68919,112,788661.35117,67,787727.825815,155,chello
8672502.835402,43,3192360.886661,22,1940267.954555,64,1786263.833132,42,1251155.275104,23,1092262.609772,44,937272.747328,35,927170.608119,37,895224.095823,106,836735.656289,36,683458.613098,190,645186.772128,41,584066.17849,39,576355.404531,40,570097.337433,38,561743.961315,21,468333.289641,34,445205.52145,127,442711.095875,169,438385.83562,24,435391.049821,105,401791.32794,63,387664.356114,45,344376.690482,189,340011.519389,212,292262.271016,46,284573.692205,33,282670.138585,210,280586.388074,108,264828.242616,85,251123.729522,148,240030.261096,18,chello
5336077.07986,133,4489853.379808,143,3262447.035988,144,1925194.512701,132,1660775.717315,253,1528051.702746,286,1504444.107656,145,1417564.088188,113,1297020.849321,251,1283473.972095,267,1204761.829513,266,1085048.458992,252,1059448.998019,134,1008796.2283,142,991353.513074,250,980951.33829,135,944280.837521,570,872957.896785,127,869839.138514,139,869388.728165,428,840803.537332,285,780376.919064,131,773019.530566,141,764447.211722,130,707812.99598,264,682068.41925,146,668845.083356,129,667615.900515,126,657417.646779,240,607435.657859,136,528994.346932,287,511192.354103,379,violin
4741614.796545,48,4581493.853098,51,4145571.583552,49,2767865.714207,50,1995652.252957,96,1951187.36549,47,1763729.376971,52,1432458.49444,142,1373189.067909,101,1345756.383409,100,1345473.105259,64,988539.821134,95,986073.516216,151,923277.000087,46,881802.366035,283,851691.789328,190,737043.588239,201,730599.361554,189,706372.854467,97,703925.744984,331,699885.837102,378,667493.53947,53,637007.654596,330,633592.59496,188,617642.524905,152,559531.433341,54,529016.0498,377,522933.959497,62,521087.653571,45,518935.917828,43,476215.080788,202,466199.056881,284,violin
6669482.887457,16,4849198.133452,30,3878425.209323,15,1706425.716369,17,1579359.705801,14,1534606.648619,19,1408830.336612,31,1037922.665345,29,919737.192284,13,859306.966779,23,813614.112568,21,770955.358491,18,720007.15748,89,701377.296192,60,698419.116648,12,688578.680349,20,665175.325621,28,525599.733694,22,513832.449074,74,511616.218629,32,493255.287773,45,472227.906474,11,469622.270009,25,457009.283301,26,447169.901392,27,431408.08943,24,392209.70277,104,382677.732109,59,379176.584381,75,378322.461258,34,373483.837032,133,329036.381024,40,chello
4376218.01557,100,3244638.579383,97,2712328.044354,106,2061253.22894,94,2035046.911372,96,1948450.503668,211,1888977.433602,316,1737238.581627,105,1667705.939902,107,1493551.886519,189,1426682.533472,95,1410293.676362,240,1356406.806834,212,1344544.622804,317,1334687.878692,99,1312244.191607,210,1285613.873085,98,1232850.962832,101,1180500.269804,112,1154690.655148,315,1146482.90635,122,1115637.050053,200,1110626.61965,109,1105897.246902,103,1016779.605263,241,998103.402471,113,993754.925831,104,937430.60729,108,788463.06785,202,762064.388107,242,738501.777176,110,733024.647173,199,violin
4752033.80707,60,2547649.809732,135,2325022.197585,68,2257398.572152,120,2196288.265065,114,2172106.167101,61,2157447.543603,69,2100055.160632,122,1921420.688974,59,1919016.421892,121,1622381.92465,62,1560127.636767,57,1186517.398105,269,1180619.426812,63,1126211.248304,136,1095074.8417,48,1077770.476375,270,1059559.700981,134,990583.625017,38,982665.544414,124,959022.515491,67,940407.902174,113,881835.617239,203,863024.770193,56,800536.196504,268,789028.000202,123,772684.880352,297,761892.124326,119,758581.192732,70,744003.05231,58,740253.798573,95,710053.857733,202,violin
6040626.102639,27,3847330.964565,26,2514854.679001,157,2176675.62168,28,1867008.109359,79,1551669.332396,53,1550416.717804,131,1462634.239573,125,1236856.984786,33,1168632.522057,17,1167459.411265,34,1158838.004597,158,1150260.501784,29,1137549.821999,31,1016768.156561,78,976833.84234,32,938962.329318,261,935377.78484,80,929704.108984,60,928487.151426,35,900711.193691,52,896875.653475,124,880585.628398,209,845999.615523,19,837954.463952,54,831820.289999,100,768365.138754,156,745799.331921,25,716091.691015,235,641986.210626,51,633261.936308,18,628415.816628,126,chello
5783049.245439,114,4558871.243381,113,4091413.448004,226,2916701.110207,225,2139433.722194,228,2051406.494251,117,1568471.152724,116,1000666.572031,118,876545.988452,227,820004.626444,115,793277.709699,236,791195.224284,230,676250.236876,111,656534.158347,451,612538.504071,132,564898.440494,112,557413.408607,235,541156.588245,231,532653.049864,110,521604.613458,232,520285.059053,247,491100.630413,122,424263.728542,123,410864.013052,120,405156.222784,450,397293.614441,119,393412.275997,109,375250.36884,453,355058.082817,224,344224.716582,350,332519.545191,223,323405.499643,126,violin
4602262.361666,45,3069867.22804,44,2461879.898143,23,2101029.300043,67,2086208.316392,68,2023199.739056,46,1973664.925658,43,1972202.138922,214,1688792.310166,213,1614976.61417,108,1529171.291352,111,1443159.772619,41,1391748.630591,112,1352849.524931,24,1251180.697184,212,1101972.305609,65,1059980.936229,66,1035837.509857,210,977058.096058,106,888952.03891,22,874778.683168,223,814921.372689,113,800717.467989,42,732057.177726,84,725382.509271,222,724928.922096,63,681306.051572,90,669225.858291,87,665019.117383,211,643076.47489,88,622936.03567,25,613038.875067,26,violin
3812216.854265,63,3529668.299268,188,3219195.314084,61,2749806.070672,189,2590153.769724,60,2546894.725701,251,2485579.346281,64,2062220.685057,126,1686118.528444,65,1444751.72949,314,1406413.973086,51,1201880.798674,253,1131572.996276,50,1076405.997104,190,1054974.592982,125,1046794.192275,59,1017720.893356,250,951448.869113,128,949166.174818,254,896309.682894,52,886651.190572,72,856735.658131,62,821476.16463,73,773009.02997,180,768899.192581,57,735379.56117,58,734140.431453,71,725222.616221,54,713510.469156,66,692569.63147,127,691502.641098,74,670729.844402,438,violin
7272325.204155,16,4522697.487877,17,3237261.021887,18,1871692.864053,19,1446989.530312,29,1427688.293302,60,1417481.581902,30,1260191.091841,38,1015037.415554,31,872112.469386,26,844026.484907,15,764133.181073,33,753931.715448,21,696232.928365,28,638228.582814,24,614086.209187,14,598675.981931,40,587066.987318,59,536835.693316,32,519479.819031,22,490693.300866,20,421493.107384,25,413146.951783,34,347750.120739,13,318802.06603,44,306227.203259,39,304891.464224,74,289828.111416,57,288522.784555,27,272200.052253,52,249887.136165,51,248031.73941,23,chello
5452472.86837,16,5013780.791256,30,2722754.47843,15,2515122.849087,59,1736522.55513,31,1648824.381281,29,1569485.510055,88,1337363.997148,17,1266634.582881,28,1250732.894821,14,1250137.326828,60,1209234.970862,58,1149066.162984,45,1126186.160927,90,1044324.909846,177,1024876.133771,33,1020405.362645,32,905629.93441,87,840038.642629,57,799308.149601,74,796820.626852,89,753881.26915,207,732379.110001,18,646026.53943,91,606739.453838,206,593143.040575,61,552618.153563,34,545098.612569,35,532152.528151,13,518782.281161,117,504101.145248,176,483691.446983,12,chello
4360657.97839,96,3899993.795739,287,3109679.44702,192,2820830.570273,196,2292226.039393,191,2272030.511155,97,2188212.75253,190,1908798.334122,94,1753777.156419,195,1748363.322947,95,1694156.623106,98,1629098.777216,288,1538565.446615,194,1253656.589659,290,1058686.748133,58,1020750.675468,286,937210.388392,289,899640.355448,283,876266.260537,91,801633.024513,55,785197.220736,380,740120.722448,284,734417.7196,92,732128.321443,193,640460.472002,93,638094.115375,186,634253.881332,187,571131.996527,100,557899.895043,285,485182.256063,198,484051.279345,377,473338.524583,383,violin
5302819.701714,30,2938858.18782,16,2900589.991829,124,2826928.323419,27,2700169.762183,26,2651490.585313,28,2124631.645277,31,1486531.948755,125,1449914.74831,45,1389621.108044,60,1368682.181845,15,1342946.376664,25,1253047.71441,17,1054813.984843,50,959495.980556,198,855416.863661,173,831202.329823,89,821616.953255,75,767307.48327,18,760572.518189,149,701899.362491,272,682534.100783,29,680523.878162,197,641715.510284,19,631968.399981,107,601674.643765,148,564154.152066,271,562970.26354,14,537407.700381,52,533526.91392,247,526207.994427,32,523261.344127,222,chello
4906470.148764,40,4507613.002919,59,4024952.412295,21,2883469.535432,39,1981901.398323,38,1815053.15438,20,1812479.97017,79,1542395.901485,22,1487460.568069,37,1371199.480744,78,1196872.400793,18,940822.489889,41,922445.646299,24,881591.50661,12,860243.718712,15,832446.464925,16,808631.798467,26,807050.513316,156,802759.736088,58,796582.180188,98,760434.360704,25,737021.61421,57,702297.186307,35,683525.412852,34,680734.910848,33,617674.388373,77,578320.745657,61,564106.769451,36,535582.719918,19,517117.84408,30,499692.41596,60,496914.953946,17,chello
5641492.163311,170,5244932.58917,171,4005665.985275,152,1911638.623932,172,1578819.44269,169,1503239.619482,303,1453674.229151,339,1443425.093431,340,1298244.678087,342,1137840.494075,454,947599.755044,151,879610.179859,153,768492.946067,338,751209.414715,168,735407.202369,150,724748.69326,302,632985.983462,304,587747.456504,167,565061.808782,154,480783.176686,175,473153.35252,305,469329.754986,453,446514.375933,605,443562.428056,146,433712.936105,130,430926.596039,129,374548.267582,166,369463.774626,341,357896.596326,145,356178.78245,301,353147.796729,147,338824.388388,337,violin
8147289.713807,18,3989629.301817,19,1967468.048447,17,1477882.520281,20,1391119.203226,88,1267969.73105,53,1045202.672712,36,932133.586728,52,914433.115939,16,779740.877416,89,696587.781647,15,660121.070992,71,612135.511295,23,586693.983639,27,579745.821351,22,555820.6424,158,541157.898997,26,517721.25291,35,466570.499192,45,445884.248953,14,441500.152827,24,434707.257036,106,428481.913959,13,427801.307511,40,402269.676441,60,400863.510134,33,389637.06877,21,381317.154551,211,368950.425497,44,358495.587698,50,351806.049747,28,345546.408888,29,chello
8619190.796063,43,2541489.122994,22,2123159.769191,42,1974223.306299,37,1405773.715581,44,1371870.032502,64,1211706.80054,23,1056509.454977,45,840919.765536,35,834513.411313,31,808305.688837,85,766725.698845,46,750735.03529,41,683052.844247,67,558103.187238,32,490171.272997,40,487374.605975,47,394327.301558,48,392904.682685,49,388643.565896,39,388230.037561,21,387184.529293,70,353086.524315,20,341742.896395,190,340985.817297,65,335996.398457,50,335438.863559,90,332133.795817,36,286577.848742,127,285892.488241,102,278042.622404,86,256181.976816,51,chello
4059379.135849,153,3867823.45597,144,2581476.920788,143,2427955.302726,133,2290684.406441,152,2081148.104676,151,2053120.693898,145,1979745.31644,305,1538742.09027,146,1535613.413543,127,1442547.782983,134,1396915.032187,113,1337781.761996,148,1274508.48118,304,1218170.519519,287,1190538.560854,154,1190286.744862,132,1175454.129794,254,1091428.918516,286,1043539.124208,142,1039068.994484,149,965694.870938,253,953259.790385,141,891452.344571,267,885954.46478,150,825511.310628,129,799583.015819,429,728671.351547,306,682606.208207,135,673002.846494,128,662597.275098,138,638827.119004,266,violin
9209207.484706,51,2060712.660731,50,1963493.455176,101,1323987.384469,100,1227789.51693,150,833511.040517,47,735979.676259,52,695126.584154,48,636404.934495,151,579681.967958,49,541475.056028,102,524908.965222,200,502549.583945,46,476249.170615,201,454670.484796,99,445119.379922,53,444286.667201,54,427408.353592,149,397420.694461,95,371458.710637,60,370894.219568,202,350137.599452,96,326741.543516,45,320480.251598,349,309547.47035,152,304213.998125,55,298701.47515,190,297501.18799,103,293184.432938,199,292708.198151,64,286712.163281,56,282722.00496,97,violin
5170074.816154,40,3724594.098956,60,3265732.569945,21,3228717.260896,20,2638656.722928,11,2210803.336511,59,1840995.447114,19,1708434.692238,41,1265788.461583,88,1240371.543159,39,1230767.03624,99,1098260.227062,79,985922.34472,22,937187.447879,158,924443.115344,58,854837.456678,69,843737.277027,12,842871.32895,61,752064.64551,38,744448.596107,138,719912.840812,30,719827.028182,42,711960.000359,177,681856.115336,89,662078.432212,18,623356.537696,13,622274.197419,57,608808.546026,16,527366.068849,56,522827.087972,43,507843.378031,62,486236.755963,55,chello
7061920.087788,16,3921383.99316,15,3418698.674489,30,2029401.580012,45,1804258.337279,31,1795982.468266,14,1729049.369221,17,1325189.813726,18,1201688.783399,13,1001693.754268,60,906887.984806,12,880955.640366,32,789950.317194,11,754605.434519,29,668248.142981,33,567163.83903,20,504956.786554,74,502473.99668,89,494265.037824,19,475564.979754,59,464668.921584,104,428896.769533,21,392904.910168,103,384970.13944,22,342373.98278,38,341406.298168,27,308503.041221,28,307559.399455,61,299232.865464,36,284247.692708,148,282154.640132,90,255259.49799,133,chello
4915126.021955,106,4474854.012788,107,3167608.713164,318,2620270.446904,212,2195256.52238,97,2183753.382339,199,1781871.857973,200,1551170.070455,108,1495784.289991,101,1422842.373859,211,1384303.81837,317,1169392.917832,99,1107501.048424,201,1083626.242889,104,967455.709363,98,965013.998501,398,936936.82019,210,918629.891679,100,886929.679753,423,872975.431734,111,858297.837031,299,804917.207944,316,784795.441278,105,732759.320202,213,623132.989138,103,610115.67875,109,570799.736082,360,561020.407717,315,555865.214287,95,544609.221254,189,516926.198813,113,512098.341447,102,violin
7551458.630532,72,2502275.422529,61,2332533.376998,214,2094254.839022,143,1817839.392786,64,1434207.509758,252,1353433.464046,71,1332633.013859,63,1291585.811551,356,1196316.657123,213,1150525.736411,285,1043757.496829,65,925574.486106,284,889934.424125,189,839391.672796,60,831992.245882,190,798005.504983,251,706707.465788,62,705293.94384,426,696801.00704,144,678431.899877,51,667758.858155,255,622284.961135,142,612170.153479,253,589697.792253,188,552844.274866,313,531043.172486,127,508266.987345,126,495583.622947,286,488550.528675,73,460828.032559,212,456859.203402,241,violin
3779901.971038,112,3387572.110104,67,3127237.724493,23,2950680.646934,45,2649654.641053,68,1956617.33035,46,1772701.593075,111,1642603.404863,44,1517176.783245,222,1467617.822502,89,1378821.148484,156,1350986.785593,267,1345758.010606,245,1254589.628338,113,1217693.370701,69,1182803.601176,223,1172417.842566,47,1126257.375218,43,1107706.229536,42,958460.341974,107,924117.730439,134,922833.97007,378,906778.892834,66,900379.62296,90,898932.639033,334,854032.041081,333,828459.531475,70,778314.705974,24,776321.561505,48,692184.057202,65,658990.354029,379,655003.710587,157,violin
6954740.381215,17,3578729.970513,18,3345187.003391,15,2161926.711392,16,2054826.408119,33,1688056.533988,20,1439273.883936,19,1309927.347328,14,1139065.792488,27,1081682.931658,34,1075931.609284,21,990631.024421,31,910856.509891,13,843853.826794,82,748243.419192,45,732805.650289,23,725638.06823,50,714550.24272,59,697026.017479,24,695271.453393,22,688205.011719,29,656320.257203,26,648884.164556,115,644214.093382,12,621153.994191,37,575978.19177,60,531608.463265,30,490767.599782,25,475301.942978,11,460506.082677,83,392169.073821,180,382754.215603,80,chello
8669733.884073,61,2445568.804468,62,1868847.906008,122,1683027.951286,59,1578701.412274,68,1253594.34393,58,1116346.730412,202,1031463.097062,60,992433.07124,182,965245.07476,120,705938.799738,67,672156.50227,239,659103.917329,119,594404.287438,135,589518.29555,134,563482.385803,177,533987.396316,183,520079.076464,243,465048.434581,242,460424.934938,121,441114.34205,203,435230.239577,244,428485.184847,118,426272.099877,178,414851.181348,201,406055.361673,123,386554.519379,57,382567.351972,269,344142.005693,240,343014.393944,38,337002.538752,136,316813.863033,64,violin
5575419.764567,30,5111735.60395,16,4033631.873051,15,1970976.770802,60,1958263.787515,31,1903887.898225,17,1454295.054994,14,1077421.02572,32,1039117.222719,59,965197.571128,29,959974.473389,18,923080.270408,58,824788.465272,28,780248.104485,90,766256.566944,89,738309.873031,19,735589.398205,57,700125.017595,13,686352.056574,12,532053.136527,88,531467.799721,34,513363.26119,45,484414.090453,84,482057.357118,33,472498.08356,133,452675.763602,177,452646.56452,40,442815.707946,20,438327.322481,61,415839.36936,56,415433.480372,24,412177.283059,74,chello
4397341.558261,113,3556454.672275,112,3143040.139532,108,3110739.419297,114,2740431.457911,215,2638845.419744,109,2190297.907238,214,2014198.799649,225,1878102.323778,111,1728183.985131,107,1685373.817614,216,1306469.81279,223,1222114.975592,218,1136213.137384,115,1135529.146607,213,1029411.825859,220,1008557.204379,226,946507.234015,228,943429.00242,217,778655.184918,116,727788.513731,110,718058.745338,117,717946.439969,224,678255.058663,227,588529.531182,229,588356.868857,230,574564.249453,329,570827.381051,221,528124.152992,331,502446.549536,212,436108.724935,118,414063.694712,451,violin
7766376.944494,27,3305592.520773,28,2589066.239837,26,1808700.132251,80,1648359.139678,54,1408170.868906,79,1373781.334528,53,1257711.315237,29,1180230.549968,25,980818.443946,106,877456.806552,17,848502.882854,159,808878.54044,30,737541.762851,21,720269.481443,132,702266.630651,18,660444.612473,24,619038.662225,133,578093.80255,52,569189.355556,212,563575.021489,55,553816.650962,183,537090.222028,34,534279.277199,23,511123.055063,32,510447.209242,22,497001.560828,35,495553.20313,78,494218.100364,60,490003.530208,19,420117.853569,211,417837.011463,33,chello
5352547.80148,96,3672134.182179,95,3359041.128316,94,2849365.974237,93,2305758.763297,92,1753530.244959,378,1708385.897465,187,1675112.010501,284,1525929.313598,91,1448529.729519,285,1398871.825979,90,1360143.691186,186,1247944.623932,188,953101.518184,191,844482.685883,192,815631.307645,99,790707.392223,89,787570.324839,189,783937.375257,54,778433.147954,282,771665.010889,190,732517.851103,185,725898.000521,195,658672.660109,281,616008.694001,279,569049.590387,286,527779.270537,87,515060.261774,88,512565.843116,197,502254.548045,193,497084.917506,84,495517.13897,283,violin
5025805.985007,27,3227338.351654,220,2955102.431501,16,2370112.327922,28,2277899.526017,67,2137907.545284,176,1894344.492645,23,1860967.221573,17,1819378.025396,177,1791725.285523,31,1658811.000927,89,1538477.609687,30,1486688.981769,133,1307376.962175,29,1273166.471365,26,1005686.25094,199,887427.134473,155,859817.707416,44,827902.813424,111,825436.16234,60,778299.528443,59,771584.144687,45,737746.159765,221,722578.838227,46,651696.292396,154,636485.354453,264,624812.407886,110,619998.089584,197,558259.66119,34,555243.304287,265,526973.644289,43,522170.217734,132,chello
4903491.674687,21,4499104.614671,40,3699855.590915,41,2023216.641655,39,1904311.742819,60,1897584.382274,20,1787952.129967,19,1614830.163544,16,1579020.800481,36,1557189.156028,17,1468002.599598,37,1257474.495632,38,1040782.161183,22,995631.08802,18,899437.562272,27,891658.616246,45,859071.9967,23,828068.219986,25,816077.348898,28,813429.079325,42,807770.565523,15,765258.670662,14,750903.595416,61,731998.723595,59,731177.388008,79,693755.787211,33,688881.041421,158,653037.265497,29,652562.499394,13,650283.906296,35,634435.286206,26,567122.008834,11,chello
6704021.150619,43,3389979.610018,37,3263638.70636,22,2436650.621722,45,2334530.891552,36,1886605.35126,42,1556171.339518,64,1426664.027838,34,1129061.632601,35,1085451.075368,31,998102.140894,30,970586.595597,60,922842.850506,44,880169.468848,23,798631.370694,20,796835.449166,19,754658.17258,17,754325.656592,40,682528.912373,61,669995.377858,41,645721.481817,38,593957.896062,18,576799.230302,39,533037.04151,24,527409.484522,29,525660.882256,15,513432.331875,33,508059.431619,72,492436.215846,63,442404.656962,101,436335.304277,141,394164.045801,67,chello
6848874.381143,20,3373678.458277,59,2908972.062517,40,2302895.464456,21,1954277.994428,19,1851643.064434,79,1643212.721166,22,1541482.129339,60,1445709.846547,38,1084228.56455,157,1064931.285073,35,1042794.87144,34,1031318.027071,58,991703.297763,39,900646.273241,14,879653.766366,57,737078.291424,16,711640.088916,215,709697.267501,61,707826.481481,98,642125.417162,156,624297.025742,24,572901.130453,78,541632.522186,176,497097.119842,62,491768.342478,30,489758.664673,33,477361.516683,28,472535.174488,273,455213.538949,56,451980.986691,25,445318.56341,12,chello
6753012.67652,51,4157500.301458,57,2522926.798878,53,2422575.818822,54,1963969.924487,113,1600300.4673,50,1584597.831701,101,1437134.997272,58,1432277.608466,48,1359627.756416,114,1185621.789958,200,1178116.198735,55,1106670.252281,52,1005208.971198,49,847748.877194,112,825450.475748,170,701503.550776,227,659293.27793,100,652045.531471,151,645961.058272,47,569760.007014,169,564312.098728,202,548924.027947,199,543948.056542,102,518988.976428,109,464938.002267,226,459614.678714,171,458928.719726,201,456422.882413,110,446948.169406,103,441056.843929,228,440394.682977,46,violin
3548687.646198,162,3049536.920359,151,2869036.410633,160,2795178.45792,161,2591277.321541,158,2572296.595523,305,2232521.609194,159,1599159.063435,320,1559056.071734,163,1409134.816592,133,1351102.892046,156,1256277.767846,157,1219088.169087,302,1196295.607746,113,1127532.277136,322,1124376.647007,321,998297.258554,319,984813.820609,150,960313.607355,323,949737.003886,318,949427.539527,144,846109.763864,253,834355.383823,152,800541.086022,254,779840.039555,147,775238.197031,165,755746.782007,316,709928.062906,164,671921.935618,132,660245.212011,482,650441.380071,311,642817.600376,456,violin
5498447.28055,152,4034839.970525,170,3522133.631635,303,2318780.411217,171,2290094.674082,304,2149946.131257,340,2125691.802069,172,1771336.779069,455,1330311.853878,339,1107007.552469,302,1094980.223321,153,993479.475955,305,963311.385969,910,941085.91013,456,895759.608591,454,727104.078831,154,680149.566026,757,666860.726396,301,606450.729598,928,570728.546435,151,557948.374801,306,517410.479119,1061,507819.065341,930,489068.288095,300,477403.593497,606,468281.402093,343,430938.52475,169,428444.55646,307,414852.949395,53,387841.008132,168,385160.030247,342,373158.527054,299,violin
8311446.413059,16,2505757.660251,30,2130581.232149,15,2107033.287001,45,1652158.915348,18,1349597.762263,14,1160202.632437,31,1100027.91168,89,966639.83861,29,947831.933249,21,846415.109097,17,842341.710502,43,816076.224115,88,745930.007118,27,657677.472996,20,614137.828621,90,597695.414473,13,588158.965225,74,569916.409006,60,565294.29068,28,558911.489122,34,522056.522704,12,502036.775756,24,492142.459983,11,491010.421226,39,485799.919627,75,465059.670312,104,459032.745008,26,458244.11368,22,435285.304809,19,428270.150106,46,398054.990766,32,chello
4796546.341932,106,3889243.031611,212,2548803.54981,200,2507535.327167,202,2245158.077948,101,2070261.329414,211,2000500.80888,107,1976322.431796,203,1726015.09781,100,1721066.030864,316,1591648.132154,102,1459451.165461,201,1373273.168553,96,1354825.0274,315,1247279.963405,317,1064170.60304,213,975151.477923,423,852416.938204,104,806451.502243,318,804615.591287,99,802714.04853,103,739793.313762,105,715727.39328,424,711219.642698,94,692266.044755,199,646397.023944,197,632950.934104,198,624080.852536,208,598502.532138,205,592511.815725,398,587111.823035,209,576799.573173,422,violin
3888743.884167,11,3653581.164702,40,3588520.796354,21,2360056.861443,30,2312659.823633,89,2111818.320059,42,1928424.406846,41,1719447.423796,88,1660525.709742,60,1546560.932124,59,1532562.763047,20,1316817.148175,39,1249533.473385,99,1121380.064974,90,1101828.4943,23,1004239.488463,69,987092.856464,12,931500.618852,18,926127.533474,62,922727.934102,38,860784.128767,19,845156.140724,13,806964.621248,17,779518.228887,22,752110.793596,29,715106.296662,92,689345.377763,91,670815.853393,37,657941.730267,15,645373.335342,43,626477.229324,14,622176.258338,138,chello
4745015.940269,112,3917252.15558,45,3606016.027141,68,3212300.504559,46,2376421.278434,23,2129086.156561,67,1698141.692865,245,1511337.363009,223,1295161.604105,90,1280746.47517,246,1215819.772184,44,1120970.29094,69,1086606.589675,201,1052055.988691,111,978975.557934,334,927420.300941,47,878580.40943,134,867363.535676,71,832514.173036,70,823441.208922,24,812681.566096,268,728403.843661,379,677898.38503,267,651237.408429,89,616551.426889,66,600055.917414,290,584650.577489,357,583362.570289,43,565653.235475,49,514317.224177,356,512594.875412,109,509428.72748,157,violin
4042349.812322,214,3017303.713516,73,2536316.174119,61,2143919.045868,74,1996787.409903,213,1800201.682498,75,1727408.602336,223,1660899.765435,71,1611412.637884,150,1589502.031105,72,1570891.254122,151,1535103.869172,215,1532376.629894,64,1514581.106292,225,1475954.565017,144,1423125.481763,284,1301717.37893,147,1267631.544399,148,1246929.006394,70,1131204.206295,145,1111473.147256,226,1104144.485728,146,1086629.216161,251,1055801.840381,128,1041033.998054,253,1040407.017058,216,917389.14309,143,881499.005889,189,746865.465923,127,730832.562248,69,719074.669134,152,717404.47408,221,violin
9266365.358785,61,2459610.811061,60,1706939.319634,62,1097829.667847,121,1030916.610412,120,957143.157308,122,810670.329506,181,653044.807602,182,643790.958428,242,639113.662631,123,614331.350673,58,501749.934542,202,433088.514336,64,425214.785238,63,425095.481813,240,402359.359695,239,401334.616189,68,371983.023854,243,310098.9729,297,305095.054495,183,302290.098674,300,300778.105913,422,294795.371946,179,285851.535487,119,273204.599039,65,257286.061292,203,253073.925127,237,252157.520444,59,246766.315138,66,246609.566058,177,235825.76763,362,234775.23581,241,violin
5140571.884324,92,3891464.24455,91,3510236.73717,90,2711046.45042,93,2289383.493147,89,1562005.035769,88,1494171.827816,94,1417037.818726,97,1354407.148446,175,1317343.859492,174,1268117.566139,95,1114660.889522,176,1091217.546122,98,1084705.562505,87,1057632.787569,178,980099.902054,186,974048.449771,177,971529.584782,173,824982.10455,284,789415.561046,172,786076.217411,188,784014.99268,86,696304.87097,187,667834.017227,185,653370.541648,96,616126.059955,99,606265.908372,268,605765.570869,193,538331.174626,263,531494.399401,183,531107.78376,192,529478.496004,359,violin
7091368.646574,16,4467510.207868,30,2248322.135923,31,1929278.423998,15,1597621.195941,45,1468923.403742,17,1338426.743059,60,1138063.235167,28,1110445.575989,14,1097959.637349,29,1041080.150502,88,854175.050329,59,844655.477982,20,819660.040199,33,735163.112268,13,674282.465117,44,642535.834248,42,621610.434561,19,611533.113884,21,602009.170686,18,484895.027465,58,477250.035819,12,468664.673875,89,462040.123735,74,452352.664668,168,448531.836121,177,417052.96748,46,415760.609067,91,407745.427543,22,398949.983246,26,393037.60345,27,387810.387655,75,chello
8812967.9386,18,3161775.975787,16,1686334.218363,19,1339657.986227,20,1181221.991991,30,1079052.287213,33,998820.017919,15,771892.29411,36,739405.051855,34,736794.954455,35,723084.464335,21,624509.504187,88,597211.398846,53,580981.684724,14,551372.781,52,550341.869455,31,544765.338641,17,502001.44908,26,471610.724437,27,458178.36662,29,448827.423216,32,389264.818799,24,368704.481342,25,351025.073317,44,346214.470795,157,346132.295759,87,344311.958283,89,340095.244555,23,338976.555251,13,336707.319009,83,333124.47444,39,322214.502329,38,chello
3251747.219693,28,2875330.767386,27,2431078.691183,30,2265964.713414,44,2170675.031555,29,2162913.970756,45,2144122.655963,16,1915598.743683,26,1670447.859122,124,1583597.630388,17,1376423.193586,31,1345548.110411,125,1334672.575253,89,1332343.920786,23,1322684.549736,177,1318376.605847,25,1240220.647855,60,1140666.50808,46,1097673.153487,88,1085130.475684,51,1082485.203292,18,1078247.321067,24,1062108.865096,15,1018137.876741,21,970230.433481,75,956821.036855,54,922901.975587,272,916965.470429,52,893640.046102,50,888041.435065,149,886779.201072,100,884218.995183,22,chello
4071781.364742,43,3117934.519596,16,2645613.71933,15,2575227.969347,31,2497048.273614,37,2268530.166019,45,2174950.693307,88,2008851.479197,60,1998689.870592,17,1850804.795927,30,1733597.05326,35,1664453.948356,23,1249385.038176,36,1199716.1789,22,1180816.364507,39,1155791.142065,89,1116947.504824,29,1050531.951302,38,1004426.282708,90,979121.465783,32,968737.856509,64,940885.03756,44,915911.828892,20,904826.804971,21,874791.082432,18,871428.701265,33,808484.058201,103,759439.290569,42,758465.799731,40,720771.710322,59,700877.513202,12,692926.34507,14,chello
7891492.866755,27,2246486.908199,26,1995087.314418,53,1989662.309384,60,1691977.316017,17,1610292.47134,34,1555905.570397,18,1508379.59077,59,1406528.248791,28,1335676.088959,52,1261794.690372,29,1080366.042378,25,972492.44738,132,849190.553661,35,800986.977024,24,677765.243873,23,662774.313391,54,634872.34718,100,624972.811424,19,574106.311828,88,553360.438339,21,542222.545963,31,529390.101652,22,520423.469775,106,504548.978142,30,490744.217177,75,477601.758773,125,453349.379343,55,450869.124164,105,437638.78369,124,419930.386195,158,417732.575713,20,chello
3571307.25565,106,3517796.13328,215,3346746.980837,108,2598324.507316,213,2566283.121729,105,2287697.097149,102,2198308.186014,104,2143155.247303,101,2062090.575571,212,1951264.452724,107,1799868.088839,113,1658415.182341,214,1472372.454891,223,1266566.065211,226,1202182.185746,111,1058097.616695,210,973605.024648,100,919170.747248,216,911658.743114,217,856944.819852,112,735283.260302,114,672402.477328,224,668987.526595,400,666347.69055,109,643891.256624,119,632565.678425,399,622567.493933,205,595290.42305,103,582776.767912,110,580057.090841,408,571491.25661,202,549776.480804,203,violin
4746215.402228,59,4245787.079736,16,3621212.324732,15,3362005.496249,60,2285746.154804,20,2104450.956636,40,1563954.449622,39,1489769.615584,30,1127334.637171,89,1123230.959868,74,1035017.221434,21,1013088.814666,35,994069.00377,18,905211.860116,45,884437.705371,104,882799.51243,22,854344.016376,19,820029.493019,79,805302.4108,31,788471.694707,191,785650.027032,27,784264.432953,90,774603.281667,34,774359.642277,14,748335.639672,37,741598.396084,75,738268.286413,207,696247.443922,103,682200.001437,206,639511.893676,78,596442.927983,28,590218.794992,24,chello
6343266.296228,17,3468553.345681,16,3044345.919387,19,2605642.261046,18,1998466.556232,40,1640345.440701,22,1610412.701965,15,1407118.022417,21,1231947.734273,39,1215344.712497,14,1122890.006751,23,1118270.276006,13,988721.478301,11,885495.817505,20,884990.18066,33,864173.846776,83,858826.246228,59,838388.770064,12,829906.867821,41,818830.651248,37,815183.965768,36,790656.028967,42,733101.994262,27,688879.374555,82,607252.726132,43,582605.894709,38,561161.928834,44,480727.560259,60,471700.450416,100,469954.540622,84,447624.539556,28,430714.496192,26,chello
7140331.384338,16,4378727.73398,15,2378853.147287,45,1982104.650675,30,1716330.646424,74,1550344.31166,89,1537743.296462,14,1385229.118235,19,1109311.506395,17,1018883.531218,104,1015904.880001,88,1011588.579654,18,964927.40577,13,910589.137901,191,847116.466085,20,785446.916161,24,732510.021092,23,694075.716176,12,632126.603455,59,573558.557356,192,561178.959403,31,530175.556668,29,529725.713955,44,471842.153479,11,459693.859159,25,454356.836245,162,448329.705483,103,441465.407899,39,439916.421848,22,430860.245854,26,407547.745715,60,406983.76527,133,chello
4764014.744547,164,3410775.480786,158,2654163.578364,157,2138766.509948,166,2083973.004298,160,1931385.134944,163,1854138.567929,161,1845644.305492,167,1663136.635676,143,1489989.510586,156,1448061.910825,155,1413344.815507,144,1187923.492554,168,1139398.496311,312,1103379.777986,133,1103026.341707,321,1036074.259259,169,1032158.539495,159,975223.287488,162,972805.992363,311,954932.271522,314,932092.453771,305,875478.317553,332,872859.041084,313,865670.854113,152,824876.727173,322,812099.033824,317,793117.887759,333,775992.312381,151,754530.386762,154,747491.827061,331,738365.00647,315,violin
6155542.793498,202,4127139.714499,102,2434131.422044,302,1964476.587218,106,1956732.886383,101,1851533.775981,403,1685951.338758,211,1424750.304886,503,1373751.545968,212,1348823.624386,100,1346600.046321,303,1258875.940827,95,1138838.189827,504,1120967.375906,96,1117842.514224,107,976110.176915,199,956900.613816,201,886682.970911,200,865935.143958,210,860877.392692,203,728480.965566,103,707717.451017,104,681590.797741,99,660677.909004,402,624686.023877,198,607780.809521,213,591559.022559,97,583506.522913,604,581877.005042,94,578303.147201,98,571628.049804,300,537761.744852,316,violin
6441574.085124,57,4091933.801758,51,3007036.268249,53,1889899.019318,113,1733443.47602,52,1726172.333754,227,1480354.633004,54,1320057.814038,112,1260146.886946,56,1134830.544136,49,1101186.929705,170,1100188.140813,60,1038292.724884,59,955039.398256,200,931314.544035,58,906984.369453,111,894225.039383,114,884605.899474,48,842254.883266,101,741860.667006,47,734401.224756,100,722782.197615,115,679515.234793,396,656751.279976,228,623224.705504,95,621805.905336,201,620021.78425,55,586787.1022,50,556523.240877,226,530528.124652,103,528700.705639,224,493669.195172,110,violin
4526439.828194,36,3453367.537319,112,3354552.153659,106,3036335.991222,71,2469847.619256,176,2294179.254691,68,2260038.676315,211,2167250.453151,67,1976987.846092,45,1682182.563463,37,1596449.726162,246,1206776.353519,23,1091460.465716,386,1083262.983416,141,1060945.844121,111,972680.869547,72,930589.183606,351,917077.424706,46,719589.922619,223,651153.52152,66,635820.910288,177,620312.519363,247,611194.213292,175,587463.765864,113,579161.139246,245,575146.699773,316,530587.110988,110,514370.407394,65,510478.137744,44,486072.013029,179,483632.946449,104,476801.309277,35,violin
3471976.458922,30,3360187.342555,40,2994449.726725,88,2944310.063059,11,2312757.219359,21,2184315.027314,89,2033717.711567,20,1894601.22483,59,1722809.727345,23,1696655.554295,60,1547158.04755,31,1441308.588218,19,1408046.880671,138,1215872.410123,69,1154473.450511,185,1128775.192446,99,1117604.436572,44,1066920.814993,137,1064300.125101,87,967492.470825,206,945469.12141,58,904712.032619,12,879775.717144,186,870724.844257,118,855906.39258,79,821132.078551,22,792734.606261,32,747676.432046,66,736165.626366,157,709662.319438,91,680871.611306,67,667812.849958,29,chello
4518970.010326,64,4310232.706967,65,3168688.284786,60,2857671.729965,128,2793022.022137,61,2401831.774307,62,2068751.09776,59,1665484.723058,63,1650497.070589,121,1570810.798584,127,1515638.16739,122,1187070.491649,129,1182363.844503,191,997315.909627,66,993844.581598,182,956760.125981,124,882615.758116,58,806842.153939,192,771656.686828,67,692816.733989,181,655138.524143,300,645233.245997,183,643182.617604,68,605873.308074,188,605754.572228,57,593459.974532,126,589305.352466,189,564960.114915,56,486505.775317,251,474048.774826,55,464746.924745,123,447343.65106,302,violin
4563534.635607,225,3881777.000151,72,3155034.750295,151,2758469.151518,150,2583156.387782,213,2444971.993658,226,2177134.437773,75,2150336.636763,214,2005066.822606,76,1372324.005989,63,1277005.044285,375,1228878.470766,64,982105.807866,215,981096.446548,374,960878.535372,223,807021.006412,188,762784.21162,71,747350.68927,73,733653.200322,61,724868.156695,60,694603.277712,143,692674.05336,148,679366.21436,224,676943.481682,449,669963.401279,128,642688.044731,301,634998.468603,450,621344.418567,285,620422.842786,142,612584.431872,300,610749.369587,74,588638.630403,77,violin
5060326.074383,152,3981831.868442,171,3586346.810935,153,3364828.308964,304,2680316.114874,455,2400943.369581,303,2056439.752018,170,1177553.852989,910,1080032.178984,302,1016336.891015,929,941354.799267,154,890603.447688,340,880533.02452,758,835834.1341,911,810435.096243,456,807666.970632,454,791109.148941,305,680239.517377,457,675075.572218,928,655328.272645,151,646228.714277,607,615053.826703,150,556588.461914,301,554617.543303,169,552184.51368,172,542881.918948,341,503744.281981,339,502710.052676,606,481005.432708,342,470578.879187,155,461575.888898,149,456808.99911,306,violin
4922150.369053,26,4034141.699737,124,3084034.762469,125,2745550.86397,25,2409190.306468,30,2181765.541042,75,2148587.203815,27,1660094.450115,50,1612549.714972,45,1559701.209627,28,1458894.740471,24,1245773.807169,223,1197129.415246,17,1087904.928923,23,1066903.551751,149,1013937.821482,273,1008613.641388,100,969564.531447,174,870318.691898,29,865639.737781,126,840754.269618,31,747414.407702,16,650958.183021,74,631336.271133,123,556977.129489,89,552577.045103,272,547722.542346,51,544048.245096,199,506161.919648,198,504224.727225,67,500161.655295,15,485877.040216,298,chello
4099503.258039,170,3805913.166897,88,3525977.202044,86,3383381.379681,85,3093259.702434,89,2252522.341662,87,1917605.021782,254,1764807.424162,169,1760786.843371,255,1445244.350685,90,1152649.579578,92,1129359.540426,93,1087791.044753,84,1053191.281731,91,987930.497889,256,855491.488321,94,813649.286844,83,798642.801723,174,775863.262322,338,746792.880874,96,730389.28555,253,691737.470013,190,686155.78412,339,680387.199262,173,623120.961287,264,621008.015498,178,617808.460677,185,585597.349245,95,575436.066442,168,555547.740349,97,525119.844531,171,497257.011469,252,violin
3636186.400239,101,3512692.90209,111,3045064.005516,100,3002616.362664,201,2826443.591827,108,2473579.642749,113,2445046.853372,200,2045941.125574,107,1892027.970954,202,1387672.436263,399,1237842.510529,401,1201859.640039,199,1137962.92021,110,1134752.392972,300,1129674.887565,204,1018724.402456,211,978832.354352,299,965251.653438,398,953959.470885,198,948083.163927,400,864475.877389,203,862584.074645,215,843493.530693,99,839278.575858,114,784421.984056,106,781085.036894,223,716480.816916,213,654729.310223,105,651866.572965,109,645072.621875,224,594153.465082,397,583957.824071,112,violin
6201074.084532,16,4644793.641037,30,2269450.159273,15,2072665.653533,37,2038898.008802,60,1538999.277116,17,1518995.338741,89,1453278.726162,43,1395259.750373,45,1313267.263288,59,1160945.335909,36,1160064.867205,29,1094290.972468,74,1089219.532246,22,995909.426274,33,975608.050613,14,917217.60107,18,895704.558693,64,809822.182939,31,766919.640642,19,734216.124866,23,675847.987805,13,656928.072329,104,640387.775681,35,616144.671252,34,571237.183541,61,565751.341144,206,538249.41516,20,528048.639063,32,525282.251993,58,518201.829552,28,502220.171323,103,chello
5233800.140647,60,5004967.604155,16,3228618.66897,59,3071708.846508,15,1574798.652773,38,1510136.889418,61,1429479.549129,39,1366124.428702,14,1232601.742505,17,1202083.466591,74,1191865.927707,40,1169171.682538,58,1104754.333094,37,1103862.469357,30,996605.487124,104,858588.551743,62,835504.754088,57,794069.49209,13,745872.352101,45,690288.902058,24,673057.352638,18,669906.76233,27,653989.061375,75,637125.208084,20,636386.637543,79,618643.976032,26,618186.617576,56,603459.770896,63,596572.028501,12,569344.563632,89,543042.197129,34,499372.515768,25,chello
5407741.427641,18,5042813.658008,19,3269181.186982,20,2791710.040851,17,2494849.586749,16,1948729.505071,15,1624438.748742,38,1317674.273004,39,1310798.711421,37,1022082.988796,30,1009795.597189,33,971533.482071,34,964992.500037,21,880907.246354,40,831563.829943,41,814195.04262,52,731739.848588,14,646747.60973,60,620753.184491,59,613124.127749,36,571301.670895,53,543991.054319,42,541116.945085,35,537674.198545,13,469665.89885,87,464324.344407,58,454851.049113,31,431835.75086,45,408733.149577,74,392337.960446,70,391124.57076,44,383180.632047,26,chello
6274129.292893,18,5395900.375254,17,2822815.841824,19,2247582.092032,16,2163023.832312,20,1327810.717838,15,1293293.797862,34,1156855.419728,22,1139317.861787,83,1052842.03071,21,1026932.281355,40,958429.739635,14,910634.40314,33,845353.057206,23,785442.179422,13,773096.493004,11,684319.475325,12,528750.675205,26,501752.260242,38,488260.000254,35,475558.657185,25,466961.511463,39,449316.345471,29,374151.876781,67,372893.432529,24,372736.316644,84,362595.785984,99,355387.603557,82,341499.351322,28,326548.707253,41,316195.512564,86,316190.064624,44,chello
4592586.970207,30,3146297.775274,23,3027122.931028,40,2705246.094615,21,2605928.719615,89,2603167.631574,60,2165060.220883,20,2042072.527432,31,1704063.667449,59,1606592.691767,157,1373436.323738,11,1250168.986116,138,1242426.786908,69,1237652.05185,118,1185662.112726,45,1053885.955916,88,958374.365512,61,914712.952013,29,874383.378433,32,824710.607036,19,778041.385702,67,746158.132556,18,734873.728133,33,730626.022551,66,704147.186497,39,676659.704917,206,669723.63337,22,657265.144293,91,623301.949527,98,613212.144362,35,602514.432443,109,577019.676921,24,chello
5953135.694954,27,5062235.443628,28,1848760.464911,26,1798686.654399,22,1678938.669714,35,1493021.193314,12,1433860.055778,18,1356063.198042,11,1355237.302876,88,1213391.24915,21,1180722.135937,29,1011166.527025,25,881707.143901,20,852234.058591,17,811853.44677,42,784445.73147,54,779234.032666,45,756546.236135,16,751102.675411,30,744812.07502,125,720602.718437,13,715247.416735,50,695132.181187,34,645376.372937,100,642553.888123,51,622346.074273,58,614006.896983,15,583910.724505,23,581422.421006,43,575909.570655,38,568450.29444,64,558432.235696,24,chello
6008735.286751,16,3986096.167388,15,3954989.702026,30,2026723.062997,60,1653822.232329,17,1621273.306757,89,1488612.191382,45,1283426.07708,14,1260585.938069,31,1188814.684144,88,1167216.252222,29,1102640.19485,162,976099.334874,104,931642.33385,18,878166.215666,19,877742.360098,28,873331.825148,13,849931.181571,23,843204.257203,103,824248.93862,90,765273.035589,20,759474.912068,59,745453.359149,24,678137.627645,74,655798.466186,177,623680.907287,27,578604.136218,44,563828.450719,26,554629.374559,32,554622.116535,207,506207.813772,58,504022.341762,25,chello
6601374.800853,101,2951423.586199,302,2910890.944354,201,2066947.78741,106,2020389.074335,102,1646039.871104,103,1501638.954159,107,1452737.221364,222,1352308.73054,221,1279847.84633,177,1264673.671031,95,1145428.48791,303,1088634.319537,104,997762.422428,402,962019.236782,203,844265.107528,178,834120.475033,211,819709.394272,108,783950.952802,204,753006.853573,199,750229.883366,99,735985.075423,223,687330.206452,100,670736.774522,265,666725.473265,202,652560.534488,105,620508.248704,220,607624.213793,98,562034.840552,176,560905.215319,301,529301.120617,132,527923.81853,97,violin
6379119.443873,16,3968461.335574,17,3961604.314111,30,3195629.842577,45,2624801.414553,15,1373443.813689,31,1367751.507795,74,1066945.772934,20,1052232.030461,14,1015625.540043,89,769170.130494,60,696538.786721,23,645696.167403,32,645488.574658,18,554639.809441,13,520471.777091,44,497263.768298,40,492836.68253,11,477826.615535,59,477023.955692,46,473696.520333,104,465823.506909,21,446130.37551,39,426316.755296,12,420077.687887,33,418122.812134,19,417164.160708,34,412108.046976,103,406289.254802,192,404962.882497,29,369604.44729,75,368687.835535,47,chello
6985578.780568,64,3771343.780097,128,3624528.860262,65,2303498.607886,127,1837048.694124,191,1744608.740837,63,1459705.463775,66,1401294.210563,254,1133873.532293,255,1048737.439871,62,833715.185549,61,799899.481502,67,778628.878919,129,764273.109202,126,656979.671307,60,580336.346693,59,550861.483464,58,533182.922716,318,506516.029665,68,506315.392191,130,494027.560055,125,486142.828794,121,483014.362644,317,460273.305591,124,456714.538604,181,451655.523402,69,415831.042946,762,398646.675359,761,386246.426304,122,382950.679946,70,373331.144147,190,362634.002967,182,violin
5632988.246826,76,2724674.952025,187,2518746.886907,224,2275546.763818,96,2191228.880697,94,2116563.556315,186,2099557.848724,188,1609752.415559,93,1583433.396854,185,1577745.472464,191,1473942.137056,95,1327089.950738,73,1220061.793514,225,1093695.674663,77,1092446.230169,72,1042221.021484,189,957616.906324,74,930901.717738,143,887184.775022,223,879087.74676,214,874111.103739,126,725944.47928,97,715821.441366,151,701249.187317,81,700226.144411,61,695230.040123,78,689078.563412,286,681461.078206,28,659091.317137,226,636493.114398,375,632715.086509,192,618029.34999,299,violin
7208514.678786,170,4169082.997205,171,2743869.835437,168,2020774.084781,337,1897984.706622,164,1316831.982368,166,1278016.012303,339,1125615.731186,340,1010044.093888,159,927079.062474,335,923347.128036,167,853982.667518,157,784268.532361,173,761241.138443,161,759427.001095,172,747083.176174,160,707161.463068,162,693770.853477,153,674770.385484,163,623436.762782,329,614451.219857,169,607379.508572,174,556097.952213,302,555165.94913,338,549401.036661,158,523170.138858,133,515010.847211,143,509563.175412,144,484551.231979,175,427384.558202,334,405585.062137,327,404670.309992,151,violin
4917127.316163,193,3467140.029517,97,2278333.431518,201,2237727.039326,385,2171474.500366,194,1883648.238003,96,1652933.555431,114,1372078.508752,289,1365019.871926,110,1317099.875927,288,1311047.55857,113,1257586.954154,111,1220866.204124,199,1208434.212846,102,1204571.537004,100,1159165.359889,192,1150098.814325,386,1144511.002111,101,1133914.769209,202,1116199.027991,108,1110780.016672,300,1079584.026791,214,963030.656249,109,945879.145125,98,941799.921683,95,919806.033995,200,909059.750413,384,880319.258219,400,872597.127889,191,868206.768189,299,846005.14676,287,844938.917742,290,violin
3829794.151356,153,3442914.772642,152,3038281.65887,181,2796323.785929,171,2495810.040674,303,2364699.305983,182,2359704.657767,304,2356607.326591,362,1893033.443762,360,1887102.226177,363,1647400.221497,180,1548598.016341,183,1288040.621141,154,1284645.671666,358,1227613.688792,455,1097401.616303,543,1062115.713876,170,1041534.612245,542,841505.314165,79,798577.838588,305,791629.394667,177,719500.200974,172,684160.159448,174,668779.476517,150,662171.657074,151,597314.068968,42,594588.497199,184,556904.442304,302,535636.663363,544,525752.62549,149,521491.1277,176,516200.678383,364,violin
4331164.669328,26,3416789.581235,45,2994713.547728,16,2723120.314644,30,2484530.882822,124,2229514.023491,50,2132518.324209,25,2053595.047605,31,2024089.06906,100,2022683.234313,17,1588566.966367,67,1573842.975963,28,1544856.023965,75,1521786.151939,125,1455140.920373,24,1429111.660345,59,1088868.042326,15,935280.168701,51,832043.18437,60,755159.853933,123,719561.437878,126,702689.022469,46,595603.471388,19,542974.464842,223,523727.87464,80,519859.027425,73,502293.02022,23,489047.515208,54,488892.621849,44,484611.088529,27,482417.79155,76,481313.229693,53,chello
6813099.659281,85,3858932.75742,170,2975099.927098,86,2767491.194849,254,2031106.380418,84,1879980.333619,87,1484636.387689,169,1004743.097257,91,1003709.919398,339,979386.966845,171,978857.999821,83,835288.747896,88,815172.037549,82,806901.021263,338,803346.540079,92,722485.325735,168,633731.639295,81,621790.010114,255,614026.166987,172,607003.342354,337,553030.704059,89,531188.892713,175,511118.842865,94,505131.165429,80,466360.031382,167,461380.17836,78,442399.807695,423,432314.391491,90,431051.053764,174,420736.165947,177,409363.797127,79,401941.709973,173,violin
5270196.56362,16,3496695.77742,60,3354837.568564,20,1933089.886202,59,1898577.271445,40,1853087.355167,31,1837524.37834,21,1828828.569526,13,1609288.989891,30,1492326.893717,38,1394623.126363,22,1328428.258825,17,1290156.692947,23,1282323.12647,19,1251435.781898,36,1142064.591536,58,1134711.678288,37,1040729.074933,74,976588.664937,90,925171.985782,61,923141.950436,39,845362.532932,12,808822.088217,34,778354.34143,14,773717.453807,29,764515.172173,79,756469.227597,15,721787.418887,57,717732.45094,104,692934.631495,75,623685.282395,35,616338.624125,44,chello
8984159.599619,51,2115757.949732,57,1644175.191987,200,1478501.014393,52,1470479.673417,58,1356769.748647,201,1169278.777042,151,868216.700327,101,781568.207979,59,720606.63328,54,692925.378171,50,636647.325882,113,632362.696008,53,605207.857166,202,604947.632171,49,586996.042533,226,553424.212608,111,475345.598734,60,428712.989048,228,415879.727293,48,409659.498127,55,395256.167622,199,383181.771011,150,377899.505396,227,368825.564532,112,342566.08644,170,313615.796128,152,313097.935106,350,303457.413434,250,298573.597188,115,285563.153718,203,274612.008711,47,violin
5872385.116553,17,4946729.447932,19,4448886.123465,18,2503229.164007,21,1615939.243453,16,1223435.707163,88,1209828.478472,15,1071355.519282,22,1050510.092233,36,935717.948609,27,868631.595318,23,820136.882528,14,713492.515607,28,647734.325251,34,633553.373797,26,614297.002959,11,604101.705789,53,596306.231966,24,586647.984042,35,582717.151649,89,573109.242311,12,570949.854913,54,565161.80042,13,562508.124,25,543499.404478,30,526172.24688,71,513051.351846,33,505529.367244,52,487538.398621,29,475021.048041,159,452652.692777,20,425774.577437,41,chello
4189908.225065,40,3272300.025969,60,2984658.08122,16,2946050.397095,19,2847278.962052,20,2807524.352402,17,2498052.209168,18,2491933.669322,21,1986676.171107,15,1682121.665921,34,1554747.659717,30,1080306.164408,39,1070944.963656,35,1031885.593046,79,1002662.133648,59,925351.721757,22,884688.448399,41,832931.513911,61,817019.315425,158,811135.240232,38,773839.77297,14,727258.254599,26,716337.143749,36,703404.662289,33,676608.918528,32,667232.865585,177,651237.601766,197,647500.289177,216,631677.589925,157,614226.415444,27,608212.332803,42,555014.483743,45,chello
5288062.872853,30,4320306.269104,40,2500375.797604,20,2234049.437421,89,1920787.685807,59,1798195.64668,31,1454048.779912,88,1387852.128963,39,1336488.536987,19,1196893.039502,49,1182705.16693,43,1133846.100673,50,1028436.888894,29,977050.69065,37,948051.509127,90,930797.027712,21,916079.086246,22,903145.720429,91,889224.125737,18,864219.738736,78,852845.558884,137,852223.413322,17,827879.152382,74,808284.634641,23,791116.629126,28,761645.68496,45,757382.197395,26,753028.228742,24,741069.584047,42,726925.16441,67,718648.246199,79,717521.892116,47,chello
6052308.560326,16,3133428.718041,15,2571387.918458,30,2400748.641459,40,2283938.535408,27,2167986.993944,39,1861541.9441,26,1688559.281292,45,1510777.421455,19,1422621.489778,91,1265616.769094,13,1176039.608031,17,1151568.174576,38,1058374.340293,25,1043220.513712,46,986229.167911,41,924005.479065,28,908708.318682,20,894622.960094,29,854621.735717,31,832809.494374,18,821807.844952,74,811444.768511,34,797955.237866,22,765376.170682,44,763531.488676,12,748912.578594,37,653197.211521,92,652410.537706,75,631692.06324,24,600290.806208,21,597665.724767,32,chello
6021667.711706,27,3639397.949472,12,2717632.36656,35,1926529.709496,28,1765939.944072,45,1699465.623584,39,1676030.395191,34,1590754.043617,13,1534856.625536,11,1516075.015114,38,1042850.665263,90,1038532.343358,89,975017.581807,78,943093.985325,22,917093.636289,40,883960.47645,54,873439.638411,87,843278.068427,68,837500.901219,31,803008.251998,46,788041.479791,59,776692.979875,44,759944.076244,25,718268.238418,42,713869.774478,123,699463.400239,36,682195.91985,32,652949.695038,24,638683.812157,61,634917.219967,21,625105.03016,29,610180.333391,18,chello
4010624.671081,42,3875815.609743,101,2953830.548638,102,2929994.255354,43,2821376.450049,202,2535179.52246,63,2132382.894785,83,1765464.957181,41,1597145.156974,100,1518378.688797,302,1340668.597695,107,1279009.791928,201,1278406.318468,84,1210193.526021,103,1123656.687098,96,1058053.081389,44,937360.893127,64,927514.158933,62,875713.482103,203,804838.853768,81,784359.637968,106,730283.615089,85,621000.265096,88,618721.326048,40,594327.332589,403,561545.100282,99,550042.22138,108,548509.875525,58,547608.956679,65,544291.36833,45,537094.00074,95,527807.291741,61,violin
4532420.744884,64,4107356.475942,65,4047102.149221,254,2681342.716102,86,2653266.186516,128,2611495.094673,255,2244089.031097,85,1697578.124772,87,1399168.912636,63,1331020.819306,66,1281538.269791,61,1244710.045007,129,1154600.069258,84,1073131.098708,127,970890.886658,62,961062.211218,60,924477.333467,67,703597.504184,68,689999.073206,256,527031.225416,192,519111.46455,191,515764.892536,69,471160.142372,126,468037.682987,130,458514.416277,70,448518.099458,318,423356.558341,81,420036.068079,58,411644.594307,252,405662.410228,193,400669.80945,71,397832.191121,82,violin
3741041.08181,188,3522381.77918,95,3106277.312754,96,3028909.90966,76,2996326.503967,94,2175666.118018,186,1795882.465984,187,1790905.457233,97,1647947.23261,225,1608773.304388,72,1231939.381631,189,1174636.296626,98,1153852.543205,73,1130753.250341,191,1076399.841307,74,1019495.420231,288,944581.346436,226,943172.674528,93,908954.267356,92,891543.716876,99,847742.298678,91,831382.572515,280,828428.01371,75,825569.35953,77,821031.357026,61,810606.808486,383,726240.693764,64,720415.649383,213,684783.008284,285,674315.106403,192,673237.636469,374,629332.584174,100,violin
4874432.676517,16,4264203.096925,30,3469390.569381,29,2921333.597341,45,2893208.713088,59,2520597.03037,15,2105422.367977,60,1878527.786338,104,1729386.079865,31,1357357.208548,89,1140219.651847,23,984782.339418,14,982149.472792,28,919684.764023,58,854679.814411,103,778734.354754,17,764817.448538,61,688746.819464,18,610158.427679,40,583810.687167,162,574168.247457,13,565376.294222,56,549864.461732,88,494571.153411,163,445874.758738,11,441861.143701,105,437852.790203,44,431720.829615,177,430355.68748,33,421653.71436,133,416972.777021,102,397728.7986,62,chello
4655004.970783,96,2932883.816514,95,2820396.953755,94,2532598.019277,97,2096315.391787,93,1960648.657217,200,1530485.027709,101,1529400.155692,191,1526404.707213,194,1415870.610884,382,1358705.282906,92,1342307.385754,286,1228902.426693,201,1164914.547423,190,1158317.307179,287,1043333.683418,91,1010830.364257,98,998468.048766,111,910375.244286,477,900756.858067,113,885474.860262,193,878341.217406,289,873163.675251,360,859453.815626,359,820938.87665,288,815565.844345,270,783060.550317,271,768553.14859,192,763146.674001,100,753051.039498,361,746844.34933,478,716232.536209,269,violin
5866836.199696,170,4060654.273776,171,3220601.36898,182,2539304.866905,339,2433844.490312,181,2136508.006763,168,2089435.57656,169,1418693.850918,172,1370392.724773,173,1272403.905859,183,1213297.85983,174,893770.476685,362,887424.917844,176,879008.396987,167,833460.922458,340,830588.71663,337,773972.675406,184,728928.734658,163,689036.754351,162,686153.535267,363,666427.286172,166,592409.030033,185,585258.05556,364,515949.414376,144,506897.197902,338,490370.145097,179,472015.83226,180,432005.077242,333,394914.494916,361,390545.974537,159,379796.082951,178,371721.845716,28,violin
7089601.034367,85,3307647.691566,84,3152573.366556,170,2544544.699563,86,2346743.604224,83,1631710.743335,87,1624813.59915,88,1584945.457211,168,1177602.029325,254,1161620.973594,81,1002300.416582,171,901718.052344,337,864504.640867,255,738750.337401,89,583182.539149,339,573320.488214,169,561534.119127,338,515878.626247,164,503504.844011,423,501980.360479,166,477685.655527,78,474967.695492,93,466142.016985,90,454122.530451,252,445980.920345,79,442595.7657,253,410111.503378,91,367406.034881,92,367341.993316,250,366239.047422,421,355282.877774,97,351569.912853,172,violin
7074574.111221,181,3584398.119053,182,2730567.72161,362,2284249.595688,152,1891588.432781,180,1851307.172146,361,1810237.650068,360,1248254.435203,153,1072755.928964,170,952584.119803,183,952096.867968,363,924488.019738,543,864602.222613,359,821048.068826,172,801603.567632,542,745828.45323,364,719839.580291,540,716026.679162,541,651033.239306,151,647168.176259,179,612683.108157,184,611883.574424,544,591407.406626,304,581293.331818,358,463137.094902,939,411374.508268,724,406276.802501,154,389991.435922,539,384270.77883,150,375279.91423,721,366884.381991,538,356955.339946,177,violin
3686390.969136,30,3442073.161506,26,2704639.417005,45,2466226.706211,16,2378015.208757,20,1943989.556591,25,1925389.718046,15,1863729.758967,19,1826155.573444,39,1598454.654348,40,1559873.690218,50,1469331.001491,31,1456657.563401,60,1449066.594099,21,1170567.928487,124,1165845.606053,59,1139583.223844,28,1070171.336648,35,1056133.878066,54,1018839.141662,100,979301.466688,67,951508.094227,34,937765.383731,89,895820.373441,24,835967.376429,38,804318.146645,11,783591.633674,36,775794.792453,37,769294.728457,41,742082.452841,33,732946.302114,82,694197.681239,23,chello
7508606.492915,51,4145755.569085,52,2635407.485584,64,2326892.252704,50,1358457.280161,65,1174341.885152,101,971720.872628,57,965941.984742,200,919465.099408,49,918278.908282,56,917450.512634,53,915866.553517,63,910404.046705,151,761478.397106,62,677419.042284,127,652582.282038,227,612890.011225,128,607453.15235,190,588348.862377,54,585125.495994,191,529749.650354,201,525494.901847,114,504752.003591,55,457018.262965,202,454552.139835,188,453105.867508,199,446181.077237,28,439352.659469,192,424658.104893,47,421311.75634,66,419866.973431,350,395550.583986,29,violin
6166125.958802,38,4550983.050183,39,2674424.912587,13,1761100.302749,40,1652035.311015,17,1632603.908412,37,1622414.952793,15,1617140.56116,14,1506119.531089,21,1376928.775474,35,1123239.654455,50,1071897.496335,51,1054618.853941,45,1048113.163374,23,1018985.135283,16,965550.276547,34,956061.044661,19,937155.006622,31,934035.405464,20,912286.788243,12,810686.477402,88,810004.743509,87,716850.901752,18,711242.423954,26,614029.840394,22,509769.621857,77,493049.282783,36,479364.562653,90,467543.900089,32,457612.080223,49,451701.223429,63,412532.963496,79,chello
6276055.640549,16,3620154.648196,30,3067428.549719,19,2842061.13155,17,2050148.126002,15,1781365.296253,59,1684173.029021,21,1481106.337466,88,1467822.023084,34,1426208.076069,22,1142222.871231,31,1101271.384782,89,1003121.096573,45,888033.507204,44,804313.923854,20,769770.399341,74,749858.481849,60,701044.807022,23,693650.366333,46,675690.308847,29,649582.445272,191,636276.978278,27,599650.165766,33,597967.783711,103,582327.891757,39,559581.999675,38,555354.333137,37,543026.676256,206,539110.644024,26,527144.805551,13,508826.486126,52,491780.382953,41,chello
6189783.397134,17,4011175.981677,16,3063002.878603,18,2825516.361857,19,1785747.398967,89,1739619.799221,20,1728247.13041,88,1415763.062287,23,1224505.305917,30,1014118.99827,21,999403.456739,31,980284.794986,45,927358.951086,36,924612.916054,34,837286.017202,44,782099.259556,15,772651.656186,60,770114.2553,22,720536.980131,35,715798.157467,43,688228.527637,67,668538.001737,33,667177.44211,38,662111.425166,26,618449.522655,40,570681.429848,66,544059.442727,154,491024.163081,132,485043.486175,61,483651.294649,219,481120.638981,39,480932.879701,87,chello
6418886.618477,30,4172411.329854,40,2334940.703562,50,2128908.530452,20,2054645.119795,79,1715297.936938,11,1710028.709137,21,1237868.340936,99,1173721.021044,59,1131231.553824,74,1127935.93813,69,1060287.793436,29,880082.613523,41,806081.854732,24,790692.981693,88,771077.962079,123,748820.227627,60,705273.807401,39,685319.886365,148,675589.53205,38,667605.964646,12,609366.712676,118,601798.008896,157,590867.957141,49,589960.159554,27,581030.729114,215,568105.144285,98,564982.482724,70,551262.947191,32,543289.807167,31,537607.86492,33,499944.086631,17,chello
5009771.238759,27,4002530.954155,16,3129845.468201,41,2810523.021594,40,2519280.648998,28,2250308.365713,45,2091930.77779,14,1928042.999057,30,1669535.235283,15,1562166.873031,17,1459920.226684,26,1175895.294315,13,1054690.796855,89,1033030.292018,39,1024110.46888,54,923215.06464,42,908765.22072,43,894953.637708,93,889733.806755,38,865602.832861,29,810611.660104,44,731842.479557,52,727387.291782,53,712431.250667,55,700834.667043,25,674058.922314,31,598715.264087,21,559948.68199,20,557569.071273,24,528111.958516,67,473518.172894,51,467768.80986,158,chello
4034562.661024,31,3899710.290556,29,3419414.972161,30,3055058.358973,16,2471693.940026,45,1721621.508841,89,1584388.503947,59,1580915.079414,104,1468751.017804,27,1426279.925956,33,1341184.550597,28,1263379.078532,60,1181654.328111,61,1140308.957648,87,1135203.613126,57,1042682.013217,20,1000871.724642,90,896621.832849,35,874046.422848,32,864013.341371,19,829089.494663,103,828164.629273,17,820344.938836,38,775733.744479,15,765456.531197,148,756488.902344,36,709873.672392,39,698530.621379,74,697143.936517,58,687257.095168,85,680972.60114,46,658239.302775,88,chello
6019695.307351,43,3755446.617634,84,3090841.557189,42,2929730.489729,63,2382790.338454,64,1706294.318141,105,1562940.106903,44,1422200.964005,41,1217915.650234,83,1202459.261356,22,1141308.842302,102,1038096.238125,85,1018232.083692,202,949133.957907,40,918165.154765,65,887201.10414,209,843610.998729,45,839138.043388,62,763780.140174,212,745654.92327,126,670776.441684,101,633826.660211,86,618404.355512,66,616153.782071,46,570500.825626,39,570026.547568,167,554440.113627,96,554311.307712,88,509825.913143,104,505021.794033,38,466289.6665,67,466246.058856,61,violin
6890418.935549,84,3208391.760305,85,2847501.30475,64,2457073.709443,86,1784936.771095,87,1686821.839178,254,1562945.20736,65,1505575.541756,250,1477059.20102,61,1442592.515494,255,1220642.559208,88,1116688.110785,191,1106758.780505,251,1050519.594224,252,918842.008428,83,916738.145583,89,823031.997805,128,821399.664298,127,801231.985408,82,640350.488607,66,613536.562979,81,589048.990983,80,580686.182967,90,530900.623233,67,510201.749206,249,485682.939511,78,463639.087043,79,453790.650108,91,433467.779198,170,421856.709179,60,415362.271708,63,413261.005146,248,violin
3558215.931786,194,3227968.245177,192,2828053.184833,187,2593624.573058,182,2539131.845632,181,2444194.642935,185,2310540.105753,193,2200815.296478,184,2184932.652092,188,2076239.24001,186,1868513.938455,386,1840186.467277,189,1650202.054883,191,1499020.902675,183,1309051.985827,170,1137910.939936,195,1125063.515197,387,1009328.677813,167,896942.679324,362,834711.928866,363,825882.373944,180,712995.995689,166,664792.188676,338,651116.472061,108,620634.505652,190,606975.948989,172,600314.190946,163,598746.662864,340,590841.606514,171,584050.89424,385,559940.276101,384,554975.834956,339,violin
5075009.933128,38,3485172.530013,27,3188203.826216,34,2308283.976928,53,2264173.305929,13,2007816.530411,28,1728093.044353,39,1689398.295287,24,1601439.399971,25,1533730.539575,17,1533689.503136,23,1518024.661487,12,1314803.7569,35,1283714.531526,11,1033586.129802,87,963787.833562,19,888881.584628,18,841764.435912,59,831270.132876,14,776983.664117,16,770299.156242,36,765688.818943,60,756374.859927,32,721124.840669,42,716045.078945,40,715289.772852,124,703928.140791,46,674811.178722,45,670348.086379,30,656477.979529,33,646996.101622,62,612531.414202,20,chello
5231483.117591,358,3869694.195272,96,3442626.389356,269,2026246.109049,91,1900992.52046,359,1884228.522399,94,1878903.154494,92,1549872.511672,90,1288967.839694,180,1054439.372569,93,1032932.188114,97,1020324.095023,192,1004124.504969,179,882304.428124,268,796984.062206,267,789843.897899,183,768924.037526,187,754878.133828,112,748155.918939,100,744375.688699,200,735153.804318,85,702285.693396,86,701670.522518,172,699447.536422,174,694082.176906,173,677781.813538,360,674069.92337,95,673015.658096,448,660533.654805,171,659239.799502,186,656913.179773,87,655323.08538,84,violin
7890586.022495,85,2889979.172186,170,2864024.12373,169,2265339.632781,87,2107121.132554,86,1294618.295766,83,1133735.633675,84,1037796.302012,253,912966.391907,88,912511.926811,171,909583.625039,168,858406.746452,422,818587.08831,252,663948.118643,92,651981.034381,82,599127.323448,172,568630.738845,256,546463.485085,81,517571.130217,91,482314.194686,95,474685.250032,339,453216.4601,79,403241.45141,254,389994.977714,89,387658.562103,90,384167.704053,251,374956.957525,423,363843.399128,338,361683.826792,173,354236.099906,94,344351.653586,255,342124.912911,167,violin
5894163.198282,94,4181951.34869,96,2974971.308867,187,2592201.302552,186,1737772.815182,93,1691587.132372,95,1593245.725731,225,1544974.653818,189,1435576.915993,185,1318557.518904,76,1303555.435015,75,1266809.779852,92,1207921.826123,191,1161737.899928,184,1129584.976676,192,1084234.623617,188,871857.537059,190,737929.404994,384,734754.378847,375,718821.290187,377,651156.648366,382,632655.172238,285,616438.779309,286,615428.136838,282,590872.246146,72,588771.15728,224,572584.771317,287,565912.509939,284,555104.725003,288,537534.117843,278,531404.071247,194,529841.748044,214,violin
5094745.94122,30,4120843.743441,11,2743286.059256,27,2647742.703288,40,2557034.467752,21,1563161.025328,20,1531286.997607,24,1453844.192405,59,1264903.98029,26,1195642.225532,88,1050491.864734,22,966601.594739,89,939808.214046,12,936046.230751,23,897815.570372,100,775207.725623,16,757865.32498,19,727679.81033,60,707788.999158,29,687906.526438,50,684938.314126,108,682243.354102,25,681600.09088,18,675664.427248,15,674589.888942,35,628623.663194,79,615886.28237,31,615129.755511,176,595696.068025,69,587532.941221,137,579986.095209,125,566725.811558,99,chello
3108000.315084,19,2969212.437975,30,2885092.771627,18,2422248.648129,88,2298588.542713,17,2129424.176591,40,2064904.014383,34,1964547.6481,23,1860092.090394,20,1553721.832566,47,1553661.387808,38,1535528.307588,15,1491027.797959,46,1429574.668681,39,1338482.35081,36,1307662.745371,44,1281008.42192,95,1249920.558278,16,1229001.116254,87,1223779.355998,94,1197974.789252,89,1130266.590265,67,1087788.876876,50,1069337.680283,91,1056719.763901,33,1047158.644259,21,995896.953644,24,976716.095671,25,973387.869607,45,894313.95963,31,883339.879514,48,762076.747614,66,chello
6533761.337578,64,3081333.039175,51,2875968.728793,65,2338780.628798,50,2062611.575537,191,1748474.024533,128,1720919.20035,254,1647391.534898,127,1620010.58616,53,1434874.683837,63,1260637.891376,57,1217763.006124,200,1162890.960254,54,1030933.012494,201,980230.685736,55,891374.352189,66,883600.491465,253,874797.327146,114,823268.670274,100,777438.645162,56,774825.156166,101,752020.808032,62,711136.746299,67,607302.556722,49,601608.550244,102,563283.498359,202,563274.811061,190,563263.080146,29,541540.289803,60,522317.378451,113,500129.880474,52,498130.614055,48,violin
6081456.213827,21,3355917.125231,20,2945461.05417,16,2324355.62012,13,2193496.851824,38,1875734.778238,19,1873253.587506,17,1850969.417129,51,1642559.343394,37,1564503.673357,22,1427502.837957,23,1331805.86452,18,1207970.083145,12,1133948.739281,14,1087076.203763,33,1015437.761738,74,951709.059192,26,887957.620974,15,877277.788196,45,849486.02392,11,832899.287237,59,740714.962907,25,738492.348191,50,730936.879495,28,676470.972594,24,592805.537482,41,570097.517055,39,554436.093706,63,513315.657384,40,506447.716553,30,449025.220649,75,422410.525823,34,chello
4095760.456559,30,4012070.567852,40,3575864.420114,45,2814695.733476,14,2590526.378264,16,2121593.100554,31,1801272.709737,59,1767847.321728,41,1672391.820903,29,1602297.059631,18,1552534.756146,60,1488470.75744,27,1340544.479558,54,1296175.19486,17,1115714.637016,89,1091492.470866,44,1009965.04609,13,994775.763995,28,992253.618259,20,932777.397575,23,921265.102822,192,885812.264293,148,879510.465491,39,781875.335631,55,780672.364904,53,776084.573385,19,727634.082793,162,672604.468732,90,666098.717178,42,618207.268905,26,595248.529219,32,554529.507885,57,chello
6669790.611562,181,4191699.91966,361,2421154.837891,152,2152087.119093,360,1815889.891551,182,1739563.361735,541,1419151.979577,153,1173877.855217,359,1159667.323505,183,1021543.004074,362,955444.919362,304,933478.70997,303,871683.806903,170,861375.724455,171,832366.276745,721,830106.60219,540,787389.814373,939,727865.739515,176,710749.408238,180,553271.232299,357,531877.582891,455,525251.943222,179,501165.590862,52,495163.047315,358,493092.011292,365,489601.073762,151,485124.055163,720,478316.850433,184,475018.843149,539,471757.696145,718,451407.398089,363,435160.24218,185,violin
6316252.468286,30,2687662.112322,40,2515812.248676,31,2342781.408455,20,2284507.3928,21,1808144.547482,99,1764465.442616,11,1739468.123912,89,1697880.96047,69,1568051.200972,50,1509159.586899,88,1355051.990214,23,927049.531438,137,925199.773515,41,919089.496818,22,875026.692757,59,846543.105238,17,799748.338413,49,765161.002479,33,764374.51124,138,763077.93824,12,754589.692489,70,726398.87164,32,701231.275568,90,689295.926508,36,649791.237915,108,638900.139073,39,633130.961801,157,592033.672695,38,574316.96181,118,572620.145547,13,560449.295912,34,chello
7167413.771552,18,4091929.38065,16,2386392.445527,30,1960937.124054,17,1574101.918107,15,1543507.920427,45,1421040.910988,19,1334026.578523,36,1330974.743478,60,1290535.575804,20,971271.190675,33,953901.560789,40,894248.202123,59,817766.972981,83,807871.734533,14,804148.68442,27,799025.818878,88,700873.39957,29,610231.333936,32,553732.961455,61,543681.525012,103,524096.402204,23,511104.482998,84,503995.825668,90,497903.723707,74,491805.789892,37,451075.813907,75,443575.697007,68,441281.45133,67,438969.372553,52,437371.115931,104,416444.240474,13,chello
5983270.658273,43,3303125.035893,64,3033146.277784,84,2684423.582576,63,2432077.624112,42,2205105.879299,85,1898911.761517,105,1528419.984261,209,1325315.108747,147,1216891.504324,22,1196076.719908,210,1128687.13123,126,1069261.369028,83,1017284.366958,44,1005713.057896,41,995824.42145,334,950548.432819,251,869729.882365,62,856611.734785,86,746696.680205,40,720654.116411,168,700031.991648,106,657114.937309,65,643064.78486,45,569573.138814,230,567434.656839,355,564912.850002,189,558610.625891,82,542731.849753,87,533723.799961,46,526855.119451,39,514493.697656,272,violin
3010146.152282,59,2804513.304342,120,2727533.619865,57,2614440.050758,130,2514483.369001,61,2498463.224738,58,2238004.372656,239,2125746.222642,65,1888290.509206,114,1876953.448507,358,1746426.926707,109,1666959.081179,55,1441252.586929,359,1415978.650154,228,1255359.663994,240,1234371.932116,60,1222780.207286,171,1204176.504037,54,1150009.040211,64,1088466.128578,131,1059225.073353,172,1054813.217034,129,922110.209508,122,919220.112058,121,805644.164007,56,794895.674631,217,792099.780221,110,789444.24479,124,782169.601589,254,765983.187581,63,727522.77302,118,712529.158172,174,violin
5889722.924596,84,4539006.108111,86,4134495.225971,85,3145016.981732,83,2124807.963936,87,1462059.329415,82,1258430.909734,250,1152014.791433,88,1066628.632863,256,1045946.768887,249,847350.168582,81,653851.167424,89,640196.579372,251,637843.869858,255,609986.760227,80,597754.916591,172,560712.459499,65,543571.629503,64,541230.439756,90,527781.757373,79,507390.96367,167,452704.336442,248,442946.64258,166,435127.665801,253,430377.873742,252,418914.197247,127,415930.975369,78,379422.539641,336,378376.411036,77,362098.072869,91,361115.593806,92,352474.661716,76,violin
4272868.677261,40,3029468.172545,59,2832496.028102,16,2734273.478265,89,2643447.690221,30,2516679.697855,15,1647799.08294,11,1512288.2808,45,1507940.977684,29,1504165.944281,157,1446054.353256,60,1239384.880387,156,1157436.872507,88,1153218.793644,17,1025671.494291,20,1006705.960079,128,1005191.080629,158,964402.982577,69,932200.334602,87,913746.480874,98,894751.014974,176,891192.016258,38,890318.883404,84,852466.395089,166,821597.24074,33,782401.483687,79,779974.252533,78,744649.599466,234,734203.819596,37,699806.859889,108,693835.072115,57,681208.175237,23,chello
8442678.383874,85,3524279.780081,169,2833887.700882,254,1762890.772028,86,1643067.178674,253,887243.955845,84,866766.783461,170,864818.084534,338,727717.608931,87,635517.006266,168,538503.171456,82,500449.297829,88,440245.443799,337,432107.984384,421,405159.828405,252,370408.766246,80,355037.835491,83,330149.694185,173,312621.090833,255,304189.83481,256,289444.036262,422,264865.692596,339,236927.300515,171,223124.610461,89,219095.37825,94,204480.779233,167,199101.120693,172,195935.952132,81,195727.321145,90,190198.320076,174,189962.741212,93,181178.71049,336,violin
7439557.545067,27,3075800.868976,40,2759012.488334,14,2163704.234417,53,1783723.845807,28,1727859.925058,12,1447441.743379,92,1222898.413811,39,982117.672941,33,920992.283373,18,863738.054781,79,738727.189037,20,735436.968545,26,708866.718876,45,694069.870498,30,686562.876744,19,674098.015114,22,650835.729005,11,645413.115096,34,633589.106648,15,630129.808867,78,615745.001808,36,592377.991474,38,592175.84415,66,579114.485081,17,572073.408595,32,532230.841861,29,526959.548452,157,525847.379257,80,506143.274221,67,490147.67861,16,468280.384703,52,chello
4676260.65686,12,4134541.217157,11,3359321.708513,30,2152327.693275,16,2135676.698422,20,1790660.861367,40,1500132.009767,24,1321804.290544,27,1247669.539876,50,1144906.251069,23,1091268.024224,19,1084911.47722,77,1058512.889359,45,938630.004534,88,728171.362384,17,720179.317744,38,719823.44586,124,686517.636386,31,664509.232786,18,657459.549459,34,651888.987267,22,584653.456298,89,576636.871157,32,565675.667473,176,564901.542912,75,564039.083887,15,561211.156094,60,551024.980042,25,537667.114044,33,531820.706173,44,502312.233077,35,498990.091409,78,chello
6248855.500052,96,3148665.906907,94,2839317.920727,189,2453540.99738,95,2291793.39235,97,2094788.768114,188,1744725.233682,191,1534034.929151,283,1254541.942942,98,1175612.003097,192,1067358.976729,284,1044359.378605,92,998674.918015,76,993599.431107,383,944295.376463,93,932257.178282,289,847162.806457,99,833199.372464,91,806746.748636,187,787367.093255,376,786651.351295,282,776682.111877,286,699646.678415,190,697570.251818,193,680083.982029,186,677427.398179,225,649340.225539,287,621548.395111,285,619770.367382,100,612499.845539,288,582810.826233,224,519728.014232,290,violin
5115258.649213,20,4386640.875184,21,3330866.40791,16,2386655.670857,40,2128700.270929,39,2043343.781341,19,1666038.955694,74,1657838.599141,51,1653663.567858,22,1611831.164766,37,1559762.440317,38,1495882.209253,17,1274842.073926,26,1252117.809101,18,1131469.45446,33,1108987.056315,13,1038652.757041,24,948614.035635,60,840976.650051,75,728988.869307,23,707905.745606,25,682482.947924,35,682142.448751,15,626076.375387,32,619603.594401,41,579457.953001,30,560763.773967,14,555979.315114,36,532089.663344,45,517074.392106,27,506421.557767,61,478593.182363,28,chello
7110564.361379,85,3423522.452152,84,2292236.666697,91,1981079.08077,86,1704481.067678,90,1690685.184367,170,1523348.9862,83,1507494.297588,168,1261403.68183,92,1251944.021782,167,1079149.001813,169,1077238.497509,269,940399.080577,94,859860.461315,88,859181.357975,93,823576.916557,166,812987.05294,97,762158.181981,96,752438.373504,253,738877.207646,171,708113.258072,82,690566.968245,268,678895.08271,251,643678.75547,165,642098.871556,255,605868.270292,87,579665.517544,423,562361.420721,508,521446.0995,81,520514.434888,358,514544.295216,254,490114.168581,507,violin
5003671.906235,64,3665173.850484,52,2959589.840968,51,2681995.260977,53,2395024.681102,151,2192306.976475,65,2088538.955114,76,2044947.538389,254,1510812.529748,63,1479630.943007,56,1471412.795751,150,1437443.574303,57,1177643.224965,66,1166188.063364,75,1146241.068596,200,1088187.00738,58,995246.811012,49,895495.158512,255,889045.245986,127,873456.373835,253,872152.206648,50,824336.504353,55,765337.773549,149,753372.975044,62,697171.093816,60,659785.901247,191,625747.368808,128,585953.806812,67,580511.338805,252,573434.337371,68,535601.362739,73,531969.293914,70,violin
4678400.905161,43,3581064.172481,84,2710771.792142,42,2632710.73766,64,2625085.296277,63,2406959.011186,67,1861562.99428,85,1521968.213825,209,1418382.474902,105,1351274.464999,44,1339940.697872,147,1306521.138514,34,1305994.466158,126,1231204.940138,166,1198060.130368,83,1187866.866426,22,1052540.95699,210,985529.047803,100,967954.266397,33,945249.863879,65,838653.738276,66,811697.007791,86,790483.567836,101,777074.446716,198,768544.630361,331,759611.855753,364,727583.426784,106,706694.703431,41,689954.349727,62,673200.052519,363,671403.923595,61,628501.325731,330,violin
4743879.54976,38,4662447.511885,39,2987018.327171,30,2738624.877889,13,2307202.142086,14,2255079.306898,28,2113624.439152,40,2064783.962143,37,1638584.276596,15,1195241.093944,89,1118605.981918,114,1111425.425169,31,1087132.153875,29,1003626.00997,27,998840.189488,36,998223.9986,16,935810.922507,17,887285.48467,44,870034.704204,35,811352.406628,88,676951.865096,60,642021.756787,26,621450.349994,34,610902.253615,63,602729.517389,59,587368.410135,32,583532.109602,77,570593.396845,113,564963.007606,20,556231.712118,18,525548.809508,33,522425.181619,64,chello
6900304.432736,18,5641569.452846,17,3319099.248989,16,1404282.121255,19,1143725.821876,30,855540.009959,34,846306.157312,20,755932.527253,83,704008.831737,41,673089.451887,40,615413.477218,21,611047.761841,52,603487.355461,84,577669.520348,15,526646.609327,42,523176.145783,31,519300.976734,11,503019.892439,29,478687.052505,100,471997.264507,12,445152.275688,22,440389.591958,33,431226.775649,101,428975.369367,39,413356.351995,51,406250.394281,150,378973.004391,166,364425.19711,43,358166.694262,67,342307.264266,28,313822.451009,26,312522.779623,50,chello
4453502.695348,23,3940585.322227,60,3467732.117953,30,2450713.400389,59,2095324.408499,67,1910007.913509,37,1870501.708975,89,1865966.042653,74,1803253.469884,38,1663468.486867,133,1569229.961975,111,1422847.226418,16,1162324.560472,75,1147028.271705,28,1140146.826819,21,1138550.37792,31,1129561.092861,15,1127260.458538,40,1125042.898655,207,1100289.86984,45,1032038.628474,22,956916.076753,61,812300.004016,24,789182.164905,58,755408.135714,62,715528.333225,199,623996.670811,90,618511.442311,20,578747.328387,88,572390.488635,104,537402.208581,163,515440.711507,57,chello
5031320.208243,40,3727195.969145,89,3402704.537765,20,3290560.961262,21,2987392.754032,88,1937589.344851,30,1685599.256012,31,1465381.521736,19,1394232.565699,23,1098724.332774,87,1082425.925909,90,984936.944167,59,972276.855166,60,966371.228926,18,926772.554079,41,910761.605563,11,890015.135272,99,872316.772931,128,867814.110937,157,810261.934559,50,791652.365042,39,747086.329521,43,683508.289892,216,645564.143572,66,624423.422402,24,611722.715622,44,607985.174716,28,604033.860545,45,582319.321949,12,577481.767085,148,555669.593484,79,552665.009687,35,chello
6445545.96158,86,4963787.950724,87,3526339.779839,85,2270783.662284,84,1864093.972344,83,1474138.748655,254,1141465.690437,251,1132146.603729,82,1067545.718326,172,1019178.942915,252,954587.888287,255,870766.216474,249,774458.114286,81,651886.577614,256,618002.340202,173,616547.365041,80,582284.914442,128,533255.909293,167,514428.173788,335,499267.134418,89,482763.683327,257,457165.716549,79,434653.590066,171,409433.213629,90,380828.344201,248,380362.287252,77,380163.137487,78,379680.67452,91,354392.376538,61,350976.306124,65,347603.147979,343,343952.999503,334,violin
5544915.71694,11,3038849.53332,38,3031384.053271,13,2777935.087238,37,2177348.147665,12,2093551.243679,39,1977852.84442,35,1699863.914286,16,1254261.023515,46,1193601.685602,50,1042610.688094,45,955573.331497,20,934403.325395,14,916609.277581,33,897104.479336,40,827660.494271,15,826038.574664,51,794374.795703,28,778987.381493,21,774876.652091,58,769078.036629,60,763733.96374,62,689492.04374,87,688779.653983,91,687888.391467,31,671579.472282,18,665740.718035,74,661171.50915,47,633774.880794,29,617764.303238,24,601346.45027,90,591572.890838,88,chello
8190043.046394,181,3521468.034756,182,2374886.346785,362,1612706.172252,183,1301866.194603,152,1242726.069127,542,1165905.153281,180,1143790.180061,184,985448.639261,361,780036.48273,179,778267.298651,939,735995.813206,363,629166.469215,543,565332.962928,360,550624.528715,178,509331.036403,185,507820.086778,722,500017.308989,186,494434.915352,541,485264.853846,304,462861.141179,176,441013.296981,721,416924.744226,364,414971.751934,187,396268.459411,175,392972.938601,174,389873.066773,153,388436.542343,172,349165.044376,544,335300.736098,303,328387.048717,188,302621.203039,177,violin
6109602.097063,38,3126536.092746,30,3060430.366482,87,1857986.730493,124,1747476.288583,15,1742038.971197,31,1739006.88781,37,1600233.527002,16,1599206.579094,59,1549819.172881,60,1490019.458882,88,1276463.953592,29,1202940.773898,11,1195758.377944,45,1072287.780587,13,1060445.381191,14,952140.244213,12,924264.401841,23,907245.607596,62,907196.982994,17,817084.208699,33,800039.845635,32,762382.68126,63,755222.912746,125,715387.414735,89,685282.429602,40,657267.653438,27,633675.914269,99,584004.981517,98,569358.146902,84,540466.803067,90,525851.095322,41,chello
8490397.369051,79,1761648.680693,80,1722460.673988,84,1650192.487924,85,1394910.29366,86,1197241.845245,254,1193792.399347,157,1006015.165565,158,996983.567771,314,873422.44433,253,815079.648474,91,794968.56963,77,749305.736509,392,742684.068923,159,723737.017562,235,692762.542399,313,676745.051075,236,657179.740247,78,653242.262535,76,624887.324071,81,624042.575974,315,606244.265227,170,583894.528247,165,519951.259575,393,519909.497869,391,492237.728903,312,490581.945284,82,480229.081345,160,466776.621629,88,441075.017943,255,432985.891538,470,427659.475296,156,violin
5330380.279907,86,5085557.248718,85,4506706.147402,170,2623073.972473,84,1881189.903541,253,1845342.661704,254,1429734.561594,83,1428140.136516,87,1264674.788014,171,1065071.4203,255,1055041.140312,82,876147.841506,88,725938.123747,81,670323.855779,89,639043.43291,90,611256.608195,424,600719.455712,80,486798.063504,91,454625.83532,79,454137.163438,172,448484.565478,338,442575.043405,78,408266.52385,168,391212.234661,252,381327.644433,340,366561.579731,167,360674.862562,77,320423.935763,94,316262.460274,337,314102.100875,76,300467.219356,256,299773.583431,93,violin
6866532.922256,85,4895033.389857,86,3265836.498699,95,1620590.513764,87,1554787.472636,97,1255056.734451,96,1122731.718262,170,1038470.208948,90,980603.807529,84,979771.62913,89,978169.69299,169,906901.934908,83,878543.299885,91,806828.35533,189,793614.732182,93,717305.57544,254,669358.27434,92,650796.289034,188,623801.523105,94,599547.282781,82,559329.979876,187,538797.083344,186,498950.751519,422,484972.297731,184,477106.536814,423,416636.298787,88,398159.848452,253,375644.654783,81,364286.215311,98,307176.656088,383,300790.458276,191,299260.488809,192,violin
5936675.458364,84,4667075.028309,85,4178824.174374,86,2929667.151004,87,1833959.887983,251,1639815.290026,249,1635993.581913,252,1524553.450995,83,1303817.367888,250,1001925.063107,255,880195.49484,254,741800.567034,88,730762.261165,333,663888.692163,253,570898.575291,128,551244.518928,89,505900.09623,170,480539.581804,258,463033.584542,416,392603.48247,64,350820.399602,422,349326.251775,340,347621.956852,171,341965.244747,90,341054.194811,344,329774.71887,334,327813.444431,418,324748.745232,82,320058.06697,165,304040.511365,81,290307.282153,127,283145.063753,415,violin
5451062.93314,51,3851764.556423,150,3524508.830594,64,2772605.920506,151,2147408.108266,76,2012382.239548,75,1805141.520563,50,1588084.398829,225,1437925.339475,128,1236482.887101,127,1163919.14963,58,1080352.91496,226,981380.306005,57,962877.208196,65,932751.910629,191,924162.670277,149,907494.452629,152,901459.45709,52,805819.833088,224,776293.041038,300,698312.155694,524,667032.350311,148,629872.050077,190,600214.690524,74,596390.213068,374,593601.56338,77,592760.696471,53,580563.49462,56,574621.262314,153,546201.073985,54,521130.777508,299,517701.412975,599,violin
4365528.700292,120,3389052.224832,114,3223348.587442,119,2826909.004413,113,2589170.503993,112,2086230.258262,115,2074363.058076,238,1942520.266938,111,1840923.065499,239,1511064.666852,59,1487509.471403,358,1406150.265266,60,1382360.169592,226,1319171.173852,116,1287701.94454,56,1183267.38922,225,1165472.275825,110,1136128.764662,227,983635.720354,224,976682.916492,55,910807.026546,357,840222.886731,58,698178.201568,223,668307.324016,109,660030.559812,476,650485.382816,356,633804.565773,121,622334.65079,118,613249.875726,63,612187.508622,65,597642.105872,240,587193.289466,359,violin
5924365.166784,16,4423267.440621,30,3391187.851629,15,2950325.349772,31,1684171.152472,60,1675423.723202,13,1461032.342881,17,1320110.228458,89,1240491.873149,59,1154928.848331,18,1049894.397945,90,976212.114467,26,962215.386186,20,893508.868932,11,841520.387516,29,802524.576025,53,793218.860795,46,791894.199599,19,768794.869603,74,757013.005103,39,751275.230149,12,743477.568271,28,742558.178958,34,701080.615264,27,658996.170503,32,588666.753334,22,562289.969888,61,561530.006625,45,524604.388638,14,514077.941533,33,493150.242368,54,484226.216359,37,chello
5013505.182761,39,5002705.897835,38,3482243.04896,13,2220482.163857,26,1970056.131357,40,1930425.310953,14,1901570.819037,28,1579180.472281,30,1454255.187257,15,1407148.494409,37,1354846.077601,16,1284731.868387,88,1243723.619694,27,1074025.245559,29,1036981.881881,17,963926.958456,12,851503.793854,41,843903.235561,36,745459.475585,60,727370.965002,45,716094.077391,63,646862.232179,51,587541.740296,61,580428.874344,35,563861.097586,46,546052.886757,64,533548.290439,11,504938.538455,44,494023.518518,42,486821.378023,59,457822.299343,87,441565.667655,89,chello
4966553.371079,40,3998678.552726,21,3384335.434721,20,3271757.328985,30,2305573.44903,89,2073891.550428,23,1891340.931888,88,1772319.017614,22,1260362.319403,45,1117559.619645,31,1110032.560119,11,1107401.315467,19,1096887.886821,41,1073815.054468,60,960435.398129,157,824687.745177,50,783642.244905,29,772750.436426,216,767495.350761,59,744063.231306,128,725500.107852,67,721769.358724,12,693354.549589,66,670162.231645,14,651093.260118,39,583730.53409,18,568083.61703,99,561177.627457,87,521481.408877,110,518776.205157,108,514302.344208,17,513332.730143,69,chello
4327708.312809,27,3938798.556826,28,3603744.253076,40,3187545.455291,18,3105862.11345,17,2469948.301981,41,1921548.009707,14,1863191.024365,20,1479973.029072,16,1247838.40496,33,1140810.732697,22,1070668.949286,39,1057364.103923,21,1020426.623758,19,890676.137508,36,856595.517337,15,855574.132675,34,847899.491157,94,783127.269373,25,738237.575037,23,709789.996278,30,696678.188716,26,688680.789532,37,607687.396161,31,585054.747022,24,557059.126053,67,556648.977446,185,545079.423878,93,542710.943025,55,532332.171648,45,526990.624849,38,518044.514724,92,chello
4582458.00596,30,3889611.990388,16,3666711.051859,15,2908409.425194,59,2380969.757656,89,2241282.990515,88,2074315.04219,45,2064312.418506,11,1517708.004507,60,1443887.978457,39,1412457.729323,33,1250513.139162,28,959862.943703,90,954451.394397,29,910794.543928,31,875091.175764,17,753498.106896,13,738737.554098,35,734221.701219,91,696866.190321,74,687470.996116,36,677037.746343,26,662378.408008,40,642870.680226,61,640426.090695,19,631094.468086,20,608610.117831,98,599183.481424,24,559491.977684,38,550834.903175,191,524708.42619,162,515829.431431,43,chello
5316650.557864,20,4019752.236107,16,2393253.202156,39,2158024.662234,19,2098316.24416,11,2059658.788618,40,2027368.394357,29,1846134.87536,30,1766790.37659,21,1501559.223114,13,1489551.869879,17,1268775.964383,60,1256971.05361,23,1168335.005701,59,1056300.369316,50,1055374.585785,74,1049032.914151,45,943271.89729,15,935737.546537,26,928074.492042,12,853050.573583,28,819138.010422,89,781986.866376,18,752029.590606,27,743941.252729,43,731524.223906,38,662660.363968,61,638088.087205,37,625195.130659,31,604586.854271,47,573311.186231,62,561814.146945,76,chello
5257091.103933,180,5139041.146411,181,3851544.153451,182,3164179.471446,179,1913573.10457,178,1754066.384691,360,1628523.924521,358,1589046.454736,357,1575489.508115,361,880571.115991,183,865286.25869,538,861825.533254,356,837490.696206,536,810155.655158,152,721302.316741,541,678102.829541,535,612502.749733,713,540013.428842,362,507680.810186,542,461196.943944,363,412253.284829,153,409994.919375,714,373234.822493,177,358035.869442,539,354004.336826,534,352606.384934,175,351230.686239,359,337300.49936,719,333513.041874,544,332027.867839,940,331659.954502,540,314600.291595,355,violin
5362492.337795,23,3691845.922553,30,2890362.517614,45,2703043.203497,60,2626031.513882,37,2036933.966859,40,1994560.455503,38,1904244.067044,15,1754013.572926,59,1606558.368906,31,1352036.826024,16,1325773.460864,89,1278213.057844,24,1211361.030809,67,1093864.233855,22,1076727.790417,74,1021781.713502,21,866428.533845,61,772167.337313,39,723222.624894,29,689783.59374,46,644198.996829,17,621000.195244,41,603930.21433,91,599421.123944,14,596519.269828,35,570989.810307,58,557411.049556,133,506378.15922,57,502528.731142,13,493099.439703,33,477987.844378,44,chello
6476434.943821,84,3172263.348266,168,2948482.495831,167,2896707.322913,171,1996792.149114,86,1948872.54253,83,1790237.821772,253,1741832.979182,85,1636671.466059,255,1594956.320855,172,1348928.198139,169,1294104.174095,170,1236592.375644,254,902764.217167,166,854272.569332,252,780571.669004,173,751086.942487,335,741502.097054,87,695773.722907,256,659508.632584,337,579396.810508,250,568872.311966,82,534296.049687,251,524049.145145,336,510321.522373,416,477602.43555,417,434491.769856,81,423526.077911,80,397314.322406,427,392460.445465,174,384698.394848,418,371645.318071,340,violin
7635612.835661,79,2763449.2877,78,2612714.610331,224,2004194.430766,225,1913350.055757,76,1792862.201686,75,1484079.165471,80,1085802.696171,81,983532.505895,85,970262.605361,156,912046.535171,82,886471.375524,254,880439.107389,314,875380.507154,236,811725.668824,223,792033.125451,83,769850.928263,158,745494.016126,255,717220.325872,157,635856.464821,392,634525.123796,86,608995.603101,90,591142.20287,313,572335.27471,226,569962.119084,312,555263.569855,74,544479.751186,391,491229.231042,253,482616.10388,91,481192.980069,235,457830.787245,227,416598.908676,233,violin
